build_id,commit,pull_req,branch,status,duration,started_at,jobs,event_type
741243005,3d090ec0a7ba62982b467e0f17813ba3d6a04c68,,master,passed,824,2020-11-03 22:05:27 UTC,741243006,741243007,741243008,741243009,741243010,741243011,741243012,741243013,741243014,741243015,push
740143493,00731e531b197d3f023188e0334ef7b67b0d0295,,master,passed,818,2020-10-30 09:46:35 UTC,740143494,740143495,740143496,740143497,740143498,740143499,740143500,740143501,740143502,740143503,push
740019331,26e8b0134287b62cf8c68cc2f58a9a5765051d31,262,master,passed,829,2020-10-29 21:06:22 UTC,740019332,740019333,740019334,740019335,740019336,740019337,740019338,740019339,740019340,740019341,pull_request
739570319,b4ba5629eec30bc70f6f5c1bbd82cde9bbaed548,259,master,passed,771,2020-10-28 11:31:45 UTC,739570320,739570321,739570322,739570323,739570324,739570325,739570326,739570327,739570328,pull_request
739558587,c479d0741dfa9e28c9916983aa56815561ba8a87,259,master,passed,842,2020-10-28 10:15:23 UTC,739558588,739558589,739558590,739558591,739558592,739558593,739558594,739558595,739558596,pull_request
739555511,d58389b7ed1e1ac4a0b9bd12a8ca0658c4c1f9f6,259,master,canceled,0,,739555512,739555513,739555514,739555515,739555516,739555517,739555518,739555519,739555520,pull_request
738937476,d7ec5271937c247e16f85d11729d1a39f18f0fa2,259,master,failed,645,2020-10-26 11:21:06 UTC,738937477,738937478,738937479,738937480,738937481,738937482,738937483,738937484,738937485,pull_request
738913276,932f0b663322ff2bdaa4cde7d0fd700432262ba4,,master,failed,640,2020-10-26 09:43:15 UTC,738913277,738913278,738913279,738913280,738913281,738913282,738913283,738913284,738913285,push
738913189,b04716f23a22e1cde4e9679332f7828ed1eba3d7,,purepy-hist,failed,638,2020-10-26 09:19:36 UTC,738913190,738913191,738913192,738913193,738913194,738913195,738913196,738913197,738913198,push
738590887,a89628d3b6a1fa4e50a106932fe66dcd95c44038,259,master,failed,641,2020-10-24 17:56:38 UTC,738590888,738590889,738590890,738590891,738590892,738590893,738590894,738590895,738590896,pull_request
738588420,de85d0dd6120bcc734f77ed79ab00c53e79c2f0e,259,master,failed,645,2020-10-24 17:44:01 UTC,738588421,738588422,738588423,738588424,738588425,738588426,738588427,738588428,738588433,pull_request
738572516,279c6305228c0ef9099b9972d3e82c0f735605c5,259,master,failed,658,2020-10-24 16:12:57 UTC,738572517,738572518,738572519,738572520,738572521,738572522,738572523,738572524,738572525,pull_request
738561359,1ad22c99bd5f8a714a2a40c678947447ca461141,259,master,failed,647,2020-10-24 15:27:27 UTC,738561360,738561361,738561362,738561363,738561364,738561365,738561366,738561367,738561368,pull_request
738559102,d54c52708f6c1e59eff3a24463e5aaf3a51b5400,259,master,failed,755,2020-10-24 15:16:20 UTC,738559103,738559104,738559105,738559106,738559107,738559108,738559109,738559110,738559111,pull_request
738548470,222b758b27178e27942fa5f1a70162957e63b49e,259,master,failed,669,2020-10-24 14:13:34 UTC,738548471,738548472,738548473,738548474,738548475,738548476,738548477,738548478,738548479,pull_request
738546316,219c6c604f37eb30f23d4b8f03634b8c083d9c79,259,master,failed,667,2020-10-24 13:55:36 UTC,738546317,738546318,738546319,738546320,738546321,738546322,738546323,738546324,738546325,pull_request
738531908,40f9f69819e9cb454cd91f3dd32eb5d14e22cfb4,259,master,failed,639,2020-10-24 12:04:43 UTC,738531909,738531910,738531911,738531912,738531913,738531914,738531915,738531916,738531917,pull_request
738409006,e358148a9cf5f2778225f309efe48f479d0b4de3,259,master,failed,648,2020-10-23 20:31:38 UTC,738409007,738409008,738409009,738409010,738409011,738409012,738409013,738409014,738409015,pull_request
738398471,5d3a30af1d11b87a9d55b283fc4fa34459507e3f,259,master,canceled,0,,738398473,738398474,738398475,738398476,738398477,738398478,738398479,738398480,738398481,pull_request
737745998,611974587a3f24d95b68044fe7598c5640df5f1f,259,master,failed,651,2020-10-21 15:33:04 UTC,737745999,737746000,737746001,737746002,737746003,737746004,737746005,737746006,737746007,pull_request
737527061,fafdfb52276c031d0756f46701a9b0afa72cd5d7,259,master,failed,657,2020-10-20 20:17:04 UTC,737527062,737527063,737527064,737527065,737527066,737527067,737527068,737527069,737527070,pull_request
737524593,dfd87bf3148985ea897b44833d0519c579ea5de2,259,master,failed,650,2020-10-20 20:06:45 UTC,737524594,737524595,737524596,737524597,737524598,737524599,737524600,737524601,737524602,pull_request
737517947,c4d95de1d63c9844c9186a8cc4f4d46bc93adebc,259,master,failed,647,2020-10-20 19:43:51 UTC,737517948,737517949,737517950,737517951,737517952,737517953,737517954,737517955,737517956,pull_request
737460165,1ce1b4a66d9bf0018080267d1af68e7c2fa998f0,259,master,failed,675,2020-10-20 16:14:50 UTC,737460166,737460167,737460168,737460169,737460170,737460171,737460172,737460173,737460174,pull_request
737434660,5cab7f0a1fdf9db17781f9ed1f6fb1782edf4748,259,master,failed,824,2020-10-20 15:09:15 UTC,737434661,737434662,737434663,737434664,737434665,737434666,737434667,737434668,737434669,pull_request
737197096,7b65e9d3d85edc5c248cc5b59dcb2b84fcb38a46,,master,failed,646,2020-10-19 20:17:36 UTC,737197097,737197098,737197099,737197100,737197101,737197102,737197103,737197104,737197105,push
737196226,f38d779b23b8d10d942ffcf62fba30508d9c8dd2,,master,failed,609,2020-10-19 20:14:39 UTC,737196227,737196228,737196229,737196230,737196231,737196232,737196233,737196234,push
737195539,336f5bfe1b854226b22ff722d525b6813dc9ac15,,master,canceled,283,2020-10-19 20:11:57 UTC,737195540,737195541,737195542,737195543,737195544,737195545,737195546,737195547,push
737192936,4666ada51408ce3c51f70f903485fd1903c2561d,,master,failed,393,2020-10-19 20:01:48 UTC,737192937,737192938,737192939,737192940,737192941,737192942,737192943,737192944,push
737160661,40b665ffea36e9f77b38476b623a532e6de44727,259,master,failed,523,2020-10-19 18:05:37 UTC,737160666,737160667,737160668,737160669,737160670,737160671,737160672,737160673,pull_request
736469395,32cc0e76417137f28fc888d42f095fa1ef33b086,,master,failed,551,2020-10-16 19:10:07 UTC,736469396,736469397,736469398,736469399,736469400,736469401,736469402,736469403,push
736385319,3522ccc465e58a030c2e73669fb4b02ff57c1765,260,master,failed,518,2020-10-16 14:46:15 UTC,736385320,736385321,736385322,736385323,736385324,736385325,736385326,736385327,pull_request
736052145,d96a5a7b7e19e688daf261e4acb36a35c3cda90e,,master,failed,543,2020-10-15 14:13:57 UTC,736052146,736052147,736052148,736052149,736052150,736052151,736052152,736052155,push
735149376,d3f1d147b00c20f034972234281f38261953dd98,259,master,passed,639,2020-10-12 20:52:47 UTC,735149377,735149378,735149379,735149380,735149381,735149382,735149383,735149384,pull_request
734958547,fbfa17127291209c98c3fd0eeff374e6949516af,,master,passed,634,2020-10-12 09:58:39 UTC,734958548,734958549,734958550,734958551,734958552,734958553,734958554,734958555,push
733964051,c877e1645d257b43a5ce8d323bce8dd6543311fa,259,master,passed,632,2020-10-08 12:46:52 UTC,733964052,733964053,733964054,733964055,733964056,733964057,733964058,733964059,pull_request
732084320,708f1275ff14c85e9c54d897405a175aeb084454,256,master,passed,635,2020-10-01 21:43:08 UTC,732084321,732084322,732084323,732084324,732084325,732084326,732084327,732084328,pull_request
732084303,c39b118fd9987f8c2b58d0a217233a46c8cff5ce,,codeql,passed,640,2020-10-01 21:41:17 UTC,732084304,732084305,732084306,732084307,732084308,732084309,732084310,732084311,push
704553564,4eded2c4b186093a036e2a8b0f3eefdac420fa70,254,master,errored,546,2020-07-03 05:29:06 UTC,704553565,704553566,704553567,704553568,704553569,704553570,704553571,704553572,pull_request
700437737,0fa6ab47130db2bc4b1617e8c68030b2414b929b,,master,errored,519,2020-06-20 21:03:55 UTC,700437738,700437739,700437740,700437741,700437742,700437743,700437744,700437745,push
700347883,5133492dc4eef05fce3ed7a1cd5e2b4838825ae9,253,master,errored,532,2020-06-20 13:34:10 UTC,700347884,700347886,700347889,700347891,700347892,700347893,700347894,700347897,pull_request
700346782,8ebe72d11a81924d990cba70f479ca508bba2189,253,master,errored,508,2020-06-20 13:26:51 UTC,700346783,700346784,700346785,700346786,700346787,700346788,700346789,700346790,pull_request
700345959,4a756a38fc39dc8b9622f7c1a95c0553691729f5,253,master,errored,280,2020-06-20 13:21:12 UTC,700345960,700345961,700345962,700345963,700345964,700345965,700345966,700345967,pull_request
700345204,3d16e9ba4744fe7344b4d62cd45e2bdf0b595ff7,253,master,errored,485,2020-06-20 13:16:01 UTC,700345205,700345206,700345207,700345208,700345209,700345210,700345211,700345212,pull_request
700343447,58cf3540a8d2feee29e79cb6182af13eac689054,253,master,errored,486,2020-06-20 13:03:24 UTC,700343448,700343449,700343450,700343451,700343452,700343453,700343454,700343455,pull_request
668297703,5e951f28c698a75070889a50889720f18290dcc9,,master,errored,518,2020-03-29 08:26:41 UTC,668297704,668297705,668297706,668297707,668297708,668297709,668297710,668297711,push
668154573,e21cf6a3eb47ec0d4cb268896007092cd648a43f,,master,errored,532,2020-03-28 18:57:08 UTC,668154574,668154575,668154576,668154577,668154578,668154579,668154580,668154581,push
668154225,7d3cb18561198a7b76669c0d28a3e4eb482be0b1,,master,errored,489,2020-03-28 18:55:29 UTC,668154226,668154227,668154228,668154229,668154230,668154231,668154232,668154233,push
668154115,dcf7770f28fecd6941db3b76b229db821ecf6eb9,,master,canceled,9,2020-03-28 18:55:07 UTC,668154116,668154117,668154118,668154119,668154120,668154121,668154122,668154123,push
656684617,5b697de88824e2d20d1d99f39e287c6a894209a1,,1.5.2,errored,539,2020-02-29 15:42:49 UTC,656684618,656684619,656684620,656684621,656684622,656684623,656684624,656684625,push
656684571,5b697de88824e2d20d1d99f39e287c6a894209a1,,master,errored,542,2020-02-29 15:41:11 UTC,656684572,656684573,656684574,656684575,656684576,656684577,656684578,656684579,push
656192810,9f49b443683507e15c8c10ee79fb8ef8a65735c4,,master,errored,528,2020-02-28 10:24:27 UTC,656192811,656192812,656192813,656192814,656192815,656192816,656192817,656192818,push
656167244,969382a2a0e65f38668216d0d51e06099111238f,247,master,errored,533,2020-02-28 09:07:52 UTC,656167246,656167248,656167250,656167251,656167254,656167256,656167260,656167265,pull_request
655964903,d056af7c7d84dd887f9bcbb81be5077609ef2f7f,247,master,errored,563,2020-02-27 20:51:00 UTC,655964904,655964905,655964906,655964907,655964908,655964909,655964910,655964911,pull_request
617725074,0754245d2c271040a0d58adeb6f39d82e1b10f68,,1.5.1,passed,715,2019-11-27 13:37:15 UTC,617725075,617725076,617725077,617725078,617725079,617725080,617725081,617725082,push
617725012,0754245d2c271040a0d58adeb6f39d82e1b10f68,,master,passed,686,2019-11-27 13:34:38 UTC,617725013,617725014,617725015,617725016,617725017,617725018,617725019,617725020,push
617724619,d446860075327399aa676a08b78613aaadd87104,,master,errored,416,2019-11-27 13:32:48 UTC,617724620,617724621,617724622,617724623,617724624,617724625,617724626,617724627,push
617723163,d9c317b1a7b62a4ac1dc2dddbba17dc911df6afd,,master,passed,676,2019-11-27 13:29:28 UTC,617723164,617723165,617723166,617723167,617723168,617723169,617723170,617723171,push
617722559,1f7b5b72c4d3275cb7e090114f5b98bae9e6e2f7,,master,passed,668,2019-11-27 13:27:37 UTC,617722560,617722561,617722562,617722563,617722564,617722565,617722566,617722567,push
617722403,5d2e568ac6dabb76f2d959ebac3f90bb3f105729,,master,canceled,0,,617722404,617722405,617722406,617722407,617722408,617722409,617722410,617722411,push
617658701,5f63c043d8892a98a1f1dd2b5cf9492c1745d1d6,,master,passed,681,2019-11-27 10:38:06 UTC,617658702,617658703,617658704,617658705,617658706,617658707,617658708,617658709,push
617658681,5f63c043d8892a98a1f1dd2b5cf9492c1745d1d6,,1.5.1,passed,706,2019-11-27 10:36:19 UTC,617658682,617658683,617658684,617658685,617658686,617658687,617658688,617658689,push
617649149,4d08c429f0cc9ea8b972e9b0badf12ec9e4958c8,,1.5.1,passed,690,2019-11-27 10:11:44 UTC,617649153,617649155,617649156,617649160,617649164,617649165,617649166,617649168,push
617639694,1d5a63fcdf70e680c2af1343c9760a8ef087592c,,1.5.1,errored,779,2019-11-27 09:56:01 UTC,617639696,617639697,617639699,617639701,617639703,617639704,617639705,617639708,push
617635432,3bd9034cfd5d4b1482407997f3599c227e36b1ac,,1.5.1,passed,698,2019-11-27 09:35:09 UTC,617635433,617635434,617635435,617635436,617635437,617635438,617635439,617635441,push
617621897,9d68f9502689e6ee0d25a7ffd621f42d3d0b4b73,,1.5.1,passed,698,2019-11-27 08:58:14 UTC,617621898,617621899,617621900,617621901,617621902,617621903,617621904,617621905,push
617334182,fa0bda88a95594e5061cf5d1071e66a920e40802,,1.5.1,passed,705,2019-11-26 17:50:50 UTC,617334183,617334184,617334186,617334187,617334189,617334190,617334191,617334192,push
617288985,5bbbd0edc5313cbb4f8d5052baf3fabb47bf14ae,,master,passed,681,2019-11-26 16:10:20 UTC,617288986,617288987,617288988,617288989,617288990,617288991,617288992,617288993,push
617288940,5bbbd0edc5313cbb4f8d5052baf3fabb47bf14ae,,1.5.1,passed,690,2019-11-26 16:08:33 UTC,617288941,617288942,617288943,617288944,617288945,617288946,617288947,617288948,push
617262542,9b5537bbc53bb3edc6e214c68c123a7f7fd5319c,,1.5.1,errored,691,2019-11-26 16:04:31 UTC,617262544,617262545,617262546,617262547,617262548,617262549,617262550,617262559,push
617262344,9b5537bbc53bb3edc6e214c68c123a7f7fd5319c,,master,passed,681,2019-11-26 15:17:09 UTC,617262345,617262346,617262347,617262348,617262349,617262350,617262351,617262354,push
617249318,df2fd6699a7947474e70071430a5ca1f28dfe16c,,test-1,errored,537,2019-11-26 14:51:55 UTC,617249320,617249321,617249323,617249325,617249335,push
617248913,df2fd6699a7947474e70071430a5ca1f28dfe16c,,master,canceled,1,2019-11-26 14:51:05 UTC,617248914,617248915,617248916,617248917,617248918,push
617248703,f474fcf5fbf94f69599a9d37825438bebfad97f0,,master,canceled,15,2019-11-26 14:50:38 UTC,617248705,617248706,617248707,617248708,617248709,push
617247717,6c2c0843c5dbdf7aeb3be51f11fbc97388fce0ac,,master,passed,420,2019-11-26 14:48:58 UTC,617247718,617247719,617247720,617247721,617247722,push
617181280,aecaaac9546ee9256c5e0024aaedf8d7e47c064b,,master,passed,403,2019-11-26 12:26:36 UTC,617181281,617181282,617181283,617181284,617181285,push
617165880,5f2eaee9f94a0af48f6d827eda3eb32132afc7ff,246,master,passed,418,2019-11-26 11:47:33 UTC,617165881,617165882,617165883,617165884,617165885,pull_request
617159872,6988f829a25b96de93c2b2bf1101d9d7a55b7573,246,master,passed,425,2019-11-26 11:33:59 UTC,617159873,617159874,617159875,617159877,617159878,pull_request
616899629,c7ca8eca515338bced89cd1f1e158772af267b20,246,master,passed,422,2019-11-25 21:37:34 UTC,616899630,616899631,616899632,616899633,616899634,pull_request
616899462,16991b9427475c8b996943c6b2541f322613f7ff,246,master,passed,406,2019-11-25 21:36:02 UTC,616899463,616899464,616899465,616899466,616899467,pull_request
616898409,158424fa5320c40cc47f8cfa534a9d0e7b73b144,246,master,passed,401,2019-11-25 21:34:10 UTC,616898410,616898411,616898412,616898413,616898414,pull_request
606692357,a05b8c06298f053a55e1e148bc1b67fd61415427,,master,passed,462,2019-11-03 09:57:00 UTC,606692358,606692359,606692360,606692361,606692362,push
606692265,837a6d7505d3fa1f937f874a0cdcbc6dc07d9cd1,,1.5.0,passed,448,2019-11-03 09:55:17 UTC,606692266,606692267,606692268,606692269,606692270,push
555085137,0a8f8bb2c68b1893c5dd0ccf67204ee4776d4132,,master,passed,364,2019-07-06 18:23:53 UTC,555085138,555085139,555085140,555085141,555085142,push
554994701,62592d119680703291b2eff95ae18e809760ee47,,master,passed,370,2019-07-06 11:16:00 UTC,554994702,554994703,554994704,554994705,554994706,push
554734320,49695f6268c688b79365cc88638656d5c6efc54b,240,master,passed,367,2019-07-05 15:04:25 UTC,554734321,554734322,554734323,554734324,554734325,pull_request
554300263,08616048a6c5a6ecbb4c99939258c18a45aef02b,,master,passed,359,2019-07-04 15:11:47 UTC,554300264,554300265,554300266,554300267,554300268,push
554181295,c361ba58ab8dfc0e740c8ff532eb7cf7d90448f8,,master,passed,357,2019-07-04 10:21:11 UTC,554181296,554181297,554181298,554181299,554181300,push
545547502,d78ff908625c54a31cd4535dbdd2eeb37fb4825d,240,master,passed,359,2019-06-14 02:47:51 UTC,545547503,545547504,545547505,545547506,545547507,pull_request
545039894,542cf7ed3d4823901e85172ef7583cfe3583fd43,,master,passed,361,2019-06-13 03:06:21 UTC,545039895,545039896,545039897,545039898,545039899,push
544984457,4510098d815e294e75b56c8ea42fdda3990b8472,241,master,passed,368,2019-06-12 23:00:52 UTC,544984458,544984459,544984460,544984461,544984462,pull_request
544965177,a2596c4f9a3c820c9b799108867cdcd2860a51ad,240,master,failed,305,2019-06-12 21:59:17 UTC,544965178,544965179,544965180,544965181,544965182,pull_request
534213882,62d08c3de14e8992b8a6fca4f572a1354fdc2dbf,,master,failed,346,2019-05-18 16:18:50 UTC,534213883,534213884,534213885,534213886,534213887,push
531384459,5ab4bbdea7ab648e05137ea4f6b101cc0afd1046,239,master,failed,398,2019-05-12 11:22:26 UTC,531384460,531384461,531384462,531384463,531384464,pull_request
531368890,ec7af4eba8cdf7bb0f576b981a0798f724d5e616,239,master,failed,352,2019-05-12 10:05:01 UTC,531368891,531368892,531368893,531368894,531368895,pull_request
529290013,3255c15953ad7643e5bb827928ac30a877dc6d13,,master,failed,383,2019-05-07 13:10:23 UTC,529290014,529290015,529290016,529290017,529290018,push
529289557,454bd591b08983a7fa705863c73b12414976918e,,master,failed,309,2019-05-07 13:08:52 UTC,529289558,529289559,529289560,529289561,529289562,push
529289498,454bd591b08983a7fa705863c73b12414976918e,,1.4.0,failed,329,2019-05-07 13:08:05 UTC,529289499,529289500,529289501,529289502,529289503,push
521689525,0657a07c16866ce32f961d6ba8a0bf910c8df17f,,master,failed,416,2019-04-18 12:14:52 UTC,521689526,521689527,521689528,521689529,521689530,push
516980019,5b0ca477b783665247663a9ec3d7515cc7dd9e00,,master,failed,358,2019-04-07 21:32:52 UTC,516980020,516980021,516980022,516980023,516980024,push
516917971,74398724e5af42c2d900ceb4348d561b1b67a0e3,,master,failed,341,2019-04-07 17:28:30 UTC,516917972,516917973,516917974,516917975,516917976,push
516917796,24eced53a8411b0e4d0121997197a57fc2cf19fb,234,master,passed,241,2019-04-07 17:26:46 UTC,516917797,516917798,516917799,pull_request
516917790,00b9cba4636ebb4afcd4c975d99979c8c938ed88,,fix-233,passed,246,2019-04-07 17:26:31 UTC,516917791,516917792,516917793,push
516917688,39a30419f1a0d96e74f852688d7fff898b0d2fc0,234,master,passed,252,2019-04-07 17:24:47 UTC,516917689,516917690,516917691,pull_request
516917684,3b39b80746b24362a08d4778805116484ca28f2e,,fix-233,failed,233,2019-04-07 17:24:45 UTC,516917685,516917686,516917687,push
516910645,4d09a004fe508128178e63578cdb654df3b84552,234,master,failed,266,2019-04-07 16:55:48 UTC,516910646,516910647,516910648,pull_request
516910585,b1463c625bd9e8bd914d34ecb545a8ee61d13433,,fix-233,failed,244,2019-04-07 16:55:43 UTC,516910588,516910589,516910590,push
453409579,a17be3986bd9a05a4e2bea88198752eff57344fd,,master,passed,278,2018-11-10 22:50:45 UTC,453409580,453409581,453409582,push
453339892,447711a144d57976d83341d57dcce137d404e03a,229,master,passed,321,2018-11-10 18:12:57 UTC,453339893,453339894,453339895,pull_request
453284453,7be0e7fb6a5733ea44453b9053a5afe3663601ad,229,master,passed,238,2018-11-10 14:49:45 UTC,453284456,453284459,453284461,pull_request
453280197,71e6cc962a96e47934c834fd741d378859bc41c7,229,master,passed,245,2018-11-10 14:31:42 UTC,453280198,453280199,453280200,pull_request
452257636,15ce0b3e74683ec5780b2023102c5bab04d8469e,,master,passed,280,2018-11-08 07:35:38 UTC,452257637,452257638,452257639,push
452152485,f39543ade3a27cc4b55a70fb4a318a0fdc5dc83a,227,master,passed,275,2018-11-07 23:47:07 UTC,452152486,452152487,452152488,pull_request
451281352,f41ba776f4a1672d7635e425019bf98c7fcfe0e0,,master,passed,290,2018-11-06 09:34:48 UTC,451281353,451281354,451281355,push
451278422,2e8bd7c109aeba6e39548fe0099ddb25fc70e2c6,225,master,passed,304,2018-11-06 09:26:07 UTC,451278423,451278424,451278425,pull_request
451147283,666d1e89fa310a2f408f81b34433e56cf1a98dc4,,master,passed,243,2018-11-06 00:15:30 UTC,451147284,451147285,451147286,push
451133938,429c026f33e83e5c8c08ab93b891685aee775013,226,master,passed,300,2018-11-05 23:31:44 UTC,451133939,451133940,451133941,pull_request
451128979,3eb1805a830c83078047cddd70d20a09edfbc263,225,master,passed,309,2018-11-05 23:18:52 UTC,451128980,451128981,451128982,pull_request
451128464,c64f053cdab1de4a4fd1b57d9a3e4c1e2975e696,225,master,passed,277,2018-11-05 23:17:22 UTC,451128465,451128466,451128467,pull_request
446025363,7f27cd595db5dcaa43171962675927480afca0e2,,master,passed,363,2018-10-25 06:43:51 UTC,446025364,446025365,446025366,push
445948747,131d1bae3da3409a18a14aed8cd6eb21dcfc588a,224,master,passed,288,2018-10-25 00:22:59 UTC,445948748,445948749,445948750,pull_request
433620501,4e092b85755301900d2627aaa67f0b88a67d340a,,master,passed,290,2018-09-26 16:43:04 UTC,433620502,433620503,433620504,push
433431831,a9af366635c7b1efcb2e5ba21157b3200d442178,,master,passed,282,2018-09-26 10:55:29 UTC,433431832,433431833,433431834,push
433431525,f0d206cdb3dabe8ec346e6b567c1fa6f980ce470,,master,failed,212,2018-09-26 10:54:50 UTC,433431526,433431527,433431528,push
433244934,c7ec0604e03a4f7202dd1a6f3ddb11c81dc64d81,221,master,passed,256,2018-09-26 02:02:27 UTC,433244935,433244936,433244937,pull_request
432993182,ba5b9d974bbfbd5ae1548e2dafa8bd7ffa092f4c,221,master,passed,290,2018-09-25 14:50:57 UTC,432993183,432993184,432993185,pull_request
418260862,136a93afad4f926d081d22270c0b06a8493ad424,,master,passed,290,2018-08-20 14:33:52 UTC,418260863,418260864,418260865,push
418258032,9370c1b8427e603bc440b1ead23cf8bf43b29aa3,219,master,passed,271,2018-08-20 14:27:19 UTC,418258033,418258034,418258035,pull_request
409700479,b10089ccf9e75bdd544b65659ece2610e600ee88,,master,passed,281,2018-07-30 05:08:50 UTC,409700480,409700481,409700482,push
409640963,cdee93e7113577e6c74dbcb1ccf7629ef47d04ff,217,master,passed,293,2018-07-29 22:53:10 UTC,409640964,409640965,409640966,pull_request
393972861,82ef4ab181486e37eb9b9fef08ec4ef81f28e94d,,1.3.0,passed,348,2018-06-19 06:59:07 UTC,393972862,393972863,393972864,push
393972662,82ef4ab181486e37eb9b9fef08ec4ef81f28e94d,,master,passed,439,2018-06-19 06:57:28 UTC,393972663,393972664,393972665,push
393972368,33a0d1f504fce0936bedd083d100750a4b68e428,,master,canceled,0,,393972369,393972370,393972371,push
393972214,2e01033faccb531b583788b81aa2fe04f4e9a79e,,1.3.0,failed,569,2018-06-19 06:55:15 UTC,393972215,393972216,393972217,push
393972135,2e01033faccb531b583788b81aa2fe04f4e9a79e,,2.3.0,failed,243,2018-06-19 06:53:46 UTC,393972136,393972137,393972138,push
393972112,2e01033faccb531b583788b81aa2fe04f4e9a79e,,master,canceled,0,,393972113,393972114,393972115,push
393970730,57c4b8bfb988cf72f7d67c5224f5bac54af5e87f,,master,passed,559,2018-06-19 06:47:51 UTC,393970731,393970732,393970733,push
393830874,50574708a3c23c9a2fbca2cc27d01525a1df666f,214,master,passed,485,2018-06-18 21:09:17 UTC,393830875,393830876,393830877,pull_request
393829825,87f779ae6255a0627279d7f2245c924d26921a00,214,master,passed,303,2018-06-18 21:07:02 UTC,393829826,393829827,393829828,pull_request
393827059,690f1edd71a9a2cc45425bd00f3663af70d673e4,214,master,failed,633,2018-06-18 20:59:49 UTC,393827060,393827061,393827062,pull_request
393795784,9d33ac5ae6cdeed5d24b8c052d8ffbfe05138078,214,master,failed,253,2018-06-18 19:44:49 UTC,393795785,393795786,393795787,pull_request
393372295,e67f6a31c09b753076bf5ce57f8e5ad862af56ab,214,master,failed,375,2018-06-18 09:31:07 UTC,393372296,393372297,393372298,pull_request
393334831,b8fc91f0eb3e5965fe91cee5b0890fc32abcab8d,214,master,passed,297,2018-06-17 16:05:29 UTC,393334832,393334833,393334834,pull_request
393305617,05014e059c7c0aeb00494ed5a4952e3d6f935859,,master,passed,276,2018-06-17 13:39:24 UTC,393305618,393305619,393305620,push
393293659,028d9681a9813c02c96e13f8c2b3b60c7d584a48,213,master,passed,333,2018-06-17 12:36:38 UTC,393293660,393293661,393293662,pull_request
391845026,0ab0212391373e62982cbd34452824b99988f784,211,master,passed,276,2018-06-13 16:42:18 UTC,391845027,391845028,391845029,pull_request
391297540,bb9bda5c46f13ce934474df139f1f424ed8fc8a1,211,master,passed,277,2018-06-12 14:33:56 UTC,391297541,391297542,391297543,pull_request
391170189,2476100ad3fdccad9bc52886686623acb282f549,210,master,failed,202,2018-06-12 09:11:43 UTC,391170190,391170191,391170192,pull_request
391080445,1d62c9044fd8b5c0d01c0a05ad21ee60f40c29dc,210,master,failed,187,2018-06-12 03:22:55 UTC,391080446,391080447,391080448,pull_request
391073282,81819825293276e0f9d91b7e722047cfd37bf38c,210,master,failed,190,2018-06-12 02:46:11 UTC,391073283,391073284,391073285,pull_request
390679221,4a0a619d49abd6caefa8df4f4424e382862de2a2,210,master,passed,285,2018-06-11 09:14:41 UTC,390679222,390679223,390679224,pull_request
358573400,e825e17c7fc28ce0a97bb52d2121ee3fd1511948,,master,passed,357,2018-03-26 19:41:09 UTC,358573401,358573402,358573403,push
358514230,1729ea05534e88034d613e1c491d978d0d138d5f,,master,failed,272,2018-03-26 17:23:42 UTC,358514231,358514232,358514233,push
358504400,643405b7bd113631286d842aeab57942ff242dc6,,master,failed,296,2018-03-26 16:59:29 UTC,358504401,358504402,358504403,push
347931109,4dc812232f6612f97bc7e6ec638e6c231dd506d9,208,master,passed,323,2018-03-01 19:41:09 UTC,347931110,347931111,347931112,pull_request
341771454,aa692c05d638c3714258a144efbec610c4b940de,,master,passed,523,2018-02-15 07:40:36 UTC,341771455,341771456,341771457,push
341675149,b918a8eb9778fd638de5499e8274771eae9b0565,207,master,passed,371,2018-02-14 23:31:27 UTC,341675150,341675151,341675152,pull_request
341357664,c6e028018ae5dcb197b8fabd80ce70b4c7d553d5,,1.2.2,passed,367,2018-02-14 09:59:20 UTC,341357666,341357668,341357671,push
341357639,c6e028018ae5dcb197b8fabd80ce70b4c7d553d5,,master,passed,447,2018-02-14 09:59:18 UTC,341357643,341357644,341357645,push
272171726,01c6ddf509e7f3a67df18cdcce5e3d98faec93fc,,master,passed,325,2017-09-05 18:18:38 UTC,272171730,272171732,272171733,push
258135838,7d67a41bd31918d50290eaa454baec3313fdbfd6,,master,passed,305,2017-07-27 13:05:15 UTC,258135839,258135840,258135841,push
258131913,fec91810441bf3f3173306f4fd77e68bbb83c9c8,,master,passed,304,2017-07-27 12:55:00 UTC,258131916,258131918,258131921,push
258064521,201ae9840d31f0fdad22ac12bc1f262ef9c2fc53,201,master,failed,323,2017-07-27 09:06:54 UTC,258064522,258064523,258064530,pull_request
255282060,a7e25cd02827a0f6e3b344fcd0e0038e91899f7a,198,master,failed,304,2017-07-19 14:23:14 UTC,255282061,255282062,255282063,pull_request
250429215,43a3cfc6b65a95ddf03ffc0bd3097c5cad1d7ade,,1.2.1,passed,370,2017-07-05 16:38:29 UTC,250429216,250429217,250429218,push
250429201,43a3cfc6b65a95ddf03ffc0bd3097c5cad1d7ade,,master,passed,371,2017-07-05 16:38:29 UTC,250429203,250429205,250429207,push
250426186,d48655f41d2a5d496d69692d0b95f9310fa5b73f,,master,passed,414,2017-07-05 16:30:49 UTC,250426187,250426188,250426189,push
250390095,bd7dfe65e42ae0487706b1b626f0a4d30bd688a0,,master,passed,401,2017-07-05 15:04:10 UTC,250390097,250390099,250390100,push
249996234,76614c5d397d93cc8910cf31abfe911afc1675f2,198,master,failed,417,2017-07-04 13:48:05 UTC,249996235,249996236,249996237,pull_request
249954536,068603efb7a47528706fb6b4d1ffae1154039ca9,199,master,passed,430,2017-07-04 11:36:44 UTC,249954537,249954538,249954539,pull_request
249591916,9c390ef4a1487f113aa5a36f4acefda4f96fdc5e,198,master,failed,419,2017-07-03 11:19:53 UTC,249591919,249591920,249591921,pull_request
248321969,6f7f167c50a6d7ab061541c918b07a91e5506e6e,,master,passed,398,2017-06-29 10:55:29 UTC,248321970,248321971,248321972,push
248296788,779563da74353f402c2294b1a03988efc174fa5e,196,master,passed,420,2017-06-29 09:29:00 UTC,248296789,248296790,248296791,pull_request
248047193,09e533706cdd55566302dbebb6f464a22da52158,,master,passed,370,2017-06-28 17:48:43 UTC,248047194,248047195,248047196,push
247274503,b219afaa68db4d3ef51a23dd34b4e9bd403e37a4,,master,passed,375,2017-06-26 21:23:55 UTC,247274504,247274505,247274506,push
247161445,6bd308b537663753205fc5293fa5dd64cec3c7e5,191,master,passed,375,2017-06-26 15:57:14 UTC,247161446,247161447,247161448,pull_request
247131505,9a9a17cd996bfc65a7df945c7bc2196b92c1f596,191,master,passed,390,2017-06-26 14:52:58 UTC,247131506,247131507,247131508,pull_request
247068869,e504a3c2d957f5765fb94a6fd1f9fbf6592d42fb,191,master,failed,384,2017-06-26 11:49:05 UTC,247068870,247068871,247068872,pull_request
246205518,f5048d0f10405eb87832190c2bee34c23258ddf4,,master,passed,437,2017-06-23 13:35:26 UTC,246205519,246205520,246205522,push
246205344,83bca675c683a5a3a157d0cc8dc403d25a90051a,,master,failed,338,2017-06-23 13:34:56 UTC,246205345,246205346,246205347,push
246151408,f97eabadec35fb30e3812f0d95dd9436dffb40f4,189,master,failed,294,2017-06-23 10:54:22 UTC,246151409,246151410,246151411,pull_request
246041385,b92ab08ea345807e293ae8ba1d4d342e17d1dc67,189,master,failed,196,2017-06-23 02:32:05 UTC,246041386,246041387,246041388,pull_request
245389465,91c2b5cd5f7d4eff3954ee674c78f1fa2f95cefd,,master,passed,377,2017-06-21 14:18:11 UTC,245389466,245389467,245389468,push
245386084,07a30f02ad93e970b0147eb6b1b21df05d82a665,187,master,passed,311,2017-06-21 14:09:43 UTC,245386085,245386086,245386087,pull_request
243910204,af250a06e0cce988b0799fb1b75cdb0d9d113657,186,master,passed,410,2017-06-17 05:03:22 UTC,243910205,243910206,243910207,pull_request
242431487,179961787b8ce1b61c939a2b538e6bf044f28553,,master,passed,373,2017-06-13 14:10:25 UTC,242431488,242431490,242431491,push
242431236,380ec334a6666f69d95ef05edf3e4e9cc7aea78a,,1.2.0,passed,443,2017-06-13 14:06:14 UTC,242431238,242431243,242431244,push
242430115,380ec334a6666f69d95ef05edf3e4e9cc7aea78a,,master,passed,344,2017-06-13 14:03:33 UTC,242430116,242430117,242430119,push
242428198,517711b24d98ff1869d34ade76ba933ce64bee16,,master,passed,355,2017-06-13 13:51:04 UTC,242428199,242428200,242428201,push
241913330,bbbbd3fe7d81995d1740a9d1d1fdf4b465ce97f6,,master,passed,365,2017-06-12 07:00:12 UTC,241913331,241913332,241913333,push
241871530,40c9c8aa77822e8282377a6e92d56a4ea0efb8d5,179,master,passed,411,2017-06-12 02:21:31 UTC,241871531,241871532,241871533,pull_request
241758492,a48629a3c1feca59398580c97f74fa6812f4d3d6,179,master,failed,337,2017-06-11 15:58:43 UTC,241758493,241758494,241758495,pull_request
241744529,ad1f7983845ef59e8dbf148355a8118e6bfafce1,,master,passed,409,2017-06-11 14:53:55 UTC,241744530,241744531,241744532,push
241743737,9d9dbd902f397c912448bfd1b530b2abc740925a,,master,failed,254,2017-06-11 14:50:14 UTC,241743738,241743739,241743740,push
241743077,2983f86090ac267316a87a87bfa34da6c5d1e036,,master,passed,340,2017-06-11 14:46:35 UTC,241743079,241743081,241743083,push
241720238,9aaf3878c531515198f37f548543d8033164ba14,185,master,passed,412,2017-06-11 12:40:24 UTC,241720239,241720240,241720241,pull_request
241719823,531878ce354326919c64325e3d9fd696990b2614,185,master,passed,373,2017-06-11 12:37:30 UTC,241719824,241719825,241719826,pull_request
240784968,65a030261a29e4bfe0453797663826b0c5ac20c3,,master,failed,471,2017-06-08 13:20:23 UTC,240784969,240784970,240784971,240784972,push
240784905,4e2a31704f18f051355d7a76bfd8daa18af1e214,,revert-183-refs-with-slash,errored,158,2017-06-08 13:18:59 UTC,240784906,240784907,240784908,240784909,push
240784667,b07a568979448920019eca7d29781f93da590b91,,master,errored,135,2017-06-08 13:17:24 UTC,240784668,240784669,240784670,240784671,push
240784612,d6a110ed033989b50fd490f1313d00ab6f0eb571,183,master,errored,176,2017-06-08 13:17:15 UTC,240784613,240784614,240784615,240784616,pull_request
240778073,b9e0b88be4d66782621ea22edf32ddb58c03ea8f,183,master,failed,400,2017-06-08 13:00:06 UTC,240778080,240778081,240778082,240778083,pull_request
240355810,a99e84786002a2f087e4cded35d51e40158781c0,183,master,failed,367,2017-06-07 12:44:43 UTC,240355811,240355812,240355813,240355814,pull_request
226705187,8ff9dde7eb84f21ba2f72c1d48bc2490de85b86d,182,master,failed,376,2017-04-28 07:09:14 UTC,226705188,226705189,226705190,226705191,pull_request
216182211,3870ae716ae776a3c1f440c13ba098bc0a17e256,179,master,failed,344,2017-03-29 02:14:56 UTC,216182212,216182213,216182214,216182215,pull_request
216176133,fe15bf90deb0303ee9fea1f903be86c9c112fe0b,179,master,failed,293,2017-03-29 01:39:18 UTC,216176134,216176135,216176136,216176137,pull_request
216151925,df9a47efe279a3f372fd7f1e420e59d5efda04b7,179,master,failed,307,2017-03-28 23:40:21 UTC,216151926,216151927,216151928,216151929,pull_request
213963852,db78fac2745e80c90c2afc25601feb15b431fed0,179,master,failed,309,2017-03-22 18:57:52 UTC,213963853,213963854,213963855,213963856,pull_request
213816614,be69325b9b7620d65f4842da2c8aae8bb683272e,,master,failed,329,2017-03-22 12:53:36 UTC,213816615,213816616,213816617,213816618,push
213800488,e2ce12f8d020628fe80939ce08a00b54cd171d66,178,master,failed,304,2017-03-22 11:56:55 UTC,213800489,213800490,213800491,213800492,pull_request
197423325,5dfd7e92195c1a1bdb4fba1e9b0d3c2c2e817ab3,,1.1.0,failed,285,2017-02-01 20:10:49 UTC,197423326,197423327,197423328,197423329,push
197423300,5dfd7e92195c1a1bdb4fba1e9b0d3c2c2e817ab3,,master,failed,295,2017-02-01 20:10:40 UTC,197423301,197423302,197423303,197423304,push
196500188,39271eaef91b2953476718150609cda42f505d02,,master,failed,317,2017-01-30 07:14:51 UTC,196500189,196500190,196500191,196500192,push
196441929,56d7fb20284fca387e2dee332c5c9c30a1c81e3b,175,master,failed,279,2017-01-29 23:07:51 UTC,196441930,196441931,196441932,196441933,pull_request
196395309,44b6ada1b78e86ef0c8bdfb9da3dc8f7167f4cea,,master,failed,272,2017-01-29 19:29:31 UTC,196395311,196395313,196395314,196395315,push
196394377,8df4deda16d2ad86a16e9f7ba406a323f5aa546c,,master,failed,290,2017-01-29 19:24:30 UTC,196394378,196394380,196394382,196394384,push
196390981,735b69b2106ffadfcc1c49975a766192e83b5e0a,174,master,failed,283,2017-01-29 19:05:28 UTC,196390982,196390983,196390984,196390985,pull_request
196388865,c9de9f9fadb3e6cbe07f01682fb8f11bad0af481,173,master,failed,324,2017-01-29 18:55:20 UTC,196388866,196388867,196388868,196388869,pull_request
196388786,f6a0bb9dd8b453599acb1a41ace2808f38c708c7,173,master,failed,269,2017-01-29 18:55:02 UTC,196388787,196388788,196388789,196388790,pull_request
195729002,fd0ee00949c9aad3140d5d850864ae43fb9ea40a,,master,failed,285,2017-01-27 00:36:42 UTC,195729003,195729004,195729005,195729006,push
195624009,0d0e9fb3952033d9b8f102b8c8200ef46225af88,172,master,failed,269,2017-01-26 18:26:50 UTC,195624010,195624011,195624012,195624013,pull_request
192173275,af02129254c73613d079cc5f28b0324ae6db5a79,,master,passed,282,2017-01-15 20:06:02 UTC,192173276,192173277,192173278,192173279,push
192164204,6bd49b0bc7703e9aa2b7f1eadd498cba34fa773e,171,master,passed,319,2017-01-15 19:17:03 UTC,192164205,192164206,192164207,192164208,pull_request
191746842,39f18c9dab676e261a330c98b133cfc7411a4a2a,171,master,passed,303,2017-01-13 20:07:14 UTC,191746843,191746844,191746845,191746846,pull_request
190041370,494d167a9a3b5076824bccf726e0bbe41e1235e4,171,master,passed,303,2017-01-08 18:37:39 UTC,190041371,190041372,190041373,190041374,pull_request
189096405,e1cb2c443f5d534fdd704e5e61d28fdcf645930c,,master,passed,379,2017-01-05 07:17:51 UTC,189096409,189096410,189096413,189096414,push
189083383,b72f48936e8b335aa1969888d30ff79949a89f6e,170,master,passed,293,2017-01-05 05:45:15 UTC,189083384,189083385,189083386,189083387,pull_request
189082630,90f6458988aaaf9ad78960f30421541ccb872ca3,170,master,failed,323,2017-01-05 05:38:59 UTC,189082631,189082632,189082633,189082634,pull_request
154335831,f509af84986c0422633535c63249253e3e48a932,168,master,passed,305,2016-08-23 02:17:06 UTC,154335832,154335835,154335836,154335837,pull_request
138678627,c0f591ef6dc3eac3866b2f516b3dab6dc6a5db9d,,master,passed,253,2016-06-19 07:20:17 UTC,138678628,138678629,138678630,138678631,push
138678347,0499e3a7b38f3dbc7e06058a97522d14a4261466,,master,passed,279,2016-06-19 07:16:48 UTC,138678348,138678349,138678350,138678351,push
132626090,c816a41537c81eea2a30d72df07bc7cca0caeb09,,1.0.1,passed,244,2016-05-24 17:31:39 UTC,132626091,132626092,132626094,132626095,push
132625988,cb4786f577f247adde62f5ca3e2f3c7f84539c5c,,0.9.0,errored,897,2016-05-24 17:28:13 UTC,132625989,132625990,132625991,132625992,push
132625968,c816a41537c81eea2a30d72df07bc7cca0caeb09,,master,passed,307,2016-05-24 17:26:05 UTC,132625969,132625970,132625971,132625972,push
132625227,e720952c11d8593ff082d1ae632ec37f672e5960,158,master,passed,317,2016-05-24 17:24:25 UTC,132625228,132625229,132625230,132625231,pull_request
132625192,e21e4062166457a246b1ea59aaafbd07e516319c,,fuzzyfind,errored,898,2016-05-24 17:24:24 UTC,132625193,132625194,132625195,132625196,push
129041648,f33dcd2a0b9e72b21b79ea6fbe859cc4de28179a,,master,passed,267,2016-05-10 05:12:18 UTC,129041649,129041650,129041651,129041652,push
129041367,3630908cd715d4da534e49de21be8b342a531833,,master,failed,258,2016-05-10 05:09:57 UTC,129041368,129041369,129041370,129041371,push
129041310,0114734799ff0d5bae029925b1f988e0e0062ba2,,master,failed,248,2016-05-10 05:09:31 UTC,129041311,129041312,129041313,129041314,push
129041207,fc7bab98b1924d6045d66ca6b85386577bb22a4d,,master,passed,256,2016-05-10 05:08:36 UTC,129041208,129041209,129041210,129041212,push
129040116,4a25a2d8fe4884a387a73cc6f87d4ec42e64cdd7,,master,passed,293,2016-05-10 05:05:49 UTC,129040117,129040118,129040119,129040120,push
128901077,cc5a537de5cc0379189daf3b3b46a291cd9b65d7,,master,errored,168,2016-05-10 04:59:48 UTC,128901078,128901079,128901080,128901081,push
128851158,62622a1203a6d65cef2be2c43c6b7209058d2ef7,162,master,errored,191,2016-05-09 13:16:57 UTC,128851159,128851160,128851161,128851162,pull_request
128804964,32a91b6f42b1380fb1bc8fdf852ca3b9365a2927,,master,errored,293,2016-05-09 09:18:39 UTC,128804965,128804966,128804967,128804968,push
126874482,a2741d47a1441e45cb3cbc6ab8dd89aa774b824a,161,master,failed,305,2016-04-30 12:59:14 UTC,126874483,126874484,126874485,126874486,pull_request
126874116,e251fa55cfa7276ba21f5ddadd83272daaaf9c45,161,master,failed,290,2016-04-30 12:55:23 UTC,126874117,126874118,126874119,126874120,pull_request
126371279,07651376350c8cd34378b43ad05ac38dec3b5c7a,,master,passed,323,2016-04-28 12:49:45 UTC,126371280,126371281,126371282,126371283,push
126343713,a0c294e4f82f05d8bcb9153b2bd384b0f7563417,160,master,passed,282,2016-04-28 10:31:30 UTC,126343714,126343715,126343716,126343717,pull_request
126217290,404cfaee0f15a89fedc99bf66a01190519d8b267,160,master,passed,276,2016-04-27 20:52:17 UTC,126217291,126217292,126217293,126217294,pull_request
125901283,19ecd99997129c44b87ff7b8c8c3ff419eeffa82,,master,passed,293,2016-04-26 17:58:55 UTC,125901284,125901285,125901286,125901287,push
125900913,7b9014678652d192abe0eb1bcbbee4665b4b5b3c,,master,passed,260,2016-04-26 17:57:20 UTC,125900914,125900915,125900916,125900918,push
125900642,947b3764bae79eb0e04db818a5cd5ce21f3cb10a,,master,passed,299,2016-04-26 17:55:45 UTC,125900643,125900644,125900645,125900646,push
125900580,53201393595725dd026046545dc0098df359922e,,master,passed,362,2016-04-26 17:55:30 UTC,125900581,125900582,125900583,125900584,push
125226771,2aed55dc07172f0d816a46ad2f94faec1bb92ba4,,master,passed,279,2016-04-23 14:18:09 UTC,125226772,125226773,125226774,125226775,push
125204472,aa8805c52521204d3df20815e34d783032bc8475,158,master,errored,866,2016-04-23 10:55:50 UTC,125204473,125204474,125204475,125204476,pull_request
125204018,f6c389671a99de14268e7a5ae60001b03be76b9b,,fuzzyfind,errored,878,2016-04-23 10:49:42 UTC,125204019,125204020,125204022,125204023,push
125203997,a4b72b447c82ba84861654bc490c9f7dc5cf4df4,,master,errored,865,2016-04-23 10:49:17 UTC,125203998,125203999,125204000,125204001,push
123257070,5ed4f3cfd53085a192be591a651c5ed5566b8f81,,master,errored,931,2016-04-15 06:52:43 UTC,123257071,123257072,123257073,123257074,push
123114943,5ed4f3cfd53085a192be591a651c5ed5566b8f81,,0.9.1,errored,913,2016-04-14 17:12:57 UTC,123114944,123114945,123114946,123114947,push
123114399,cb4786f577f247adde62f5ca3e2f3c7f84539c5c,,0.9.0,errored,916,2016-04-14 17:10:48 UTC,123114400,123114401,123114402,123114403,push
122835082,761eab63da54ff2db6c674ce5a887e2d8db0e3ef,,master,errored,871,2016-04-13 16:30:21 UTC,122835083,122835084,122835085,122835086,push
122827777,995dcb6399ba225c4e7487b5b8760787966e1392,157,master,errored,930,2016-04-13 16:04:12 UTC,122827778,122827779,122827780,122827781,pull_request
107723979,64e483bba8e12ade1d28dad60320b99bed53d18b,,master,errored,880,2016-02-08 08:49:09 UTC,107723980,107723981,107723982,107723983,push
107624968,bcd646f9b1538d5873a81c312daca20ce641b3a8,,master,errored,840,2016-02-07 18:45:20 UTC,107624969,107624970,107624971,107624972,push
106372051,9d2c9dd5200b463bf08df8dcddcfc6dfff0e377d,,master,passed,102,2016-02-02 01:44:09 UTC,106372052,106372053,push
106370465,293bac51bc6bc4db7c021529179cb0af9a2ea63d,,0.8.0,passed,96,2016-02-02 01:30:21 UTC,106370466,106370468,push
106370453,293bac51bc6bc4db7c021529179cb0af9a2ea63d,,master,passed,104,2016-02-02 01:30:21 UTC,106370454,106370455,push
105930426,95317effa8d3007d97e86bf1a710b0faa64a3a7f,150,master,passed,99,2016-01-30 20:41:57 UTC,105930427,105930428,pull_request
96318830,2cc4da0eb3673a8ef39290858b8a9b4c584ddaf7,,master,passed,109,2015-12-11 17:37:43 UTC,96318831,96318832,push
96318651,146ab4f6ec48280897d676616a97c1ce05b3ab3f,,master,passed,105,2015-12-11 17:36:43 UTC,96318652,96318653,push
96038878,457657702d8a72ff41b1f12abc62ac46490ab8a8,,master,passed,109,2015-12-10 14:20:43 UTC,96038879,96038880,push
96038150,ff19a1b39cc8a93a39038e292ffd2d1afac3802f,,master,failed,116,2015-12-10 14:17:18 UTC,96038151,96038152,push
95712662,3c1d959a3bc0efc6097d888b4608a29be896b62a,149,master,passed,92,2015-12-09 01:25:28 UTC,95712663,95712664,pull_request
95072736,b2ef109118c44b7ea2d04092759a83da39767b5e,,master,passed,98,2015-12-05 16:15:44 UTC,95072737,95072738,push
95071778,76587f69dd837e4621392dbfcc653d068ceec85a,148,master,passed,88,2015-12-05 16:05:57 UTC,95071779,95071780,pull_request
92297453,97fdd7f8b1079aff5bde01311080560c12dd7054,,master,passed,108,2015-11-20 16:52:17 UTC,92297456,92297459,push
90002607,d07a1de576508e942afca88f4d93a86e37853249,145,master,passed,96,2015-11-08 23:26:32 UTC,90002609,90002611,pull_request
90001911,6a93db943a189f0927c3964bd8d7efbdac25e2d9,,proxyfix,passed,107,2015-11-08 23:19:36 UTC,90001912,90001913,push
88696011,14b0c484deea8c4da9d7644ab180b66ace0422d0,,master,passed,95,2015-11-01 22:46:55 UTC,88696013,88696015,push
88695910,14fd96ce210d7279f0c15b71a0a12c8ad1eaabfd,,master,failed,94,2015-11-01 22:45:37 UTC,88695911,88695912,push
88695769,aa61c13e36bd17c219a55e7684e5144f4e451fd2,,master,failed,95,2015-11-01 22:44:26 UTC,88695770,88695771,push
88678899,ec6df2a637d873a1a42e9b164a947b333c5612f5,,master,passed,118,2015-11-01 20:27:31 UTC,88678900,88678901,push
88676301,47bb2b3f7b5eba5aa291fbb6de499bca112fe227,,master,passed,89,2015-11-01 20:02:13 UTC,88676302,88676303,push
88593644,e533123d4f4c37ceb9e15e73520893e8995e638b,142,master,passed,104,2015-11-01 02:22:58 UTC,88593645,88593646,pull_request
88593389,5d746987335255b4cf992a05b922a251a6907705,141,master,passed,92,2015-11-01 02:17:54 UTC,88593390,88593391,pull_request
87943855,88453adbfe289b9241d15a300ee36970996f7a65,,master,passed,151,2015-10-28 17:34:22 UTC,87943856,87943858,push
87943508,512eb2de3d950ef6737e9bc88b81bb8e45be41f7,,master,passed,105,2015-10-28 17:32:32 UTC,87943509,87943510,push
87941996,66ea2026e960f76d667c994eb142f5c953f756a1,139,master,passed,96,2015-10-28 17:26:08 UTC,87941997,87941998,pull_request
84882736,a2b74f246d5377942225b637577bc6b9750a8e18,,master,passed,111,2015-10-12 09:03:18 UTC,84882737,84882739,push
84881787,f8db105fd3c6d7b610a11f8d13722ab979aed60f,,master,passed,96,2015-10-12 08:53:58 UTC,84881788,84881789,push
84767603,cda99f5fe2bde2763cf53446a4e672966b67116a,,0.7.1,passed,105,2015-10-11 11:57:43 UTC,84767604,84767605,push
84767588,cda99f5fe2bde2763cf53446a4e672966b67116a,,master,passed,90,2015-10-11 11:57:28 UTC,84767589,84767590,push
84767463,0a286f5110665f6a3781d52905527bf9a4c2877f,,master,passed,92,2015-10-11 11:55:17 UTC,84767464,84767465,push
84713111,e67a3b53fde804324ae26c2f0c52e0361e90d5a5,138,master,passed,87,2015-10-10 22:01:47 UTC,84713112,84713114,pull_request
84671930,2d1e05ec231c1d11901493487f6bbc1777029521,137,master,passed,108,2015-10-10 15:25:34 UTC,84671931,84671932,pull_request
84129449,f39c755454f1b88c7369e3e0a420ca08875b6422,,master,passed,118,2015-10-07 16:15:57 UTC,84129450,84129451,push
84129412,f39c755454f1b88c7369e3e0a420ca08875b6422,,0.7.0,passed,94,2015-10-07 16:15:28 UTC,84129418,84129419,push
84129256,1bfea8792c2dcaf1ba62dff8bd5f18259c3f2524,,0.7.0,passed,92,2015-10-07 16:14:52 UTC,84129257,84129258,push
84129247,1bfea8792c2dcaf1ba62dff8bd5f18259c3f2524,,master,passed,160,2015-10-07 16:14:53 UTC,84129249,84129251,push
84127234,6e9e0d4df1909f1610bd061f719575c49f1b9df0,,master,passed,112,2015-10-07 16:05:09 UTC,84127235,84127237,push
84125344,2b8e2979ed17116734d840163781f1114bc657d0,,ctags,passed,93,2015-10-07 15:57:50 UTC,84125346,84125348,push
84125323,2d2369abf605ed01c525a1628811f264fdbe77db,134,master,passed,93,2015-10-07 15:57:50 UTC,84125326,84125327,pull_request
84119835,f06cd2181d8848b903d1677608997efdea3ac99a,134,master,failed,73,2015-10-07 15:33:06 UTC,84119836,84119838,pull_request
84119832,120dcd640bc2732c6b0400a6c1559e38397dd47f,,ctags,failed,78,2015-10-07 15:32:53 UTC,84119833,84119834,push
84118187,2d11a2f0ba03d46d86a1a21d59eb4773b5698660,134,master,failed,70,2015-10-07 15:25:41 UTC,84118188,84118189,pull_request
84118182,af284ee2221e5bb6c01097da688f738ba4458309,,ctags,failed,73,2015-10-07 15:25:41 UTC,84118183,84118184,push
84100520,d9efbf39295b92537901622086ae8d208062b609,134,master,passed,71,2015-10-07 14:02:23 UTC,84100521,84100522,pull_request
84100511,909a5347d786af27e7249591d39a10ed2cac3e87,,ctags,passed,61,2015-10-07 14:02:21 UTC,84100512,84100513,push
84100147,95d1dcde8230d7cad3ece6d6c7eea3d7a2f139cb,,master,passed,66,2015-10-07 14:00:28 UTC,84100148,84100149,push
84099654,1ec2aeb929a39afa4d86e188cd78789e211b6936,,master,passed,68,2015-10-07 14:00:05 UTC,84099662,84099673,push
84099640,c83196d1dfd56c3a836170a8747f83336cc1e0f5,134,master,passed,65,2015-10-07 13:58:59 UTC,84099644,84099650,pull_request
84099605,2f6fbd456b7a2a8cc200dde195df5dfc9b83340b,,ctags,passed,76,2015-10-07 13:58:53 UTC,84099609,84099613,push
84099208,224c3164b98ce6e7a8eb0a47e5f586e6ee520bb6,,ctags,passed,62,2015-10-07 13:57:16 UTC,84099214,84099215,push
84096741,5d584f59f1b6bfb0debcfaf89e6c49911681d27c,,master,failed,57,2015-10-07 13:44:24 UTC,84096744,84096745,push
84096720,243c4703f30f0f333604b9d7586cda58067feee2,,ctags,failed,57,2015-10-07 13:44:13 UTC,84096722,84096725,push
84095545,40daba5c55733a7f3f367ac42ebd19050b8c4847,134,master,failed,50,2015-10-07 13:37:09 UTC,84095547,84095548,pull_request
84095516,35663c23c824f1d2a2ec248831cd2f1c197c04b2,,ctags,failed,47,2015-10-07 13:37:13 UTC,84095517,84095520,push
84095468,179471d4b93337a1c9b576449f068884983622b5,,master,failed,30,2015-10-07 13:36:56 UTC,84095469,84095470,push
84084675,5fb3b9c7d12446591ffd4a0a55754d52af09eda5,134,master,failed,48,2015-10-07 12:38:22 UTC,84084676,84084677,pull_request
84084663,d48c2b3c9e44b1bceb8ddeb1de68f68d01365a4e,,ctags,failed,56,2015-10-07 12:38:16 UTC,84084667,84084669,push
83442150,5361cb55393d60c9c498f7f65e60fad28fa7b335,,master,passed,61,2015-10-03 11:54:00 UTC,83442152,83442153,push
80187777,648f98a4a4aaacc2969983171aa2289818edaa61,134,master,failed,48,2015-09-14 07:07:07 UTC,80187779,80187781,pull_request
80187767,5ac0c08ddf3a336263e779186b8be74d6e8d0cf5,,ctags,failed,53,2015-09-14 07:07:10 UTC,80187768,80187769,push
79751865,40a8636181f0ea11d53e686591ae240bc32a99f3,134,master,failed,30,2015-09-10 22:14:35 UTC,79751866,79751867,pull_request
79751676,8a14018a852364c325c653d91411602c88eb7d78,,ctags,failed,30,2015-09-10 22:14:10 UTC,79751677,79751679,push
76062209,06916ec169bd0f7080014c0785b41d1ed3a17dbd,,master,passed,58,2015-08-18 07:46:31 UTC,76062210,76062211,push
74413891,ce5652e5533d81d5a87f91792c0bcccb1dd74259,,0.6.0,passed,70,2015-08-06 14:19:11 UTC,74413895,74413897,push
74413626,ce5652e5533d81d5a87f91792c0bcccb1dd74259,,master,passed,64,2015-08-06 14:17:06 UTC,74413629,74413630,push
73829816,bb8ca7b26940168caba5bbd5d9667c23cb205b09,112,master,passed,57,2015-08-03 02:54:29 UTC,73829817,73829819,pull_request
73795838,3ba5d6a2b330f5d1644a66ac55a7481d5375b00e,112,master,passed,59,2015-08-02 18:54:04 UTC,73795839,73795840,pull_request
73450990,5b7847221874eb373dcc124e51c98d700ab471ba,,master,passed,61,2015-07-30 20:41:03 UTC,73450991,73450992,push
73450800,e7a2e669dc9d2499389eeab968c7143e4a609abf,,master,passed,67,2015-07-30 20:39:41 UTC,73450801,73450804,push
73450326,bf186b1b61c1d4d92ff51787e1c7b7ae358d2218,,master,passed,60,2015-07-30 20:36:19 UTC,73450327,73450328,push
73450053,d0255f0e12e1954036b39fdf2d7edd81befbe5c5,,feature/git-blame,passed,61,2015-07-30 20:35:04 UTC,73450054,73450055,push
73426638,6278efaa9f1d124a7a6d278ac70933910061473b,,feature/git-blame,failed,28,2015-07-30 18:07:40 UTC,73426639,73426640,push
72830852,b72713dd89ad34c04db102627845a1029e7ae5aa,,feature/git-blame,passed,49,2015-07-27 13:10:25 UTC,72830854,72830855,push
72818614,82b9dd2af11c17cefa570111bd8e5ccf3eb5094a,132,master,passed,49,2015-07-27 11:48:56 UTC,72818615,72818616,pull_request
72818609,c4c057cb4dbe8290c7a7e956713aba894badcf2e,,0.5.0,passed,49,2015-07-27 11:48:46 UTC,72818611,72818613,push
72818595,c4c057cb4dbe8290c7a7e956713aba894badcf2e,,master,passed,49,2015-07-27 11:48:42 UTC,72818599,72818600,push
72810027,96a306ab0c386f04933e966274e63d5f09fd997d,,master,passed,48,2015-07-27 10:36:40 UTC,72810029,72810033,push
72809847,792de32a793ee17cc5f50f7e3bbc2b048d13fb7b,,master,errored,24,2015-07-27 10:35:33 UTC,72809848,72809849,push
71647950,3e0b6e1cb69e63f072b45c4309ee035337fce831,131,master,passed,46,2015-07-19 14:18:07 UTC,71647951,71647952,pull_request
71538713,6e08cce2ca464121b7b5586802e97bf804b59a20,,master,passed,49,2015-07-18 10:34:26 UTC,71538716,71538717,push
68729591,2a297f46fa49a005894453f103ea681cd095c460,,master,passed,50,2015-06-28 21:20:30 UTC,68729592,68729593,push
68729357,553cc5f715ee9646a466bb3f80493e67cc169095,,py3,passed,53,2015-06-28 21:18:41 UTC,68729358,68729359,push
68719649,83787cc70afe20d9f4426b779340e00c2fd0596d,,0.4.10,passed,55,2015-06-28 19:35:06 UTC,68719650,68719651,push
68719643,83787cc70afe20d9f4426b779340e00c2fd0596d,,master,passed,52,2015-06-28 19:34:53 UTC,68719645,68719646,push
68719359,e9d7633cbc90ec657e5cf0517302ad4b0ec93a0a,,0.4.10,passed,51,2015-06-28 19:32:02 UTC,68719360,68719361,push
68458522,90e7b5a68ea340095d72114d4b946057e9eab16f,,master,passed,68,2015-06-26 10:47:48 UTC,68458523,68458524,push
68456581,fe584b92366329792b7c89dd60a7fcf94d3cf3c0,128,master,passed,51,2015-06-26 10:29:37 UTC,68456584,68456585,pull_request
68435848,dd7a67af0b644c3d14fb32eeabc7c4b5b198cba6,,master,passed,54,2015-06-26 07:34:31 UTC,68435850,68435851,push
68425658,76b8dc884cdeb936545011b74d05518675e01a08,127,master,passed,47,2015-06-26 05:07:39 UTC,68425660,68425661,pull_request
68345404,7f8ebaaca88d4a89dfc27f179397bb78cb43495e,124,master,passed,57,2015-06-25 17:00:47 UTC,68345405,68345406,pull_request
68313243,6c33fb203324d5d2875876ee53aed7340ddb52ee,124,master,passed,62,2015-06-25 14:36:20 UTC,68313244,68313245,pull_request
68299210,5ac11aed84f26d7a4cbaa0fca7c56a931aeedcd9,,master,passed,47,2015-06-25 10:29:27 UTC,68299211,68299212,push
68299149,87993de134649620fe63dc01aa6573086d982fc9,,master,failed,57,2015-06-25 10:35:02 UTC,68299150,68299151,push
68250187,fdfa9357445ce22799e1e4565635fc5858a90f3c,125,master,passed,76,2015-06-25 00:42:38 UTC,68250189,68250191,pull_request
68244992,9386baaf76431c41f4778b250d924ed37a269051,124,master,passed,58,2015-06-24 23:47:07 UTC,68244993,68244994,pull_request
68175773,1b42a9d434b236a820fee6a748221d956fb165a6,,master,passed,68,2015-06-24 15:45:27 UTC,68175774,68175775,push
68161236,88d1bf1ab78926b66ba245124c6d952148a43193,,master,passed,50,2015-06-24 13:58:09 UTC,68161237,68161238,push
68161019,ddfa5ae80f2d346ec1b72b13fa0341603c15dfc2,,master,failed,35,2015-06-24 14:02:53 UTC,68161021,68161025,push
68160174,af7f32f214c230ee04b8e8eeced459fb1b6ce300,,master,failed,35,2015-06-24 14:02:37 UTC,68160176,68160178,push
68159095,c9c36693341eca68ab317077b67201a0baca84e6,,master,canceled,29,,68159096,68159097,push
68158039,6abf1749621846fafefd7f6cb7ef5f72b3ba9740,121,master,failed,40,2015-06-24 13:53:06 UTC,68158040,68158041,pull_request
68158034,4363c557710371c60319926e21a4c37f8bfc1f4b,,travis,errored,25,2015-06-24 14:15:09 UTC,68158035,68158036,push
68155654,0ded872efac697a8b6f58b90a0dbc13a50f77280,,travis,passed,43,2015-06-24 13:22:07 UTC,68155656,68155658,push
68155638,42cd08f27049a8f84212cced49caaf35e533d103,121,master,failed,41,2015-06-24 13:33:45 UTC,68155639,68155641,pull_request
68154117,c8b58520e3fb3da22cb194550a1cab5d3e4c146b,121,master,failed,39,2015-06-24 13:24:07 UTC,68154118,68154119,pull_request
68154110,c4c217e3b531b594ca9e715aab852cfd494a5513,,travis,failed,28,2015-06-24 13:13:03 UTC,68154111,68154113,push
68151393,9106fefc519da77b990325c9b717db6fb73bd372,121,master,canceled,21,,68151394,68151395,pull_request
68151387,851cd712d737e94dd43304135daa4de4acb3c44f,,travis,failed,30,2015-06-24 12:57:04 UTC,68151388,68151389,push
68145341,e656a3afdcbfdc3b372371641273b90fa22e75ea,,travis,failed,39,2015-06-24 12:07:23 UTC,68145343,68145351,push
68145273,2ad856a6f391f8970786eb53e6266270145f8801,121,master,failed,33,2015-06-24 12:03:27 UTC,68145276,68145280,pull_request
68144793,db28de8d7f815da9eaa511d2c873341c4ec32f23,121,master,failed,33,2015-06-24 11:57:26 UTC,68144794,68144795,pull_request
68144789,9168ea39c56323a0ecf032acfaa328d2ba21bed8,,travis,failed,26,2015-06-24 11:57:20 UTC,68144790,68144792,push
68144743,7fee0c650fb49b0633c56459200f87e82541e18f,,master,failed,3,2015-06-24 11:56:48 UTC,68144744,push
68143013,8b81f291dd47079de9de11cf177d83b75ab30edd,121,master,failed,40,2015-06-24 11:41:47 UTC,68143014,68143015,pull_request
68143004,20cc068cb52608694c3ddd1c15f48fe6df9112f3,,travis,failed,43,2015-06-24 11:42:57 UTC,68143006,68143008,push
68142872,6e51c7ebad1260ad48d08de5d31cae0b188495e1,121,master,errored,28,2015-06-24 11:40:03 UTC,68142874,68142876,pull_request
68142863,2292e37e43f3ca8e53988994143852974465dfb4,,travis,errored,24,2015-06-24 11:44:34 UTC,68142864,68142865,push
