tr_build_id,tr_job_id,tr_build_number,tr_original_commit,tr_log_lan,tr_log_status,tr_log_setup_time,tr_log_analyzer,tr_log_frameworks,tr_log_bool_tests_ran,tr_log_bool_tests_failed,tr_log_num_tests_ok,tr_log_num_tests_failed,tr_log_num_tests_run,tr_log_num_tests_skipped,tr_log_num_test_suites_run,tr_log_num_test_suites_ok,tr_log_num_test_suites_failed,tr_log_tests_failed,tr_log_testduration,tr_log_buildduration
101582251,101582252,100,e17cc973719897c3a5b28ffd81ae6ddaa8aebeee,c,unknown,4,plain,"",false,,,,,,,,,"",,
101582251,101582253,100,e17cc973719897c3a5b28ffd81ae6ddaa8aebeee,c,unknown,4,plain,"",false,,,,,,,,,"",,
101582251,101582254,100,e17cc973719897c3a5b28ffd81ae6ddaa8aebeee,c,unknown,4,plain,"",false,,,,,,,,,"",,
101582251,101582255,100,e17cc973719897c3a5b28ffd81ae6ddaa8aebeee,c,unknown,5,plain,"",false,,,,,,,,,"",,
101582399,101582400,101,7707697065095574e1a62ec8bc18b06480e53c19,c,ok,51,plain,"",false,,,,,,,,,"",,
101582399,101582401,101,7707697065095574e1a62ec8bc18b06480e53c19,c,unknown,62,plain,"",false,,,,,,,,,"",,
101582399,101582402,101,7707697065095574e1a62ec8bc18b06480e53c19,c,ok,45,plain,"",false,,,,,,,,,"",,
101582399,101582403,101,7707697065095574e1a62ec8bc18b06480e53c19,c,unknown,42,plain,"",false,,,,,,,,,"",,
101582404,101582405,102,7b6680236f41aac6a3e18ea9c51054815c942af0,c,unknown,5,plain,"",false,,,,,,,,,"",,
101582404,101582406,102,7b6680236f41aac6a3e18ea9c51054815c942af0,c,unknown,9,plain,"",false,,,,,,,,,"",,
101582404,101582407,102,7b6680236f41aac6a3e18ea9c51054815c942af0,c,unknown,4,plain,"",false,,,,,,,,,"",,
101582404,101582408,102,7b6680236f41aac6a3e18ea9c51054815c942af0,c,unknown,3,plain,"",false,,,,,,,,,"",,
101583128,101583129,103,31eba693342b45fc5a797e37c67a208b1ca3e35d,c,ok,50,plain,"",false,,,,,,,,,"",,
101583128,101583130,103,31eba693342b45fc5a797e37c67a208b1ca3e35d,c,unknown,50,plain,"",false,,,,,,,,,"",,
101583128,101583131,103,31eba693342b45fc5a797e37c67a208b1ca3e35d,c,ok,41,plain,"",false,,,,,,,,,"",,
101583128,101583132,103,31eba693342b45fc5a797e37c67a208b1ca3e35d,c,unknown,42,plain,"",false,,,,,,,,,"",,
101584491,101584492,104,c380e4770f9d859d748e8794a069246e4b1194cc,c,ok,50,plain,"",false,,,,,,,,,"",,
101584491,101584493,104,c380e4770f9d859d748e8794a069246e4b1194cc,c,unknown,54,plain,"",false,,,,,,,,,"",,
101584491,101584494,104,c380e4770f9d859d748e8794a069246e4b1194cc,c,ok,43,plain,"",false,,,,,,,,,"",,
101584491,101584495,104,c380e4770f9d859d748e8794a069246e4b1194cc,c,unknown,49,plain,"",false,,,,,,,,,"",,
101622617,101622618,105,7dd7e6bce02b674ed51a5aacc382579df0e2e782,c,ok,48,plain,"",false,,,,,,,,,"",,
101622617,101622619,105,7dd7e6bce02b674ed51a5aacc382579df0e2e782,c,unknown,60,plain,"",false,,,,,,,,,"",,
101622617,101622620,105,7dd7e6bce02b674ed51a5aacc382579df0e2e782,c,ok,42,plain,"",false,,,,,,,,,"",,
101622617,101622621,105,7dd7e6bce02b674ed51a5aacc382579df0e2e782,c,unknown,49,plain,"",false,,,,,,,,,"",,
101623015,101623018,106,fc0136365079583ccec7e13f9f4ab09cbfc7e086,c,ok,48,plain,"",false,,,,,,,,,"",,
101623015,101623022,106,fc0136365079583ccec7e13f9f4ab09cbfc7e086,c,unknown,62,plain,"",false,,,,,,,,,"",,
101623015,101623026,106,fc0136365079583ccec7e13f9f4ab09cbfc7e086,c,ok,43,plain,"",false,,,,,,,,,"",,
101623015,101623030,106,fc0136365079583ccec7e13f9f4ab09cbfc7e086,c,unknown,46,plain,"",false,,,,,,,,,"",,
101630216,101630217,107,78124665687b16c25bd690c6bf1c8729e5a8c88a,c,ok,50,plain,"",false,,,,,,,,,"",,
101630216,101630218,107,78124665687b16c25bd690c6bf1c8729e5a8c88a,c,unknown,66,plain,"",false,,,,,,,,,"",,
101630216,101630223,107,78124665687b16c25bd690c6bf1c8729e5a8c88a,c,ok,46,plain,"",false,,,,,,,,,"",,
101630216,101630225,107,78124665687b16c25bd690c6bf1c8729e5a8c88a,c,unknown,54,plain,"",false,,,,,,,,,"",,
101790804,101790805,108,1503db4da1c4c6eb2f3e6feeff7daffb0ed700af,c,ok,53,plain,"",false,,,,,,,,,"",,
101790804,101790806,108,1503db4da1c4c6eb2f3e6feeff7daffb0ed700af,c,unknown,63,plain,"",false,,,,,,,,,"",,
101790804,101790807,108,1503db4da1c4c6eb2f3e6feeff7daffb0ed700af,c,ok,42,plain,"",false,,,,,,,,,"",,
101790804,101790808,108,1503db4da1c4c6eb2f3e6feeff7daffb0ed700af,c,unknown,50,plain,"",false,,,,,,,,,"",,
101863763,101863768,109,e30ae150461ed9a4ade4e7741b5f7d4b17864798,c,ok,55,plain,"",false,,,,,,,,,"",,
101863763,101863772,109,e30ae150461ed9a4ade4e7741b5f7d4b17864798,c,unknown,57,plain,"",false,,,,,,,,,"",,
101863763,101863777,109,e30ae150461ed9a4ade4e7741b5f7d4b17864798,c,ok,43,plain,"",false,,,,,,,,,"",,
101863763,101863782,109,e30ae150461ed9a4ade4e7741b5f7d4b17864798,c,unknown,38,plain,"",false,,,,,,,,,"",,
98803826,98803827,10,9af3cb04890e4def9df82569c9207a8112003025,python,unknown,47,python,"",false,,,,,,,,,"",,
101932188,101932189,110,83eec9b4a19d79639bd04008c9a2d04ba30438c9,c,broken,52,plain,"",false,,,,,,,,,"",,
101932188,101932190,110,83eec9b4a19d79639bd04008c9a2d04ba30438c9,c,unknown,163,plain,"",false,,,,,,,,,"",,
101932188,101932191,110,83eec9b4a19d79639bd04008c9a2d04ba30438c9,c,broken,51,plain,"",false,,,,,,,,,"",,
101932188,101932192,110,83eec9b4a19d79639bd04008c9a2d04ba30438c9,c,unknown,136,plain,"",false,,,,,,,,,"",,
101932656,101932660,111,b4b615d39313ce62eb99f9085d46427ebef00826,c,broken,49,plain,"",false,,,,,,,,,"",,
101932656,101932664,111,b4b615d39313ce62eb99f9085d46427ebef00826,c,unknown,65,plain,"",false,,,,,,,,,"",,
101932656,101932668,111,b4b615d39313ce62eb99f9085d46427ebef00826,c,broken,40,plain,"",false,,,,,,,,,"",,
101932656,101932669,111,b4b615d39313ce62eb99f9085d46427ebef00826,c,unknown,47,plain,"",false,,,,,,,,,"",,
101933317,101933318,112,d96b460962c6a593e03d5fef5d82ac7761803ae4,c,broken,55,plain,"",false,,,,,,,,,"",,
101933317,101933320,112,d96b460962c6a593e03d5fef5d82ac7761803ae4,c,unknown,136,plain,"",false,,,,,,,,,"",,
101933317,101933324,112,d96b460962c6a593e03d5fef5d82ac7761803ae4,c,broken,46,plain,"",false,,,,,,,,,"",,
101933317,101933327,112,d96b460962c6a593e03d5fef5d82ac7761803ae4,c,unknown,128,plain,"",false,,,,,,,,,"",,
101933330,101933331,113,bd1d9a49f075a794d07152a7703d54f9178996cb,c,ok,51,plain,"",false,,,,,,,,,"",,
101933330,101933332,113,bd1d9a49f075a794d07152a7703d54f9178996cb,c,unknown,54,plain,"",false,,,,,,,,,"",,
101933330,101933333,113,bd1d9a49f075a794d07152a7703d54f9178996cb,c,broken,44,plain,"",false,,,,,,,,,"",,
101933330,101933334,113,bd1d9a49f075a794d07152a7703d54f9178996cb,c,unknown,46,plain,"",false,,,,,,,,,"",,
101935915,101935916,114,65575805f7d86f9f7f2e43f21f77bfbfd0d36273,c,ok,47,plain,"",false,,,,,,,,,"",,
101935915,101935917,114,65575805f7d86f9f7f2e43f21f77bfbfd0d36273,c,unknown,128,plain,"",false,,,,,,,,,"",,
101935915,101935918,114,65575805f7d86f9f7f2e43f21f77bfbfd0d36273,c,broken,48,plain,"",false,,,,,,,,,"",,
101935915,101935919,114,65575805f7d86f9f7f2e43f21f77bfbfd0d36273,c,unknown,127,plain,"",false,,,,,,,,,"",,
101935922,101935923,115,2150e9eb89af0b8b51531c5474d88e1747e92c56,c,ok,46,plain,"",false,,,,,,,,,"",,
101935922,101935924,115,2150e9eb89af0b8b51531c5474d88e1747e92c56,c,unknown,54,plain,"",false,,,,,,,,,"",,
101935922,101935925,115,2150e9eb89af0b8b51531c5474d88e1747e92c56,c,broken,42,plain,"",false,,,,,,,,,"",,
101935922,101935926,115,2150e9eb89af0b8b51531c5474d88e1747e92c56,c,unknown,46,plain,"",false,,,,,,,,,"",,
101941220,101941221,116,3e0758f3ebaf9399f8b103d6593751b1eddae920,c,ok,53,plain,"",false,,,,,,,,,"",,
101941220,101941222,116,3e0758f3ebaf9399f8b103d6593751b1eddae920,c,unknown,169,plain,"",false,,,,,,,,,"",,
101941220,101941223,116,3e0758f3ebaf9399f8b103d6593751b1eddae920,c,ok,43,plain,"",false,,,,,,,,,"",,
101941220,101941224,116,3e0758f3ebaf9399f8b103d6593751b1eddae920,c,unknown,160,plain,"",false,,,,,,,,,"",,
101941227,101941228,117,041b81bbf8d4e3910f194eb21a5b3986be7eebb7,c,ok,49,plain,"",false,,,,,,,,,"",,
101941227,101941229,117,041b81bbf8d4e3910f194eb21a5b3986be7eebb7,c,unknown,65,plain,"",false,,,,,,,,,"",,
101941227,101941230,117,041b81bbf8d4e3910f194eb21a5b3986be7eebb7,c,ok,44,plain,"",false,,,,,,,,,"",,
101941227,101941231,117,041b81bbf8d4e3910f194eb21a5b3986be7eebb7,c,unknown,52,plain,"",false,,,,,,,,,"",,
101946248,101946249,118,378e64ae3975ab19a302a1d1e4789dbadcbcc71b,c,ok,48,plain,"",false,,,,,,,,,"",,
101946248,101946250,118,378e64ae3975ab19a302a1d1e4789dbadcbcc71b,c,unknown,65,plain,"",false,,,,,,,,,"",,
101946248,101946251,118,378e64ae3975ab19a302a1d1e4789dbadcbcc71b,c,ok,42,plain,"",false,,,,,,,,,"",,
101946248,101946252,118,378e64ae3975ab19a302a1d1e4789dbadcbcc71b,c,unknown,42,plain,"",false,,,,,,,,,"",,
101947590,101947595,119,289a75c961bd46eee3c013be5d6e45f746ccc6a2,c,ok,52,plain,"",false,,,,,,,,,"",,
101947590,101947597,119,289a75c961bd46eee3c013be5d6e45f746ccc6a2,c,unknown,57,plain,"",false,,,,,,,,,"",,
101947590,101947598,119,289a75c961bd46eee3c013be5d6e45f746ccc6a2,c,ok,40,plain,"",false,,,,,,,,,"",,
101947590,101947599,119,289a75c961bd46eee3c013be5d6e45f746ccc6a2,c,unknown,45,plain,"",false,,,,,,,,,"",,
98804359,98804360,11,1bce456a63fede24be7b3118f39ea786a1e98f77,python,unknown,9,python,"",false,,,,,,,,,"",,
101954413,101954414,120,aba172e7b8621a441949621d52d30dad3e191c21,c,ok,48,plain,"",false,,,,,,,,,"",,
101954413,101954415,120,aba172e7b8621a441949621d52d30dad3e191c21,c,unknown,60,plain,"",false,,,,,,,,,"",,
101954413,101954416,120,aba172e7b8621a441949621d52d30dad3e191c21,c,ok,42,plain,"",false,,,,,,,,,"",,
101954413,101954417,120,aba172e7b8621a441949621d52d30dad3e191c21,c,unknown,49,plain,"",false,,,,,,,,,"",,
102158299,102158300,121,047f4feaa76f16f24c89551937fc8027e3c571e8,c,ok,56,plain,"",false,,,,,,,,,"",,
102158299,102158301,121,047f4feaa76f16f24c89551937fc8027e3c571e8,c,unknown,79,plain,"",false,,,,,,,,,"",,
102158299,102158302,121,047f4feaa76f16f24c89551937fc8027e3c571e8,c,ok,47,plain,"",false,,,,,,,,,"",,
102158299,102158303,121,047f4feaa76f16f24c89551937fc8027e3c571e8,c,unknown,66,plain,"",false,,,,,,,,,"",,
102171671,102171672,122,f210dc2ab13a12b3f1c2c6a317dc41e0c440bfb9,c,ok,52,plain,"",false,,,,,,,,,"",,
102171671,102171673,122,f210dc2ab13a12b3f1c2c6a317dc41e0c440bfb9,c,unknown,80,plain,"",false,,,,,,,,,"",,
102171671,102171674,122,f210dc2ab13a12b3f1c2c6a317dc41e0c440bfb9,c,ok,45,plain,"",false,,,,,,,,,"",,
102171671,102171675,122,f210dc2ab13a12b3f1c2c6a317dc41e0c440bfb9,c,unknown,54,plain,"",false,,,,,,,,,"",,
102361194,102361195,123,3c87b14fcdba4d1cbcc4e93d43d2905b570db49b,c,ok,53,plain,"",false,,,,,,,,,"",,
102361194,102361196,123,3c87b14fcdba4d1cbcc4e93d43d2905b570db49b,c,unknown,59,plain,"",false,,,,,,,,,"",,
102361194,102361197,123,3c87b14fcdba4d1cbcc4e93d43d2905b570db49b,c,ok,47,plain,"",false,,,,,,,,,"",,
102361194,102361198,123,3c87b14fcdba4d1cbcc4e93d43d2905b570db49b,c,unknown,50,plain,"",false,,,,,,,,,"",,
102361444,102361445,124,4b3bdb48b0bde66f3cc8dbabaf1ddae204a22475,c,ok,53,plain,"",false,,,,,,,,,"",,
102361444,102361446,124,4b3bdb48b0bde66f3cc8dbabaf1ddae204a22475,c,unknown,58,plain,"",false,,,,,,,,,"",,
102361444,102361447,124,4b3bdb48b0bde66f3cc8dbabaf1ddae204a22475,c,ok,46,plain,"",false,,,,,,,,,"",,
102361444,102361448,124,4b3bdb48b0bde66f3cc8dbabaf1ddae204a22475,c,unknown,58,plain,"",false,,,,,,,,,"",,
102363010,102363014,125,c18e297a19c82f41bdf8bb9a751ce6d55e8549f2,c,ok,54,plain,"",false,,,,,,,,,"",,
102363010,102363015,125,c18e297a19c82f41bdf8bb9a751ce6d55e8549f2,c,unknown,59,plain,"",false,,,,,,,,,"",,
102363010,102363016,125,c18e297a19c82f41bdf8bb9a751ce6d55e8549f2,c,ok,44,plain,"",false,,,,,,,,,"",,
102363010,102363017,125,c18e297a19c82f41bdf8bb9a751ce6d55e8549f2,c,unknown,61,plain,"",false,,,,,,,,,"",,
102364532,102364533,126,acfb51042ecf9b13aacfc3fa3c96b402acff89e0,c,ok,55,plain,"",false,,,,,,,,,"",,
102364532,102364534,126,acfb51042ecf9b13aacfc3fa3c96b402acff89e0,c,unknown,77,plain,"",false,,,,,,,,,"",,
102364532,102364535,126,acfb51042ecf9b13aacfc3fa3c96b402acff89e0,c,ok,42,plain,"",false,,,,,,,,,"",,
102364532,102364536,126,acfb51042ecf9b13aacfc3fa3c96b402acff89e0,c,unknown,44,plain,"",false,,,,,,,,,"",,
102364539,102364540,127,bb1ba271af2ba3fe5dfe5727be3dd785ddd37d66,c,unknown,4,plain,"",false,,,,,,,,,"",,
102364539,102364541,127,bb1ba271af2ba3fe5dfe5727be3dd785ddd37d66,c,unknown,4,plain,"",false,,,,,,,,,"",,
102364539,102364542,127,bb1ba271af2ba3fe5dfe5727be3dd785ddd37d66,c,unknown,4,plain,"",false,,,,,,,,,"",,
102364539,102364543,127,bb1ba271af2ba3fe5dfe5727be3dd785ddd37d66,c,unknown,5,plain,"",false,,,,,,,,,"",,
102364617,102364620,128,beef8f6235ddc9010d32dafb7a7c9f3c2f8d1125,c,ok,53,plain,"",false,,,,,,,,,"",,
102364617,102364623,128,beef8f6235ddc9010d32dafb7a7c9f3c2f8d1125,c,unknown,63,plain,"",false,,,,,,,,,"",,
102364617,102364632,128,beef8f6235ddc9010d32dafb7a7c9f3c2f8d1125,c,ok,45,plain,"",false,,,,,,,,,"",,
102364617,102364633,128,beef8f6235ddc9010d32dafb7a7c9f3c2f8d1125,c,unknown,42,plain,"",false,,,,,,,,,"",,
102381328,102381330,129,855e6845cb9853cd895f1d8dbd01c78d1a6d2d6b,c,ok,50,plain,"",false,,,,,,,,,"",,
102381328,102381335,129,855e6845cb9853cd895f1d8dbd01c78d1a6d2d6b,c,unknown,64,plain,"",false,,,,,,,,,"",,
102381328,102381337,129,855e6845cb9853cd895f1d8dbd01c78d1a6d2d6b,c,ok,43,plain,"",false,,,,,,,,,"",,
102381328,102381338,129,855e6845cb9853cd895f1d8dbd01c78d1a6d2d6b,c,unknown,62,plain,"",false,,,,,,,,,"",,
98804661,98804662,12,c7b2382b4def99fb7e3be283fb37800933552778,python,unknown,44,python,"",false,,,,,,,,,"",,
102400305,102400306,130,90645c15fceff546a9ebb13b104477c0d58f1362,c,ok,51,plain,"",false,,,,,,,,,"",,
102400305,102400307,130,90645c15fceff546a9ebb13b104477c0d58f1362,c,unknown,60,plain,"",false,,,,,,,,,"",,
102400305,102400308,130,90645c15fceff546a9ebb13b104477c0d58f1362,c,ok,53,plain,"",false,,,,,,,,,"",,
102400305,102400309,130,90645c15fceff546a9ebb13b104477c0d58f1362,c,unknown,55,plain,"",false,,,,,,,,,"",,
102430346,102430347,131,6380105f7acf6a2b3a2b567b25aebc029ee9455d,c,ok,49,plain,"",false,,,,,,,,,"",,
102430346,102430350,131,6380105f7acf6a2b3a2b567b25aebc029ee9455d,c,unknown,58,plain,"",false,,,,,,,,,"",,
102430346,102430351,131,6380105f7acf6a2b3a2b567b25aebc029ee9455d,c,ok,46,plain,"",false,,,,,,,,,"",,
102430346,102430352,131,6380105f7acf6a2b3a2b567b25aebc029ee9455d,c,unknown,68,plain,"",false,,,,,,,,,"",,
102668334,102668340,132,fccb71ef294a2f49bdff0a7a4c77656adf736378,c,ok,52,plain,"",false,,,,,,,,,"",,
102668334,102668349,132,fccb71ef294a2f49bdff0a7a4c77656adf736378,c,unknown,55,plain,"",false,,,,,,,,,"",,
102668334,102668357,132,fccb71ef294a2f49bdff0a7a4c77656adf736378,c,ok,49,plain,"",false,,,,,,,,,"",,
102668334,102668360,132,fccb71ef294a2f49bdff0a7a4c77656adf736378,c,unknown,49,plain,"",false,,,,,,,,,"",,
102819500,102819501,133,65e134991ea8fc29aab0708d73f3c9cd5f2fff17,c,ok,52,plain,"",false,,,,,,,,,"",,
102819500,102819502,133,65e134991ea8fc29aab0708d73f3c9cd5f2fff17,c,unknown,55,plain,"",false,,,,,,,,,"",,
102819500,102819503,133,65e134991ea8fc29aab0708d73f3c9cd5f2fff17,c,ok,43,plain,"",false,,,,,,,,,"",,
102819500,102819504,133,65e134991ea8fc29aab0708d73f3c9cd5f2fff17,c,unknown,44,plain,"",false,,,,,,,,,"",,
102819695,102819696,134,c1fe966c6fb5792bdb78ad0c4df229c4ea3bfd1b,c,ok,57,plain,"",false,,,,,,,,,"",,
102819695,102819697,134,c1fe966c6fb5792bdb78ad0c4df229c4ea3bfd1b,c,unknown,45,plain,"",false,,,,,,,,,"",,
102819695,102819698,134,c1fe966c6fb5792bdb78ad0c4df229c4ea3bfd1b,c,ok,44,plain,"",false,,,,,,,,,"",,
102819695,102819699,134,c1fe966c6fb5792bdb78ad0c4df229c4ea3bfd1b,c,unknown,40,plain,"",false,,,,,,,,,"",,
102827551,102827554,135,e8cb2824af43fdd7f44d705a06b2ae9b1fd4d5d1,c,ok,51,plain,"",false,,,,,,,,,"",,
102827551,102827559,135,e8cb2824af43fdd7f44d705a06b2ae9b1fd4d5d1,c,unknown,51,plain,"",false,,,,,,,,,"",,
102827551,102827560,135,e8cb2824af43fdd7f44d705a06b2ae9b1fd4d5d1,c,ok,43,plain,"",false,,,,,,,,,"",,
102827551,102827561,135,e8cb2824af43fdd7f44d705a06b2ae9b1fd4d5d1,c,unknown,39,plain,"",false,,,,,,,,,"",,
102828110,102828111,136,5f4b4c06eeb8059073635fe6dc114f437af2f5a2,c,ok,49,plain,"",false,,,,,,,,,"",,
102828110,102828112,136,5f4b4c06eeb8059073635fe6dc114f437af2f5a2,c,unknown,53,plain,"",false,,,,,,,,,"",,
102828110,102828113,136,5f4b4c06eeb8059073635fe6dc114f437af2f5a2,c,ok,44,plain,"",false,,,,,,,,,"",,
102828110,102828114,136,5f4b4c06eeb8059073635fe6dc114f437af2f5a2,c,unknown,42,plain,"",false,,,,,,,,,"",,
102829829,102829830,137,5f4b4c06eeb8059073635fe6dc114f437af2f5a2,c,ok,50,plain,"",false,,,,,,,,,"",,
102829829,102829831,137,5f4b4c06eeb8059073635fe6dc114f437af2f5a2,c,unknown,49,plain,"",false,,,,,,,,,"",,
102829829,102829832,137,5f4b4c06eeb8059073635fe6dc114f437af2f5a2,c,ok,43,plain,"",false,,,,,,,,,"",,
102829829,102829833,137,5f4b4c06eeb8059073635fe6dc114f437af2f5a2,c,unknown,40,plain,"",false,,,,,,,,,"",,
104411306,104411307,138,4544fa948d8fdc0aaa6b1be94dc5d2a1462069fa,c,ok,53,plain,"",false,,,,,,,,,"",,
104411306,104411308,138,4544fa948d8fdc0aaa6b1be94dc5d2a1462069fa,c,unknown,51,plain,"",false,,,,,,,,,"",,
104411306,104411309,138,4544fa948d8fdc0aaa6b1be94dc5d2a1462069fa,c,ok,44,plain,"",false,,,,,,,,,"",,
104411306,104411310,138,4544fa948d8fdc0aaa6b1be94dc5d2a1462069fa,c,unknown,43,plain,"",false,,,,,,,,,"",,
104413843,104413844,139,a8956c40662a2b821f6e4633e197af146153804b,c,ok,46,plain,"",false,,,,,,,,,"",,
104413843,104413845,139,a8956c40662a2b821f6e4633e197af146153804b,c,unknown,51,plain,"",false,,,,,,,,,"",,
104413843,104413846,139,a8956c40662a2b821f6e4633e197af146153804b,c,ok,43,plain,"",false,,,,,,,,,"",,
104413843,104413847,139,a8956c40662a2b821f6e4633e197af146153804b,c,unknown,42,plain,"",false,,,,,,,,,"",,
98805000,98805001,13,01f3624e04d9719b9fa9f1dec1b3e2b23127ff9b,python,unknown,39,python,"",false,,,,,,,,,"",,
104944029,104944030,140,691b169c543b0f43c20363633f8d7674e42ced64,c,ok,46,plain,"",false,,,,,,,,,"",,
104944029,104944031,140,691b169c543b0f43c20363633f8d7674e42ced64,c,unknown,83,plain,"",false,,,,,,,,,"",,
104944029,104944033,140,691b169c543b0f43c20363633f8d7674e42ced64,c,ok,44,plain,"",false,,,,,,,,,"",,
104944029,104944034,140,691b169c543b0f43c20363633f8d7674e42ced64,c,unknown,77,plain,"",false,,,,,,,,,"",,
104946922,104946923,141,9caf4fb88bd7fa66b55791580b6f04ba9a5d325b,c,ok,51,plain,"",false,,,,,,,,,"",,
104946922,104946924,141,9caf4fb88bd7fa66b55791580b6f04ba9a5d325b,c,unknown,85,plain,"",false,,,,,,,,,"",,
104946922,104946925,141,9caf4fb88bd7fa66b55791580b6f04ba9a5d325b,c,ok,48,plain,"",false,,,,,,,,,"",,
104946922,104946928,141,9caf4fb88bd7fa66b55791580b6f04ba9a5d325b,c,unknown,78,plain,"",false,,,,,,,,,"",,
104946922,104946929,141,9caf4fb88bd7fa66b55791580b6f04ba9a5d325b,c,ok,43,plain,"",false,,,,,,,,,"",,
104946922,104946930,141,9caf4fb88bd7fa66b55791580b6f04ba9a5d325b,c,unknown,55,plain,"",false,,,,,,,,,"",,
104947020,104947021,142,51e43c376b5ccb271265ab0de511986c99f8a5e8,c,ok,50,plain,"",false,,,,,,,,,"",,
104947020,104947022,142,51e43c376b5ccb271265ab0de511986c99f8a5e8,c,unknown,72,plain,"",false,,,,,,,,,"",,
104947020,104947023,142,51e43c376b5ccb271265ab0de511986c99f8a5e8,c,ok,46,plain,"",false,,,,,,,,,"",,
104947020,104947024,142,51e43c376b5ccb271265ab0de511986c99f8a5e8,c,unknown,64,plain,"",false,,,,,,,,,"",,
104947020,104947027,142,51e43c376b5ccb271265ab0de511986c99f8a5e8,c,ok,40,plain,"",false,,,,,,,,,"",,
104947020,104947035,142,51e43c376b5ccb271265ab0de511986c99f8a5e8,c,unknown,60,plain,"",false,,,,,,,,,"",,
104954284,104954285,143,7902d2f20507c35f53ab446b6d5139ba18ded47b,c,ok,49,plain,"",false,,,,,,,,,"",,
104954284,104954287,143,7902d2f20507c35f53ab446b6d5139ba18ded47b,c,unknown,70,plain,"",false,,,,,,,,,"",,
104954284,104954288,143,7902d2f20507c35f53ab446b6d5139ba18ded47b,c,ok,53,plain,"",false,,,,,,,,,"",,
104954284,104954290,143,7902d2f20507c35f53ab446b6d5139ba18ded47b,c,unknown,67,plain,"",false,,,,,,,,,"",,
104954284,104954292,143,7902d2f20507c35f53ab446b6d5139ba18ded47b,c,ok,47,plain,"",false,,,,,,,,,"",,
104954284,104954293,143,7902d2f20507c35f53ab446b6d5139ba18ded47b,c,unknown,71,plain,"",false,,,,,,,,,"",,
104954295,104954296,144,82b905805ff61ff296ec780210a952dc1d9e4c45,c,unknown,7,plain,"",false,,,,,,,,,"",,
104954295,104954297,144,82b905805ff61ff296ec780210a952dc1d9e4c45,c,unknown,4,plain,"",false,,,,,,,,,"",,
104954295,104954300,144,82b905805ff61ff296ec780210a952dc1d9e4c45,c,unknown,4,plain,"",false,,,,,,,,,"",,
104954295,104954301,144,82b905805ff61ff296ec780210a952dc1d9e4c45,c,unknown,3,plain,"",false,,,,,,,,,"",,
104954295,104954304,144,82b905805ff61ff296ec780210a952dc1d9e4c45,c,unknown,4,plain,"",false,,,,,,,,,"",,
104954295,104954305,144,82b905805ff61ff296ec780210a952dc1d9e4c45,c,unknown,4,plain,"",false,,,,,,,,,"",,
104956289,104956295,145,d7a95977c935f6230fd0b25ba81564ac27882874,c,ok,48,plain,"",false,,,,,,,,,"",,
104956289,104956297,145,d7a95977c935f6230fd0b25ba81564ac27882874,c,unknown,70,plain,"",false,,,,,,,,,"",,
104956289,104956300,145,d7a95977c935f6230fd0b25ba81564ac27882874,c,ok,48,plain,"",false,,,,,,,,,"",,
104956289,104956301,145,d7a95977c935f6230fd0b25ba81564ac27882874,c,unknown,64,plain,"",false,,,,,,,,,"",,
104956289,104956302,145,d7a95977c935f6230fd0b25ba81564ac27882874,c,ok,43,plain,"",false,,,,,,,,,"",,
104956289,104956303,145,d7a95977c935f6230fd0b25ba81564ac27882874,c,unknown,48,plain,"",false,,,,,,,,,"",,
104956535,104956538,146,d7a95977c935f6230fd0b25ba81564ac27882874,c,unknown,49,plain,"",false,,,,,,,,,"",,
104956535,104956548,146,d7a95977c935f6230fd0b25ba81564ac27882874,c,unknown,48,plain,"",false,,,,,,,,,"",,
104956535,104956556,146,d7a95977c935f6230fd0b25ba81564ac27882874,c,unknown,50,plain,"",false,,,,,,,,,"",,
104956535,104956558,146,d7a95977c935f6230fd0b25ba81564ac27882874,c,unknown,65,plain,"",false,,,,,,,,,"",,
104956535,104956561,146,d7a95977c935f6230fd0b25ba81564ac27882874,c,unknown,44,plain,"",false,,,,,,,,,"",,
104956535,104956564,146,d7a95977c935f6230fd0b25ba81564ac27882874,c,unknown,55,plain,"",false,,,,,,,,,"",,
104970523,104970524,147,9ec6c58f734c68a81aeb7bd82eca785a0e9ae836,c,ok,50,plain,"",false,,,,,,,,,"",,
104970523,104970525,147,9ec6c58f734c68a81aeb7bd82eca785a0e9ae836,c,unknown,78,plain,"",false,,,,,,,,,"",,
104970523,104970526,147,9ec6c58f734c68a81aeb7bd82eca785a0e9ae836,c,ok,51,plain,"",false,,,,,,,,,"",,
104970523,104970527,147,9ec6c58f734c68a81aeb7bd82eca785a0e9ae836,c,unknown,67,plain,"",false,,,,,,,,,"",,
104970523,104970528,147,9ec6c58f734c68a81aeb7bd82eca785a0e9ae836,c,ok,45,plain,"",false,,,,,,,,,"",,
104970523,104970529,147,9ec6c58f734c68a81aeb7bd82eca785a0e9ae836,c,unknown,65,plain,"",false,,,,,,,,,"",,
104972937,104972939,148,9ec6c58f734c68a81aeb7bd82eca785a0e9ae836,c,ok,45,plain,"",false,,,,,,,,,"",,
104972937,104972940,148,9ec6c58f734c68a81aeb7bd82eca785a0e9ae836,c,unknown,76,plain,"",false,,,,,,,,,"",,
104972937,104972941,148,9ec6c58f734c68a81aeb7bd82eca785a0e9ae836,c,ok,49,plain,"",false,,,,,,,,,"",,
104972937,104972943,148,9ec6c58f734c68a81aeb7bd82eca785a0e9ae836,c,unknown,59,plain,"",false,,,,,,,,,"",,
104972937,104972944,148,9ec6c58f734c68a81aeb7bd82eca785a0e9ae836,c,ok,46,plain,"",false,,,,,,,,,"",,
104972937,104972945,148,9ec6c58f734c68a81aeb7bd82eca785a0e9ae836,c,unknown,52,plain,"",false,,,,,,,,,"",,
104976648,104976655,149,b860d40b6fae98e58d7c3bca7988dda80e62700b,c,ok,58,plain,"",false,,,,,,,,,"",,
104976648,104976659,149,b860d40b6fae98e58d7c3bca7988dda80e62700b,c,unknown,67,plain,"",false,,,,,,,,,"",,
104976648,104976661,149,b860d40b6fae98e58d7c3bca7988dda80e62700b,c,ok,56,plain,"",false,,,,,,,,,"",,
104976648,104976663,149,b860d40b6fae98e58d7c3bca7988dda80e62700b,c,unknown,64,plain,"",false,,,,,,,,,"",,
104976648,104976664,149,b860d40b6fae98e58d7c3bca7988dda80e62700b,c,ok,51,plain,"",false,,,,,,,,,"",,
104976648,104976665,149,b860d40b6fae98e58d7c3bca7988dda80e62700b,c,unknown,8,plain,"",false,,,,,,,,,"",,
98805293,98805294,14,2f9f706fda7956cde21f11c3ecd43f7d9c3e2a6e,python,broken,36,python,unittest,true,true,1,8,9,0,,,,"",0.04,
104981679,104981680,150,fa643e1d2be67e0800b62809aefcfd65c6b965dd,c,ok,48,plain,"",false,,,,,,,,,"",,
104981679,104981681,150,fa643e1d2be67e0800b62809aefcfd65c6b965dd,c,unknown,73,plain,"",false,,,,,,,,,"",,
104981679,104981682,150,fa643e1d2be67e0800b62809aefcfd65c6b965dd,c,ok,52,plain,"",false,,,,,,,,,"",,
104981679,104981683,150,fa643e1d2be67e0800b62809aefcfd65c6b965dd,c,unknown,84,plain,"",false,,,,,,,,,"",,
104981679,104981685,150,fa643e1d2be67e0800b62809aefcfd65c6b965dd,c,ok,46,plain,"",false,,,,,,,,,"",,
104981679,104981688,150,fa643e1d2be67e0800b62809aefcfd65c6b965dd,c,unknown,60,plain,"",false,,,,,,,,,"",,
104982044,104982045,151,fa643e1d2be67e0800b62809aefcfd65c6b965dd,c,ok,50,plain,"",false,,,,,,,,,"",,
104982044,104982046,151,fa643e1d2be67e0800b62809aefcfd65c6b965dd,c,unknown,85,plain,"",false,,,,,,,,,"",,
104982044,104982047,151,fa643e1d2be67e0800b62809aefcfd65c6b965dd,c,ok,48,plain,"",false,,,,,,,,,"",,
104982044,104982049,151,fa643e1d2be67e0800b62809aefcfd65c6b965dd,c,unknown,77,plain,"",false,,,,,,,,,"",,
104982044,104982051,151,fa643e1d2be67e0800b62809aefcfd65c6b965dd,c,ok,44,plain,"",false,,,,,,,,,"",,
104982044,104982053,151,fa643e1d2be67e0800b62809aefcfd65c6b965dd,c,unknown,59,plain,"",false,,,,,,,,,"",,
105008955,105008961,152,578fbab78263ca70257f4fbb2b5162552cffd6ed,c,ok,48,plain,"",false,,,,,,,,,"",,
105008955,105008965,152,578fbab78263ca70257f4fbb2b5162552cffd6ed,c,unknown,67,plain,"",false,,,,,,,,,"",,
105008955,105008968,152,578fbab78263ca70257f4fbb2b5162552cffd6ed,c,ok,49,plain,"",false,,,,,,,,,"",,
105008955,105008969,152,578fbab78263ca70257f4fbb2b5162552cffd6ed,c,unknown,63,plain,"",false,,,,,,,,,"",,
105008955,105008970,152,578fbab78263ca70257f4fbb2b5162552cffd6ed,c,ok,46,plain,"",false,,,,,,,,,"",,
105008955,105008971,152,578fbab78263ca70257f4fbb2b5162552cffd6ed,c,unknown,60,plain,"",false,,,,,,,,,"",,
105026729,105026731,153,dd52f665bd4465c95ac69ea152c9de907e4d80f8,c,ok,78,plain,"",false,,,,,,,,,"",,
105026729,105026732,153,dd52f665bd4465c95ac69ea152c9de907e4d80f8,c,unknown,63,plain,"",false,,,,,,,,,"",,
105026729,105026734,153,dd52f665bd4465c95ac69ea152c9de907e4d80f8,c,ok,64,plain,"",false,,,,,,,,,"",,
105026729,105026735,153,dd52f665bd4465c95ac69ea152c9de907e4d80f8,c,unknown,71,plain,"",false,,,,,,,,,"",,
105026729,105026736,153,dd52f665bd4465c95ac69ea152c9de907e4d80f8,c,ok,73,plain,"",false,,,,,,,,,"",,
105026729,105026737,153,dd52f665bd4465c95ac69ea152c9de907e4d80f8,c,unknown,53,plain,"",false,,,,,,,,,"",,
105027003,105027005,154,dd52f665bd4465c95ac69ea152c9de907e4d80f8,c,ok,48,plain,"",false,,,,,,,,,"",,
105027003,105027007,154,dd52f665bd4465c95ac69ea152c9de907e4d80f8,c,unknown,78,plain,"",false,,,,,,,,,"",,
105027003,105027009,154,dd52f665bd4465c95ac69ea152c9de907e4d80f8,c,ok,48,plain,"",false,,,,,,,,,"",,
105027003,105027010,154,dd52f665bd4465c95ac69ea152c9de907e4d80f8,c,unknown,57,plain,"",false,,,,,,,,,"",,
105027003,105027012,154,dd52f665bd4465c95ac69ea152c9de907e4d80f8,c,ok,44,plain,"",false,,,,,,,,,"",,
105027003,105027014,154,dd52f665bd4465c95ac69ea152c9de907e4d80f8,c,unknown,52,plain,"",false,,,,,,,,,"",,
105115429,105115430,155,a91650d17ae575650264a008c577b481db5965b3,c,ok,51,plain,"",false,,,,,,,,,"",,
105115429,105115431,155,a91650d17ae575650264a008c577b481db5965b3,c,unknown,54,plain,"",false,,,,,,,,,"",,
105115429,105115432,155,a91650d17ae575650264a008c577b481db5965b3,c,ok,53,plain,"",false,,,,,,,,,"",,
105115429,105115433,155,a91650d17ae575650264a008c577b481db5965b3,c,unknown,52,plain,"",false,,,,,,,,,"",,
105115429,105115434,155,a91650d17ae575650264a008c577b481db5965b3,c,ok,41,plain,"",false,,,,,,,,,"",,
105115429,105115435,155,a91650d17ae575650264a008c577b481db5965b3,c,unknown,46,plain,"",false,,,,,,,,,"",,
107797300,107797301,156,441d29efdbd9490af8db15b1a5e439851fad1a68,c,ok,73,plain,"",false,,,,,,,,,"",,
107797300,107797303,156,441d29efdbd9490af8db15b1a5e439851fad1a68,c,unknown,179,plain,"",false,,,,,,,,,"",,
107797300,107797307,156,441d29efdbd9490af8db15b1a5e439851fad1a68,c,ok,74,plain,"",false,,,,,,,,,"",,
107797300,107797308,156,441d29efdbd9490af8db15b1a5e439851fad1a68,c,unknown,166,plain,"",false,,,,,,,,,"",,
107797300,107797313,156,441d29efdbd9490af8db15b1a5e439851fad1a68,c,ok,67,plain,"",false,,,,,,,,,"",,
107797300,107797315,156,441d29efdbd9490af8db15b1a5e439851fad1a68,c,unknown,111,plain,"",false,,,,,,,,,"",,
109190298,109190299,157,9d6d47a49e76f587b9c07adac03dfae9a72eaca9,c,ok,69,plain,"",false,,,,,,,,,"",,
109190298,109190300,157,9d6d47a49e76f587b9c07adac03dfae9a72eaca9,c,unknown,99,plain,"",false,,,,,,,,,"",,
109190298,109190301,157,9d6d47a49e76f587b9c07adac03dfae9a72eaca9,c,ok,66,plain,"",false,,,,,,,,,"",,
109190298,109190302,157,9d6d47a49e76f587b9c07adac03dfae9a72eaca9,c,unknown,100,plain,"",false,,,,,,,,,"",,
109190298,109190303,157,9d6d47a49e76f587b9c07adac03dfae9a72eaca9,c,ok,70,plain,"",false,,,,,,,,,"",,
109190298,109190304,157,9d6d47a49e76f587b9c07adac03dfae9a72eaca9,c,unknown,98,plain,"",false,,,,,,,,,"",,
109191545,109191546,158,65c5cda7c72b4fbbb86073447be146e0478b046e,c,ok,71,plain,"",false,,,,,,,,,"",,
109191545,109191547,158,65c5cda7c72b4fbbb86073447be146e0478b046e,c,unknown,101,plain,"",false,,,,,,,,,"",,
109191545,109191548,158,65c5cda7c72b4fbbb86073447be146e0478b046e,c,ok,69,plain,"",false,,,,,,,,,"",,
109191545,109191549,158,65c5cda7c72b4fbbb86073447be146e0478b046e,c,unknown,97,plain,"",false,,,,,,,,,"",,
109191545,109191550,158,65c5cda7c72b4fbbb86073447be146e0478b046e,c,ok,63,plain,"",false,,,,,,,,,"",,
109191545,109191552,158,65c5cda7c72b4fbbb86073447be146e0478b046e,c,unknown,102,plain,"",false,,,,,,,,,"",,
109192697,109192698,159,5572ec7b96d3996daa54a050241994be9ccb49aa,c,ok,71,plain,"",false,,,,,,,,,"",,
109192697,109192699,159,5572ec7b96d3996daa54a050241994be9ccb49aa,c,unknown,101,plain,"",false,,,,,,,,,"",,
109192697,109192700,159,5572ec7b96d3996daa54a050241994be9ccb49aa,c,ok,72,plain,"",false,,,,,,,,,"",,
109192697,109192701,159,5572ec7b96d3996daa54a050241994be9ccb49aa,c,unknown,94,plain,"",false,,,,,,,,,"",,
109192697,109192702,159,5572ec7b96d3996daa54a050241994be9ccb49aa,c,ok,63,plain,"",false,,,,,,,,,"",,
109192697,109192703,159,5572ec7b96d3996daa54a050241994be9ccb49aa,c,unknown,82,plain,"",false,,,,,,,,,"",,
98807536,98807537,15,d05a1d9527ac11625605bada53245beb89a88823,python,unknown,14,python,"",false,,,,,,,,,"",,
98807536,98807538,15,d05a1d9527ac11625605bada53245beb89a88823,python,unknown,2,python,"",false,,,,,,,,,"",,
109193996,109193997,160,5572ec7b96d3996daa54a050241994be9ccb49aa,c,ok,70,plain,"",false,,,,,,,,,"",,
109193996,109193999,160,5572ec7b96d3996daa54a050241994be9ccb49aa,c,unknown,110,plain,"",false,,,,,,,,,"",,
109193996,109194006,160,5572ec7b96d3996daa54a050241994be9ccb49aa,c,ok,66,plain,"",false,,,,,,,,,"",,
109193996,109194008,160,5572ec7b96d3996daa54a050241994be9ccb49aa,c,unknown,106,plain,"",false,,,,,,,,,"",,
109193996,109194009,160,5572ec7b96d3996daa54a050241994be9ccb49aa,c,ok,68,plain,"",false,,,,,,,,,"",,
109193996,109194010,160,5572ec7b96d3996daa54a050241994be9ccb49aa,c,unknown,111,plain,"",false,,,,,,,,,"",,
109213269,109213270,161,fd14069b7d4ea256c46d255ce0af99b2e62dc70f,c,ok,71,plain,"",false,,,,,,,,,"",,
109213269,109213271,161,fd14069b7d4ea256c46d255ce0af99b2e62dc70f,c,unknown,106,plain,"",false,,,,,,,,,"",,
109213269,109213272,161,fd14069b7d4ea256c46d255ce0af99b2e62dc70f,c,ok,68,plain,"",false,,,,,,,,,"",,
109213269,109213273,161,fd14069b7d4ea256c46d255ce0af99b2e62dc70f,c,unknown,117,plain,"",false,,,,,,,,,"",,
109213269,109213274,161,fd14069b7d4ea256c46d255ce0af99b2e62dc70f,c,ok,63,plain,"",false,,,,,,,,,"",,
109213269,109213275,161,fd14069b7d4ea256c46d255ce0af99b2e62dc70f,c,unknown,96,plain,"",false,,,,,,,,,"",,
109213932,109213933,162,fd14069b7d4ea256c46d255ce0af99b2e62dc70f,c,ok,70,plain,"",false,,,,,,,,,"",,
109213932,109213934,162,fd14069b7d4ea256c46d255ce0af99b2e62dc70f,c,unknown,101,plain,"",false,,,,,,,,,"",,
109213932,109213935,162,fd14069b7d4ea256c46d255ce0af99b2e62dc70f,c,ok,80,plain,"",false,,,,,,,,,"",,
109213932,109213936,162,fd14069b7d4ea256c46d255ce0af99b2e62dc70f,c,unknown,100,plain,"",false,,,,,,,,,"",,
109213932,109213937,162,fd14069b7d4ea256c46d255ce0af99b2e62dc70f,c,ok,62,plain,"",false,,,,,,,,,"",,
109213932,109213940,162,fd14069b7d4ea256c46d255ce0af99b2e62dc70f,c,unknown,82,plain,"",false,,,,,,,,,"",,
122485523,122485524,163,c7efdf68ebba49831750660bb5dc429efc1ddfbb,c,ok,63,plain,"",false,,,,,,,,,"",,
122485523,122485525,163,c7efdf68ebba49831750660bb5dc429efc1ddfbb,c,unknown,92,plain,"",false,,,,,,,,,"",,
122485523,122485526,163,c7efdf68ebba49831750660bb5dc429efc1ddfbb,c,ok,71,plain,"",false,,,,,,,,,"",,
122485523,122485527,163,c7efdf68ebba49831750660bb5dc429efc1ddfbb,c,unknown,88,plain,"",false,,,,,,,,,"",,
122485523,122485528,163,c7efdf68ebba49831750660bb5dc429efc1ddfbb,c,ok,62,plain,"",false,,,,,,,,,"",,
122485523,122485529,163,c7efdf68ebba49831750660bb5dc429efc1ddfbb,c,unknown,100,plain,"",false,,,,,,,,,"",,
122485592,122485594,164,7d0cbaa062f7d9e0e1b109a35cfc0e33fe7c9abf,c,ok,62,plain,"",false,,,,,,,,,"",,
122485592,122485595,164,7d0cbaa062f7d9e0e1b109a35cfc0e33fe7c9abf,c,unknown,107,plain,"",false,,,,,,,,,"",,
122485592,122485597,164,7d0cbaa062f7d9e0e1b109a35cfc0e33fe7c9abf,c,ok,130,plain,"",false,,,,,,,,,"",,
122485592,122485598,164,7d0cbaa062f7d9e0e1b109a35cfc0e33fe7c9abf,c,unknown,92,plain,"",false,,,,,,,,,"",,
122485592,122485599,164,7d0cbaa062f7d9e0e1b109a35cfc0e33fe7c9abf,c,ok,61,plain,"",false,,,,,,,,,"",,
122485592,122485600,164,7d0cbaa062f7d9e0e1b109a35cfc0e33fe7c9abf,c,unknown,78,plain,"",false,,,,,,,,,"",,
122490635,122490636,165,9b1cfa0a4c06db75b5aac145b9d97a2f3d67f4c1,c,unknown,71,plain,"",false,,,,,,,,,"",,
122490635,122490637,165,9b1cfa0a4c06db75b5aac145b9d97a2f3d67f4c1,c,unknown,98,plain,"",false,,,,,,,,,"",,
122490635,122490638,165,9b1cfa0a4c06db75b5aac145b9d97a2f3d67f4c1,c,unknown,65,plain,"",false,,,,,,,,,"",,
122490635,122490639,165,9b1cfa0a4c06db75b5aac145b9d97a2f3d67f4c1,c,unknown,109,plain,"",false,,,,,,,,,"",,
122490635,122490640,165,9b1cfa0a4c06db75b5aac145b9d97a2f3d67f4c1,c,unknown,67,plain,"",false,,,,,,,,,"",,
122490635,122490641,165,9b1cfa0a4c06db75b5aac145b9d97a2f3d67f4c1,c,unknown,82,plain,"",false,,,,,,,,,"",,
122490642,122490643,166,23a9ac0e03aadc9a152a3bc74d3c134b04bfa4fd,c,unknown,63,plain,"",false,,,,,,,,,"",,
122490642,122490644,166,23a9ac0e03aadc9a152a3bc74d3c134b04bfa4fd,c,unknown,98,plain,"",false,,,,,,,,,"",,
122490642,122490645,166,23a9ac0e03aadc9a152a3bc74d3c134b04bfa4fd,c,unknown,63,plain,"",false,,,,,,,,,"",,
122490642,122490646,166,23a9ac0e03aadc9a152a3bc74d3c134b04bfa4fd,c,unknown,104,plain,"",false,,,,,,,,,"",,
122490642,122490647,166,23a9ac0e03aadc9a152a3bc74d3c134b04bfa4fd,c,unknown,57,plain,"",false,,,,,,,,,"",,
122490642,122490648,166,23a9ac0e03aadc9a152a3bc74d3c134b04bfa4fd,c,unknown,87,plain,"",false,,,,,,,,,"",,
122580554,122580563,167,8a8b85b3d217f458c6ede8e903d6ce66b6af29fe,c,unknown,62,plain,"",false,,,,,,,,,"",,
122580554,122580566,167,8a8b85b3d217f458c6ede8e903d6ce66b6af29fe,c,unknown,169,plain,"",false,,,,,,,,,"",,
122580554,122580567,167,8a8b85b3d217f458c6ede8e903d6ce66b6af29fe,c,unknown,70,plain,"",false,,,,,,,,,"",,
122580554,122580568,167,8a8b85b3d217f458c6ede8e903d6ce66b6af29fe,c,unknown,165,plain,"",false,,,,,,,,,"",,
122580554,122580569,167,8a8b85b3d217f458c6ede8e903d6ce66b6af29fe,c,unknown,237,plain,"",false,,,,,,,,,"",,
122580554,122580570,167,8a8b85b3d217f458c6ede8e903d6ce66b6af29fe,c,unknown,170,plain,"",false,,,,,,,,,"",,
122580571,122580572,168,d868e3a5586797b7483bd29fb0e58eda4b168d27,c,unknown,66,plain,"",false,,,,,,,,,"",,
122580571,122580573,168,d868e3a5586797b7483bd29fb0e58eda4b168d27,c,unknown,156,plain,"",false,,,,,,,,,"",,
122580571,122580574,168,d868e3a5586797b7483bd29fb0e58eda4b168d27,c,unknown,63,plain,"",false,,,,,,,,,"",,
122580571,122580575,168,d868e3a5586797b7483bd29fb0e58eda4b168d27,c,unknown,182,plain,"",false,,,,,,,,,"",,
122580571,122580576,168,d868e3a5586797b7483bd29fb0e58eda4b168d27,c,unknown,74,plain,"",false,,,,,,,,,"",,
122580571,122580577,168,d868e3a5586797b7483bd29fb0e58eda4b168d27,c,unknown,170,plain,"",false,,,,,,,,,"",,
122580580,122580581,169,626ac9bd9695c21631db6751270e9b5d63f88e3d,unknown,unknown,,plain,"",false,,,,,,,,,"",,
122580580,122580582,169,626ac9bd9695c21631db6751270e9b5d63f88e3d,unknown,unknown,,plain,"",false,,,,,,,,,"",,
122580580,122580583,169,626ac9bd9695c21631db6751270e9b5d63f88e3d,unknown,unknown,,plain,"",false,,,,,,,,,"",,
122580580,122580584,169,626ac9bd9695c21631db6751270e9b5d63f88e3d,unknown,unknown,,plain,"",false,,,,,,,,,"",,
122580580,122580585,169,626ac9bd9695c21631db6751270e9b5d63f88e3d,unknown,unknown,,plain,"",false,,,,,,,,,"",,
122580580,122580587,169,626ac9bd9695c21631db6751270e9b5d63f88e3d,unknown,unknown,,plain,"",false,,,,,,,,,"",,
98807942,98807943,16,4d006e7d41c24e3764f60970060c2103f57d024b,python,unknown,15,python,"",false,,,,,,,,,"",,
98807942,98807944,16,4d006e7d41c24e3764f60970060c2103f57d024b,python,unknown,2,python,"",false,,,,,,,,,"",,
122585781,122585782,170,66141e8e4f1dad609c0544f4317dc0b697bcad0a,c,ok,63,plain,"",false,,,,,,,,,"",,
122585781,122585783,170,66141e8e4f1dad609c0544f4317dc0b697bcad0a,c,unknown,157,plain,"",false,,,,,,,,,"",,
122585781,122585784,170,66141e8e4f1dad609c0544f4317dc0b697bcad0a,c,ok,76,plain,"",false,,,,,,,,,"",,
122585781,122585785,170,66141e8e4f1dad609c0544f4317dc0b697bcad0a,c,unknown,143,plain,"",false,,,,,,,,,"",,
122585781,122585786,170,66141e8e4f1dad609c0544f4317dc0b697bcad0a,c,ok,56,plain,"",false,,,,,,,,,"",,
122585781,122585787,170,66141e8e4f1dad609c0544f4317dc0b697bcad0a,c,unknown,138,plain,"",false,,,,,,,,,"",,
122585842,122585843,171,ce3fb1749cf71b4d0e24fd0abc0178c7f44650bc,c,unknown,71,plain,"",false,,,,,,,,,"",,
122585842,122585844,171,ce3fb1749cf71b4d0e24fd0abc0178c7f44650bc,c,unknown,133,plain,"",false,,,,,,,,,"",,
122585842,122585845,171,ce3fb1749cf71b4d0e24fd0abc0178c7f44650bc,c,unknown,68,plain,"",false,,,,,,,,,"",,
122585842,122585846,171,ce3fb1749cf71b4d0e24fd0abc0178c7f44650bc,c,unknown,107,plain,"",false,,,,,,,,,"",,
122585842,122585847,171,ce3fb1749cf71b4d0e24fd0abc0178c7f44650bc,c,unknown,71,plain,"",false,,,,,,,,,"",,
122585842,122585848,171,ce3fb1749cf71b4d0e24fd0abc0178c7f44650bc,c,unknown,122,plain,"",false,,,,,,,,,"",,
122585849,122585850,172,8f2e8bd482991c13498ec423c2ea1a0ac44ecca9,c,unknown,67,plain,"",false,,,,,,,,,"",,
122585849,122585851,172,8f2e8bd482991c13498ec423c2ea1a0ac44ecca9,c,unknown,141,plain,"",false,,,,,,,,,"",,
122585849,122585852,172,8f2e8bd482991c13498ec423c2ea1a0ac44ecca9,c,unknown,109,plain,"",false,,,,,,,,,"",,
122585849,122585853,172,8f2e8bd482991c13498ec423c2ea1a0ac44ecca9,c,unknown,152,plain,"",false,,,,,,,,,"",,
122585849,122585854,172,8f2e8bd482991c13498ec423c2ea1a0ac44ecca9,c,unknown,56,plain,"",false,,,,,,,,,"",,
122585849,122585855,172,8f2e8bd482991c13498ec423c2ea1a0ac44ecca9,c,unknown,112,plain,"",false,,,,,,,,,"",,
122589789,122589791,173,ed0baca54eafe5aed510e6fe535fda0861bc4c11,c,ok,62,plain,"",false,,,,,,,,,"",,
122589789,122589792,173,ed0baca54eafe5aed510e6fe535fda0861bc4c11,c,unknown,182,plain,"",false,,,,,,,,,"",,
122589789,122589793,173,ed0baca54eafe5aed510e6fe535fda0861bc4c11,c,ok,64,plain,"",false,,,,,,,,,"",,
122589789,122589794,173,ed0baca54eafe5aed510e6fe535fda0861bc4c11,c,unknown,152,plain,"",false,,,,,,,,,"",,
122589789,122589798,173,ed0baca54eafe5aed510e6fe535fda0861bc4c11,c,ok,61,plain,"",false,,,,,,,,,"",,
122589789,122589800,173,ed0baca54eafe5aed510e6fe535fda0861bc4c11,c,unknown,114,plain,"",false,,,,,,,,,"",,
122589816,122589818,174,e66bf1d0d99614443cfee11c49961997b513dd73,c,ok,63,plain,"",false,,,,,,,,,"",,
122589816,122589820,174,e66bf1d0d99614443cfee11c49961997b513dd73,c,unknown,125,plain,"",false,,,,,,,,,"",,
122589816,122589823,174,e66bf1d0d99614443cfee11c49961997b513dd73,c,ok,62,plain,"",false,,,,,,,,,"",,
122589816,122589825,174,e66bf1d0d99614443cfee11c49961997b513dd73,c,unknown,144,plain,"",false,,,,,,,,,"",,
122589816,122589827,174,e66bf1d0d99614443cfee11c49961997b513dd73,c,ok,57,plain,"",false,,,,,,,,,"",,
122589816,122589828,174,e66bf1d0d99614443cfee11c49961997b513dd73,c,unknown,111,plain,"",false,,,,,,,,,"",,
122594491,122594492,175,fd0afbf30b0863e56693c7dad3dda6e76a8ea324,c,ok,65,plain,"",false,,,,,,,,,"",,
122594491,122594493,175,fd0afbf30b0863e56693c7dad3dda6e76a8ea324,c,unknown,150,plain,"",false,,,,,,,,,"",,
122594491,122594494,175,fd0afbf30b0863e56693c7dad3dda6e76a8ea324,c,ok,78,plain,"",false,,,,,,,,,"",,
122594491,122594495,175,fd0afbf30b0863e56693c7dad3dda6e76a8ea324,c,unknown,105,plain,"",false,,,,,,,,,"",,
122594491,122594496,175,fd0afbf30b0863e56693c7dad3dda6e76a8ea324,c,ok,61,plain,"",false,,,,,,,,,"",,
122594491,122594497,175,fd0afbf30b0863e56693c7dad3dda6e76a8ea324,c,unknown,132,plain,"",false,,,,,,,,,"",,
122594498,122594499,176,59e003b27902cf75662eb6fdf350d5b9def3e0b4,c,ok,82,plain,"",false,,,,,,,,,"",,
122594498,122594500,176,59e003b27902cf75662eb6fdf350d5b9def3e0b4,c,unknown,163,plain,"",false,,,,,,,,,"",,
122594498,122594501,176,59e003b27902cf75662eb6fdf350d5b9def3e0b4,c,ok,64,plain,"",false,,,,,,,,,"",,
122594498,122594502,176,59e003b27902cf75662eb6fdf350d5b9def3e0b4,c,unknown,137,plain,"",false,,,,,,,,,"",,
122594498,122594503,176,59e003b27902cf75662eb6fdf350d5b9def3e0b4,c,ok,57,plain,"",false,,,,,,,,,"",,
122594498,122594507,176,59e003b27902cf75662eb6fdf350d5b9def3e0b4,c,unknown,125,plain,"",false,,,,,,,,,"",,
122626823,122626824,177,4961bb8d16ea11a2d0668a13268d433b45c4757b,c,ok,152,plain,"",false,,,,,,,,,"",,
122626823,122626825,177,4961bb8d16ea11a2d0668a13268d433b45c4757b,c,unknown,127,plain,"",false,,,,,,,,,"",,
122626823,122626828,177,4961bb8d16ea11a2d0668a13268d433b45c4757b,c,ok,66,plain,"",false,,,,,,,,,"",,
122626823,122626829,177,4961bb8d16ea11a2d0668a13268d433b45c4757b,c,unknown,128,plain,"",false,,,,,,,,,"",,
122626823,122626830,177,4961bb8d16ea11a2d0668a13268d433b45c4757b,c,ok,61,plain,"",false,,,,,,,,,"",,
122626823,122626831,177,4961bb8d16ea11a2d0668a13268d433b45c4757b,c,unknown,187,plain,"",false,,,,,,,,,"",,
132641026,132641039,178,a8a831ede6d239cfbac7484b39732084d02f7192,c,ok,83,plain,"",false,,,,,,,,,"",,
132641026,132641046,178,a8a831ede6d239cfbac7484b39732084d02f7192,c,unknown,119,plain,"",false,,,,,,,,,"",,
132641026,132641077,178,a8a831ede6d239cfbac7484b39732084d02f7192,c,ok,73,plain,"",false,,,,,,,,,"",,
132641026,132641081,178,a8a831ede6d239cfbac7484b39732084d02f7192,c,unknown,135,plain,"",false,,,,,,,,,"",,
132641026,132641084,178,a8a831ede6d239cfbac7484b39732084d02f7192,c,ok,84,plain,"",false,,,,,,,,,"",,
132641026,132641087,178,a8a831ede6d239cfbac7484b39732084d02f7192,c,unknown,137,plain,"",false,,,,,,,,,"",,
132641443,132641448,179,b98f497a4a210740ffd36a24ca65b5f19ee323a7,c,ok,210,plain,"",false,,,,,,,,,"",,
132641443,132641451,179,b98f497a4a210740ffd36a24ca65b5f19ee323a7,c,unknown,122,plain,"",false,,,,,,,,,"",,
132641443,132641462,179,b98f497a4a210740ffd36a24ca65b5f19ee323a7,c,ok,79,plain,"",false,,,,,,,,,"",,
132641443,132641467,179,b98f497a4a210740ffd36a24ca65b5f19ee323a7,c,unknown,160,plain,"",false,,,,,,,,,"",,
132641443,132641473,179,b98f497a4a210740ffd36a24ca65b5f19ee323a7,c,ok,77,plain,"",false,,,,,,,,,"",,
132641443,132641476,179,b98f497a4a210740ffd36a24ca65b5f19ee323a7,c,unknown,123,plain,"",false,,,,,,,,,"",,
98808692,98808693,17,b902e98e08654e2c6e19c6cd5b6190261482d3df,python,unknown,15,python,"",false,,,,,,,,,"",,
98808692,98808694,17,b902e98e08654e2c6e19c6cd5b6190261482d3df,python,unknown,2,python,"",false,,,,,,,,,"",,
132658878,132658881,180,dba92802db298bdc977b9c0b807216e60cde3d4e,c,ok,91,plain,"",false,,,,,,,,,"",,
132658878,132658883,180,dba92802db298bdc977b9c0b807216e60cde3d4e,c,unknown,129,plain,"",false,,,,,,,,,"",,
132658878,132658902,180,dba92802db298bdc977b9c0b807216e60cde3d4e,c,ok,88,plain,"",false,,,,,,,,,"",,
132658878,132658905,180,dba92802db298bdc977b9c0b807216e60cde3d4e,c,unknown,124,plain,"",false,,,,,,,,,"",,
132658878,132658915,180,dba92802db298bdc977b9c0b807216e60cde3d4e,c,ok,72,plain,"",false,,,,,,,,,"",,
132658878,132658950,180,dba92802db298bdc977b9c0b807216e60cde3d4e,c,unknown,102,plain,"",false,,,,,,,,,"",,
132763444,132763445,181,0e30a0cc61b155bffd52d2e93bebdd4d734cd832,c,ok,76,plain,"",false,,,,,,,,,"",,
132763444,132763446,181,0e30a0cc61b155bffd52d2e93bebdd4d734cd832,c,unknown,101,plain,"",false,,,,,,,,,"",,
132763444,132763447,181,0e30a0cc61b155bffd52d2e93bebdd4d734cd832,c,ok,75,plain,"",false,,,,,,,,,"",,
132763444,132763448,181,0e30a0cc61b155bffd52d2e93bebdd4d734cd832,c,unknown,105,plain,"",false,,,,,,,,,"",,
132763444,132763449,181,0e30a0cc61b155bffd52d2e93bebdd4d734cd832,c,ok,70,plain,"",false,,,,,,,,,"",,
132763444,132763450,181,0e30a0cc61b155bffd52d2e93bebdd4d734cd832,c,unknown,102,plain,"",false,,,,,,,,,"",,
132768321,132768322,182,ef565fe68c6addeb6574f6a7a6e7801be197c307,c,ok,77,plain,"",false,,,,,,,,,"",,
132768321,132768323,182,ef565fe68c6addeb6574f6a7a6e7801be197c307,c,unknown,105,plain,"",false,,,,,,,,,"",,
132768321,132768324,182,ef565fe68c6addeb6574f6a7a6e7801be197c307,c,ok,67,plain,"",false,,,,,,,,,"",,
132768321,132768325,182,ef565fe68c6addeb6574f6a7a6e7801be197c307,c,unknown,101,plain,"",false,,,,,,,,,"",,
132768321,132768326,182,ef565fe68c6addeb6574f6a7a6e7801be197c307,c,ok,80,plain,"",false,,,,,,,,,"",,
132768321,132768327,182,ef565fe68c6addeb6574f6a7a6e7801be197c307,c,unknown,83,plain,"",false,,,,,,,,,"",,
132768451,132768452,183,05e4df2de9354bd5a280a6e82e8a5fcfaacd7843,c,ok,88,plain,"",false,,,,,,,,,"",,
132768451,132768453,183,05e4df2de9354bd5a280a6e82e8a5fcfaacd7843,c,unknown,100,plain,"",false,,,,,,,,,"",,
132768451,132768454,183,05e4df2de9354bd5a280a6e82e8a5fcfaacd7843,c,ok,80,plain,"",false,,,,,,,,,"",,
132768451,132768455,183,05e4df2de9354bd5a280a6e82e8a5fcfaacd7843,c,unknown,97,plain,"",false,,,,,,,,,"",,
132768451,132768456,183,05e4df2de9354bd5a280a6e82e8a5fcfaacd7843,c,ok,75,plain,"",false,,,,,,,,,"",,
132768451,132768457,183,05e4df2de9354bd5a280a6e82e8a5fcfaacd7843,c,unknown,83,plain,"",false,,,,,,,,,"",,
132771862,132771863,184,4e2b3b40dd579cd2c1034c2ef5b911395e6f8a41,c,ok,79,plain,"",false,,,,,,,,,"",,
132771862,132771864,184,4e2b3b40dd579cd2c1034c2ef5b911395e6f8a41,c,unknown,104,plain,"",false,,,,,,,,,"",,
132771862,132771865,184,4e2b3b40dd579cd2c1034c2ef5b911395e6f8a41,c,ok,77,plain,"",false,,,,,,,,,"",,
132771862,132771866,184,4e2b3b40dd579cd2c1034c2ef5b911395e6f8a41,c,unknown,96,plain,"",false,,,,,,,,,"",,
132771862,132771869,184,4e2b3b40dd579cd2c1034c2ef5b911395e6f8a41,c,ok,69,plain,"",false,,,,,,,,,"",,
132771862,132771871,184,4e2b3b40dd579cd2c1034c2ef5b911395e6f8a41,c,unknown,101,plain,"",false,,,,,,,,,"",,
132772037,132772038,185,4e2b3b40dd579cd2c1034c2ef5b911395e6f8a41,c,ok,77,plain,"",false,,,,,,,,,"",,
132772037,132772039,185,4e2b3b40dd579cd2c1034c2ef5b911395e6f8a41,c,unknown,100,plain,"",false,,,,,,,,,"",,
132772037,132772040,185,4e2b3b40dd579cd2c1034c2ef5b911395e6f8a41,c,ok,82,plain,"",false,,,,,,,,,"",,
132772037,132772041,185,4e2b3b40dd579cd2c1034c2ef5b911395e6f8a41,c,unknown,111,plain,"",false,,,,,,,,,"",,
132772037,132772042,185,4e2b3b40dd579cd2c1034c2ef5b911395e6f8a41,c,ok,68,plain,"",false,,,,,,,,,"",,
132772037,132772052,185,4e2b3b40dd579cd2c1034c2ef5b911395e6f8a41,c,unknown,114,plain,"",false,,,,,,,,,"",,
137698504,137698505,186,7cab3b1617bf5f6abe9c62925cdcdbe32aa5bade,c,ok,86,plain,"",false,,,,,,,,,"",,
137698504,137698506,186,7cab3b1617bf5f6abe9c62925cdcdbe32aa5bade,c,unknown,88,plain,"",false,,,,,,,,,"",,
137698504,137698507,186,7cab3b1617bf5f6abe9c62925cdcdbe32aa5bade,c,ok,89,plain,"",false,,,,,,,,,"",,
137698504,137698508,186,7cab3b1617bf5f6abe9c62925cdcdbe32aa5bade,c,unknown,88,plain,"",false,,,,,,,,,"",,
137698504,137698509,186,7cab3b1617bf5f6abe9c62925cdcdbe32aa5bade,c,ok,96,plain,"",false,,,,,,,,,"",,
137698504,137698510,186,7cab3b1617bf5f6abe9c62925cdcdbe32aa5bade,c,unknown,90,plain,"",false,,,,,,,,,"",,
137961762,137961763,187,3692807c1d8e06a4ebf5bacb3ead1347be72aa9e,c,ok,99,plain,"",false,,,,,,,,,"",,
137961762,137961764,187,3692807c1d8e06a4ebf5bacb3ead1347be72aa9e,c,unknown,103,plain,"",false,,,,,,,,,"",,
137961762,137961765,187,3692807c1d8e06a4ebf5bacb3ead1347be72aa9e,c,ok,99,plain,"",false,,,,,,,,,"",,
137961762,137961766,187,3692807c1d8e06a4ebf5bacb3ead1347be72aa9e,c,unknown,122,plain,"",false,,,,,,,,,"",,
137961762,137961767,187,3692807c1d8e06a4ebf5bacb3ead1347be72aa9e,c,ok,86,plain,"",false,,,,,,,,,"",,
137961762,137961768,187,3692807c1d8e06a4ebf5bacb3ead1347be72aa9e,c,unknown,81,plain,"",false,,,,,,,,,"",,
138525686,138525689,188,1514fe011a6d345f0e8022bbf6c0f5936ed5ffb9,c,ok,89,plain,"",false,,,,,,,,,"",,
138525686,138525691,188,1514fe011a6d345f0e8022bbf6c0f5936ed5ffb9,c,unknown,106,plain,"",false,,,,,,,,,"",,
138525686,138525692,188,1514fe011a6d345f0e8022bbf6c0f5936ed5ffb9,c,ok,85,plain,"",false,,,,,,,,,"",,
138525686,138525693,188,1514fe011a6d345f0e8022bbf6c0f5936ed5ffb9,c,unknown,96,plain,"",false,,,,,,,,,"",,
138525686,138525694,188,1514fe011a6d345f0e8022bbf6c0f5936ed5ffb9,c,ok,80,plain,"",false,,,,,,,,,"",,
138525686,138525695,188,1514fe011a6d345f0e8022bbf6c0f5936ed5ffb9,c,unknown,80,plain,"",false,,,,,,,,,"",,
138572864,138572865,189,919fb718071d533fbe9d5981d4ed742aa40ab0f2,c,ok,81,plain,"",false,,,,,,,,,"",,
138572864,138572866,189,919fb718071d533fbe9d5981d4ed742aa40ab0f2,c,unknown,95,plain,"",false,,,,,,,,,"",,
138572864,138572867,189,919fb718071d533fbe9d5981d4ed742aa40ab0f2,c,ok,81,plain,"",false,,,,,,,,,"",,
138572864,138572872,189,919fb718071d533fbe9d5981d4ed742aa40ab0f2,c,unknown,95,plain,"",false,,,,,,,,,"",,
138572864,138572877,189,919fb718071d533fbe9d5981d4ed742aa40ab0f2,c,ok,91,plain,"",false,,,,,,,,,"",,
138572864,138572878,189,919fb718071d533fbe9d5981d4ed742aa40ab0f2,c,unknown,98,plain,"",false,,,,,,,,,"",,
98809644,98809645,18,1fe0d790dfbb526f18aea092037aec07f2e5fdab,python,unknown,15,python,"",false,,,,,,,,,"",,
98809644,98809646,18,1fe0d790dfbb526f18aea092037aec07f2e5fdab,python,unknown,3,python,"",false,,,,,,,,,"",,
145517097,145517098,190,24eb9b5251404d1a741248128e42d5f6e49a2cc8,c,ok,80,plain,"",false,,,,,,,,,"",,
145517097,145517099,190,24eb9b5251404d1a741248128e42d5f6e49a2cc8,c,unknown,122,plain,"",false,,,,,,,,,"",,
145517097,145517100,190,24eb9b5251404d1a741248128e42d5f6e49a2cc8,c,ok,78,plain,"",false,,,,,,,,,"",,
145517097,145517101,190,24eb9b5251404d1a741248128e42d5f6e49a2cc8,c,unknown,122,plain,"",false,,,,,,,,,"",,
145517097,145517102,190,24eb9b5251404d1a741248128e42d5f6e49a2cc8,c,ok,87,plain,"",false,,,,,,,,,"",,
145517097,145517104,190,24eb9b5251404d1a741248128e42d5f6e49a2cc8,c,unknown,100,plain,"",false,,,,,,,,,"",,
145517956,145517957,191,d1b3424d60b9d77c12964b23944d63289c13b02d,c,ok,80,plain,"",false,,,,,,,,,"",,
145517956,145517958,191,d1b3424d60b9d77c12964b23944d63289c13b02d,c,unknown,139,plain,"",false,,,,,,,,,"",,
145517956,145517959,191,d1b3424d60b9d77c12964b23944d63289c13b02d,c,ok,77,plain,"",false,,,,,,,,,"",,
145517956,145517960,191,d1b3424d60b9d77c12964b23944d63289c13b02d,c,unknown,107,plain,"",false,,,,,,,,,"",,
145517956,145517961,191,d1b3424d60b9d77c12964b23944d63289c13b02d,c,ok,87,plain,"",false,,,,,,,,,"",,
145517956,145517962,191,d1b3424d60b9d77c12964b23944d63289c13b02d,c,unknown,104,plain,"",false,,,,,,,,,"",,
145519276,145519279,192,353dbfafba81c61b482e0ab793448608b294e6e4,c,ok,80,plain,"",false,,,,,,,,,"",,
145519276,145519282,192,353dbfafba81c61b482e0ab793448608b294e6e4,c,unknown,114,plain,"",false,,,,,,,,,"",,
145519276,145519285,192,353dbfafba81c61b482e0ab793448608b294e6e4,c,ok,77,plain,"",false,,,,,,,,,"",,
145519276,145519287,192,353dbfafba81c61b482e0ab793448608b294e6e4,c,unknown,102,plain,"",false,,,,,,,,,"",,
145519276,145519289,192,353dbfafba81c61b482e0ab793448608b294e6e4,c,ok,84,plain,"",false,,,,,,,,,"",,
145519276,145519290,192,353dbfafba81c61b482e0ab793448608b294e6e4,c,unknown,109,plain,"",false,,,,,,,,,"",,
145843821,145843822,193,0ea9067f5974e07104e2805646d7e8b659e215d2,c,ok,84,plain,"",false,,,,,,,,,"",,
145843821,145843825,193,0ea9067f5974e07104e2805646d7e8b659e215d2,c,unknown,163,plain,"",false,,,,,,,,,"",,
145843821,145843826,193,0ea9067f5974e07104e2805646d7e8b659e215d2,c,ok,77,plain,"",false,,,,,,,,,"",,
145843821,145843827,193,0ea9067f5974e07104e2805646d7e8b659e215d2,c,unknown,136,plain,"",false,,,,,,,,,"",,
145843821,145843848,193,0ea9067f5974e07104e2805646d7e8b659e215d2,c,ok,86,plain,"",false,,,,,,,,,"",,
145843821,145843861,193,0ea9067f5974e07104e2805646d7e8b659e215d2,c,unknown,149,plain,"",false,,,,,,,,,"",,
145844569,145844585,194,72a2c1ad818854e2a4aa00d72cfda9f093808811,c,ok,92,plain,"",false,,,,,,,,,"",,
145844569,145844598,194,72a2c1ad818854e2a4aa00d72cfda9f093808811,c,unknown,173,plain,"",false,,,,,,,,,"",,
145844569,145844603,194,72a2c1ad818854e2a4aa00d72cfda9f093808811,c,ok,88,plain,"",false,,,,,,,,,"",,
145844569,145844604,194,72a2c1ad818854e2a4aa00d72cfda9f093808811,c,unknown,176,plain,"",false,,,,,,,,,"",,
145844569,145844605,194,72a2c1ad818854e2a4aa00d72cfda9f093808811,c,ok,80,plain,"",false,,,,,,,,,"",,
145844569,145844606,194,72a2c1ad818854e2a4aa00d72cfda9f093808811,c,unknown,152,plain,"",false,,,,,,,,,"",,
145849061,145849062,195,0ea2b7e557b14ee8d7a515fe3f6b18800d93566e,c,ok,88,plain,"",false,,,,,,,,,"",,
145849061,145849063,195,0ea2b7e557b14ee8d7a515fe3f6b18800d93566e,c,unknown,195,plain,"",false,,,,,,,,,"",,
145849061,145849067,195,0ea2b7e557b14ee8d7a515fe3f6b18800d93566e,c,ok,100,plain,"",false,,,,,,,,,"",,
145849061,145849068,195,0ea2b7e557b14ee8d7a515fe3f6b18800d93566e,c,unknown,140,plain,"",false,,,,,,,,,"",,
145849061,145849069,195,0ea2b7e557b14ee8d7a515fe3f6b18800d93566e,c,ok,73,plain,"",false,,,,,,,,,"",,
145849061,145849070,195,0ea2b7e557b14ee8d7a515fe3f6b18800d93566e,c,unknown,177,plain,"",false,,,,,,,,,"",,
167284606,167284607,196,c81d03e1edf156ba7b4a22627dc44719f08f853e,c,ok,77,plain,"",false,,,,,,,,,"",,
167284606,167284609,196,c81d03e1edf156ba7b4a22627dc44719f08f853e,c,unknown,140,plain,"",false,,,,,,,,,"",,
167284606,167284610,196,c81d03e1edf156ba7b4a22627dc44719f08f853e,c,ok,72,plain,"",false,,,,,,,,,"",,
167284606,167284611,196,c81d03e1edf156ba7b4a22627dc44719f08f853e,c,unknown,172,plain,"",false,,,,,,,,,"",,
167284606,167284612,196,c81d03e1edf156ba7b4a22627dc44719f08f853e,c,ok,79,plain,"",false,,,,,,,,,"",,
167284606,167284613,196,c81d03e1edf156ba7b4a22627dc44719f08f853e,c,unknown,127,plain,"",false,,,,,,,,,"",,
167290731,167290732,197,c81d03e1edf156ba7b4a22627dc44719f08f853e,c,ok,72,plain,"",false,,,,,,,,,"",,
167290731,167290733,197,c81d03e1edf156ba7b4a22627dc44719f08f853e,c,unknown,150,plain,"",false,,,,,,,,,"",,
167290731,167290734,197,c81d03e1edf156ba7b4a22627dc44719f08f853e,c,ok,74,plain,"",false,,,,,,,,,"",,
167290731,167290735,197,c81d03e1edf156ba7b4a22627dc44719f08f853e,c,unknown,160,plain,"",false,,,,,,,,,"",,
167290731,167290736,197,c81d03e1edf156ba7b4a22627dc44719f08f853e,c,ok,62,plain,"",false,,,,,,,,,"",,
167290731,167290737,197,c81d03e1edf156ba7b4a22627dc44719f08f853e,c,unknown,147,plain,"",false,,,,,,,,,"",,
173341295,173341296,198,352d5f521907ebf87d39014099c7b60a3489af0e,c,ok,82,plain,"",false,,,,,,,,,"",,
173341295,173341297,198,352d5f521907ebf87d39014099c7b60a3489af0e,c,unknown,135,plain,"",false,,,,,,,,,"",,
173341295,173341299,198,352d5f521907ebf87d39014099c7b60a3489af0e,c,ok,73,plain,"",false,,,,,,,,,"",,
173341295,173341301,198,352d5f521907ebf87d39014099c7b60a3489af0e,c,unknown,193,plain,"",false,,,,,,,,,"",,
173341295,173341308,198,352d5f521907ebf87d39014099c7b60a3489af0e,c,ok,67,plain,"",false,,,,,,,,,"",,
173341295,173341310,198,352d5f521907ebf87d39014099c7b60a3489af0e,c,unknown,135,plain,"",false,,,,,,,,,"",,
177957382,177957383,199,3171e3eab252bcb138aa24dc24eccd58529a8d88,unknown,unknown,,plain,"",false,,,,,,,,,"",,
177957382,177957384,199,3171e3eab252bcb138aa24dc24eccd58529a8d88,unknown,unknown,,plain,"",false,,,,,,,,,"",,
177957382,177957385,199,3171e3eab252bcb138aa24dc24eccd58529a8d88,unknown,unknown,,plain,"",false,,,,,,,,,"",,
177957382,177957386,199,3171e3eab252bcb138aa24dc24eccd58529a8d88,unknown,unknown,,plain,"",false,,,,,,,,,"",,
177957382,177957387,199,3171e3eab252bcb138aa24dc24eccd58529a8d88,unknown,unknown,,plain,"",false,,,,,,,,,"",,
177957382,177957388,199,3171e3eab252bcb138aa24dc24eccd58529a8d88,unknown,unknown,,plain,"",false,,,,,,,,,"",,
98809724,98809725,19,7f1f9ae0e00d007ad5bd6fe7f32a13827d099222,c,unknown,16,plain,"",false,,,,,,,,,"",,
98809724,98809726,19,7f1f9ae0e00d007ad5bd6fe7f32a13827d099222,c,unknown,38,plain,"",false,,,,,,,,,"",,
98800208,98800209,1,14a038a2eaa09458d7d56a4d158f049b3a4bc8f4,python,unknown,13,python,"",false,,,,,,,,,"",,
98800208,98800210,1,14a038a2eaa09458d7d56a4d158f049b3a4bc8f4,python,unknown,1,python,"",false,,,,,,,,,"",,
179168170,179168171,200,7cf0e944ba0fca974bfcb91972f5e7e0a9b59fda,unknown,unknown,,plain,"",false,,,,,,,,,"",,
179168170,179168172,200,7cf0e944ba0fca974bfcb91972f5e7e0a9b59fda,unknown,unknown,,plain,"",false,,,,,,,,,"",,
179168170,179168173,200,7cf0e944ba0fca974bfcb91972f5e7e0a9b59fda,unknown,unknown,,plain,"",false,,,,,,,,,"",,
179168170,179168174,200,7cf0e944ba0fca974bfcb91972f5e7e0a9b59fda,unknown,unknown,,plain,"",false,,,,,,,,,"",,
179168170,179168175,200,7cf0e944ba0fca974bfcb91972f5e7e0a9b59fda,unknown,unknown,,plain,"",false,,,,,,,,,"",,
179168170,179168176,200,7cf0e944ba0fca974bfcb91972f5e7e0a9b59fda,unknown,unknown,,plain,"",false,,,,,,,,,"",,
179170986,179170987,201,cbf8ea62d4a0c26a72b26de95761fe747f87f3ea,unknown,unknown,,plain,"",false,,,,,,,,,"",,
179170986,179170988,201,cbf8ea62d4a0c26a72b26de95761fe747f87f3ea,unknown,unknown,,plain,"",false,,,,,,,,,"",,
179170986,179170989,201,cbf8ea62d4a0c26a72b26de95761fe747f87f3ea,unknown,unknown,,plain,"",false,,,,,,,,,"",,
179170986,179170990,201,cbf8ea62d4a0c26a72b26de95761fe747f87f3ea,unknown,unknown,,plain,"",false,,,,,,,,,"",,
179170986,179170991,201,cbf8ea62d4a0c26a72b26de95761fe747f87f3ea,unknown,unknown,,plain,"",false,,,,,,,,,"",,
179170986,179170992,201,cbf8ea62d4a0c26a72b26de95761fe747f87f3ea,unknown,unknown,,plain,"",false,,,,,,,,,"",,
179202324,179202325,202,7cf0e944ba0fca974bfcb91972f5e7e0a9b59fda,unknown,unknown,,plain,"",false,,,,,,,,,"",,
179202324,179202326,202,7cf0e944ba0fca974bfcb91972f5e7e0a9b59fda,unknown,unknown,,plain,"",false,,,,,,,,,"",,
179202324,179202327,202,7cf0e944ba0fca974bfcb91972f5e7e0a9b59fda,unknown,unknown,,plain,"",false,,,,,,,,,"",,
179202324,179202328,202,7cf0e944ba0fca974bfcb91972f5e7e0a9b59fda,unknown,unknown,,plain,"",false,,,,,,,,,"",,
179202324,179202329,202,7cf0e944ba0fca974bfcb91972f5e7e0a9b59fda,unknown,unknown,,plain,"",false,,,,,,,,,"",,
179202324,179202330,202,7cf0e944ba0fca974bfcb91972f5e7e0a9b59fda,unknown,unknown,,plain,"",false,,,,,,,,,"",,
179203192,179203193,203,095405b632a10fad62967685391c12f307fd6831,unknown,unknown,,plain,"",false,,,,,,,,,"",,
179203192,179203194,203,095405b632a10fad62967685391c12f307fd6831,unknown,unknown,,plain,"",false,,,,,,,,,"",,
179203192,179203195,203,095405b632a10fad62967685391c12f307fd6831,unknown,unknown,,plain,"",false,,,,,,,,,"",,
179203192,179203196,203,095405b632a10fad62967685391c12f307fd6831,unknown,unknown,,plain,"",false,,,,,,,,,"",,
179203192,179203197,203,095405b632a10fad62967685391c12f307fd6831,unknown,unknown,,plain,"",false,,,,,,,,,"",,
179203192,179203198,203,095405b632a10fad62967685391c12f307fd6831,unknown,unknown,,plain,"",false,,,,,,,,,"",,
179204913,179204914,204,6b88cb5d054a8bda5bcb32211608bdc95ac7ed7f,unknown,unknown,,plain,"",false,,,,,,,,,"",,
179204913,179204915,204,6b88cb5d054a8bda5bcb32211608bdc95ac7ed7f,unknown,unknown,,plain,"",false,,,,,,,,,"",,
179204913,179204917,204,6b88cb5d054a8bda5bcb32211608bdc95ac7ed7f,unknown,unknown,,plain,"",false,,,,,,,,,"",,
179204913,179204919,204,6b88cb5d054a8bda5bcb32211608bdc95ac7ed7f,unknown,unknown,,plain,"",false,,,,,,,,,"",,
179204913,179204921,204,6b88cb5d054a8bda5bcb32211608bdc95ac7ed7f,unknown,unknown,,plain,"",false,,,,,,,,,"",,
179204913,179204922,204,6b88cb5d054a8bda5bcb32211608bdc95ac7ed7f,unknown,unknown,,plain,"",false,,,,,,,,,"",,
190826792,190826793,205,e60ab4cbf7a35cfd3598eb53e35a9eee733adb45,c,ok,70,plain,"",false,,,,,,,,,"",,
190826792,190826794,205,e60ab4cbf7a35cfd3598eb53e35a9eee733adb45,c,unknown,156,plain,"",false,,,,,,,,,"",,
190826792,190826795,205,e60ab4cbf7a35cfd3598eb53e35a9eee733adb45,c,ok,104,plain,"",false,,,,,,,,,"",,
190826792,190826796,205,e60ab4cbf7a35cfd3598eb53e35a9eee733adb45,c,unknown,119,plain,"",false,,,,,,,,,"",,
190826792,190826797,205,e60ab4cbf7a35cfd3598eb53e35a9eee733adb45,c,ok,80,plain,"",false,,,,,,,,,"",,
190826792,190826798,205,e60ab4cbf7a35cfd3598eb53e35a9eee733adb45,c,unknown,225,plain,"",false,,,,,,,,,"",,
192190646,192190647,206,76f43dbb868df1d8a3ac7abec490a8325bdcc5e9,c,ok,78,plain,"",false,,,,,,,,,"",,
192190646,192190648,206,76f43dbb868df1d8a3ac7abec490a8325bdcc5e9,c,unknown,127,plain,"",false,,,,,,,,,"",,
192190646,192190649,206,76f43dbb868df1d8a3ac7abec490a8325bdcc5e9,c,ok,78,plain,"",false,,,,,,,,,"",,
192190646,192190650,206,76f43dbb868df1d8a3ac7abec490a8325bdcc5e9,c,unknown,117,plain,"",false,,,,,,,,,"",,
192190646,192190653,206,76f43dbb868df1d8a3ac7abec490a8325bdcc5e9,c,ok,74,plain,"",false,,,,,,,,,"",,
192190646,192190655,206,76f43dbb868df1d8a3ac7abec490a8325bdcc5e9,c,unknown,122,plain,"",false,,,,,,,,,"",,
192407944,192407945,207,c81d03e1edf156ba7b4a22627dc44719f08f853e,c,unknown,4,plain,"",false,,,,,,,,,"",,
192407944,192407946,207,c81d03e1edf156ba7b4a22627dc44719f08f853e,c,unknown,5,plain,"",false,,,,,,,,,"",,
192407944,192407947,207,c81d03e1edf156ba7b4a22627dc44719f08f853e,c,unknown,6,plain,"",false,,,,,,,,,"",,
192407944,192407949,207,c81d03e1edf156ba7b4a22627dc44719f08f853e,c,unknown,7,plain,"",false,,,,,,,,,"",,
192407944,192407950,207,c81d03e1edf156ba7b4a22627dc44719f08f853e,c,unknown,6,plain,"",false,,,,,,,,,"",,
192407944,192407951,207,c81d03e1edf156ba7b4a22627dc44719f08f853e,c,unknown,4,plain,"",false,,,,,,,,,"",,
192480269,192480270,208,a3052c54fb9ce9c4a6af03658aa12751c18ed5bf,c,ok,77,plain,"",false,,,,,,,,,"",,
192480269,192480271,208,a3052c54fb9ce9c4a6af03658aa12751c18ed5bf,c,unknown,173,plain,"",false,,,,,,,,,"",,
192480269,192480273,208,a3052c54fb9ce9c4a6af03658aa12751c18ed5bf,c,ok,83,plain,"",false,,,,,,,,,"",,
192480269,192480275,208,a3052c54fb9ce9c4a6af03658aa12751c18ed5bf,c,unknown,169,plain,"",false,,,,,,,,,"",,
192480269,192480276,208,a3052c54fb9ce9c4a6af03658aa12751c18ed5bf,c,broken,77,plain,"",false,,,,,,,,,"",,
192480269,192480277,208,a3052c54fb9ce9c4a6af03658aa12751c18ed5bf,c,unknown,154,plain,"",false,,,,,,,,,"",,
192481408,192481409,209,995c15bb28169f4eb88dd7133d22b0f01cf3d1dd,c,ok,76,plain,"",false,,,,,,,,,"",,
192481408,192481410,209,995c15bb28169f4eb88dd7133d22b0f01cf3d1dd,c,unknown,137,plain,"",false,,,,,,,,,"",,
192481408,192481411,209,995c15bb28169f4eb88dd7133d22b0f01cf3d1dd,c,ok,75,plain,"",false,,,,,,,,,"",,
192481408,192481412,209,995c15bb28169f4eb88dd7133d22b0f01cf3d1dd,c,unknown,138,plain,"",false,,,,,,,,,"",,
192481408,192481413,209,995c15bb28169f4eb88dd7133d22b0f01cf3d1dd,c,ok,83,plain,"",false,,,,,,,,,"",,
192481408,192481414,209,995c15bb28169f4eb88dd7133d22b0f01cf3d1dd,c,unknown,156,plain,"",false,,,,,,,,,"",,
98809931,98809932,20,24b9f0b6ae3cc626f7afa656ab641e8045be2ddb,c,unknown,15,plain,"",false,,,,,,,,,"",,
98809931,98809933,20,24b9f0b6ae3cc626f7afa656ab641e8045be2ddb,c,unknown,15,plain,"",false,,,,,,,,,"",,
192503645,192503646,210,9c6663ca01090ada635f3d8a9e5a9f8b32a3fc18,c,ok,72,plain,"",false,,,,,,,,,"",,
192503645,192503647,210,9c6663ca01090ada635f3d8a9e5a9f8b32a3fc18,unknown,unknown,,plain,"",false,,,,,,,,,"",,
192503645,192503648,210,9c6663ca01090ada635f3d8a9e5a9f8b32a3fc18,c,ok,75,plain,"",false,,,,,,,,,"",,
192503645,192503649,210,9c6663ca01090ada635f3d8a9e5a9f8b32a3fc18,unknown,unknown,,plain,"",false,,,,,,,,,"",,
192503645,192503651,210,9c6663ca01090ada635f3d8a9e5a9f8b32a3fc18,c,ok,82,plain,"",false,,,,,,,,,"",,
192503645,192503653,210,9c6663ca01090ada635f3d8a9e5a9f8b32a3fc18,unknown,unknown,,plain,"",false,,,,,,,,,"",,
192504055,192504056,211,9c6663ca01090ada635f3d8a9e5a9f8b32a3fc18,c,ok,115,plain,"",false,,,,,,,,,"",,
192504055,192504057,211,9c6663ca01090ada635f3d8a9e5a9f8b32a3fc18,unknown,unknown,,plain,"",false,,,,,,,,,"",,
192504055,192504058,211,9c6663ca01090ada635f3d8a9e5a9f8b32a3fc18,c,ok,85,plain,"",false,,,,,,,,,"",,
192504055,192504059,211,9c6663ca01090ada635f3d8a9e5a9f8b32a3fc18,unknown,unknown,,plain,"",false,,,,,,,,,"",,
192504055,192504060,211,9c6663ca01090ada635f3d8a9e5a9f8b32a3fc18,unknown,unknown,,plain,"",false,,,,,,,,,"",,
192504055,192504061,211,9c6663ca01090ada635f3d8a9e5a9f8b32a3fc18,unknown,unknown,,plain,"",false,,,,,,,,,"",,
192507111,192507112,212,509265bea0f5d2d2ad12dc823b1e83ee6f59f7ba,c,ok,107,plain,"",false,,,,,,,,,"",,
192507111,192507113,212,509265bea0f5d2d2ad12dc823b1e83ee6f59f7ba,unknown,unknown,,plain,"",false,,,,,,,,,"",,
192507111,192507114,212,509265bea0f5d2d2ad12dc823b1e83ee6f59f7ba,c,ok,77,plain,"",false,,,,,,,,,"",,
192507111,192507115,212,509265bea0f5d2d2ad12dc823b1e83ee6f59f7ba,unknown,unknown,,plain,"",false,,,,,,,,,"",,
192507111,192507116,212,509265bea0f5d2d2ad12dc823b1e83ee6f59f7ba,unknown,unknown,,plain,"",false,,,,,,,,,"",,
192507111,192507117,212,509265bea0f5d2d2ad12dc823b1e83ee6f59f7ba,unknown,unknown,,plain,"",false,,,,,,,,,"",,
192507989,192507990,213,509265bea0f5d2d2ad12dc823b1e83ee6f59f7ba,c,ok,86,plain,"",false,,,,,,,,,"",,
192507989,192507991,213,509265bea0f5d2d2ad12dc823b1e83ee6f59f7ba,c,unknown,145,plain,"",false,,,,,,,,,"",,
192507989,192507992,213,509265bea0f5d2d2ad12dc823b1e83ee6f59f7ba,c,ok,83,plain,"",false,,,,,,,,,"",,
192507989,192507993,213,509265bea0f5d2d2ad12dc823b1e83ee6f59f7ba,c,unknown,141,plain,"",false,,,,,,,,,"",,
192507989,192507994,213,509265bea0f5d2d2ad12dc823b1e83ee6f59f7ba,c,ok,89,plain,"",false,,,,,,,,,"",,
192507989,192507995,213,509265bea0f5d2d2ad12dc823b1e83ee6f59f7ba,c,unknown,149,plain,"",false,,,,,,,,,"",,
192525055,192525056,214,d276f3c4d72fb7f2261eeeea8a65330eacc3d950,c,ok,75,plain,"",false,,,,,,,,,"",,
192525055,192525057,214,d276f3c4d72fb7f2261eeeea8a65330eacc3d950,c,unknown,138,plain,"",false,,,,,,,,,"",,
192525055,192525058,214,d276f3c4d72fb7f2261eeeea8a65330eacc3d950,c,broken,88,plain,"",false,,,,,,,,,"",,
192525055,192525059,214,d276f3c4d72fb7f2261eeeea8a65330eacc3d950,c,unknown,170,plain,"",false,,,,,,,,,"",,
192525055,192525060,214,d276f3c4d72fb7f2261eeeea8a65330eacc3d950,c,broken,94,plain,"",false,,,,,,,,,"",,
192525055,192525061,214,d276f3c4d72fb7f2261eeeea8a65330eacc3d950,c,unknown,161,plain,"",false,,,,,,,,,"",,
192525831,192525832,215,d276f3c4d72fb7f2261eeeea8a65330eacc3d950,c,ok,78,plain,"",false,,,,,,,,,"",,
192525831,192525833,215,d276f3c4d72fb7f2261eeeea8a65330eacc3d950,c,unknown,136,plain,"",false,,,,,,,,,"",,
192525831,192525834,215,d276f3c4d72fb7f2261eeeea8a65330eacc3d950,c,broken,78,plain,"",false,,,,,,,,,"",,
192525831,192525835,215,d276f3c4d72fb7f2261eeeea8a65330eacc3d950,c,unknown,224,plain,"",false,,,,,,,,,"",,
192525831,192525836,215,d276f3c4d72fb7f2261eeeea8a65330eacc3d950,c,broken,81,plain,"",false,,,,,,,,,"",,
192525831,192525837,215,d276f3c4d72fb7f2261eeeea8a65330eacc3d950,unknown,unknown,,plain,"",false,,,,,,,,,"",,
192536137,192536138,216,3d73cefa87b0c5e67991b157859816133411760c,c,unknown,77,plain,"",false,,,,,,,,,"",,
192536137,192536139,216,3d73cefa87b0c5e67991b157859816133411760c,unknown,unknown,,plain,"",false,,,,,,,,,"",,
192536137,192536140,216,3d73cefa87b0c5e67991b157859816133411760c,c,unknown,76,plain,"",false,,,,,,,,,"",,
192536137,192536141,216,3d73cefa87b0c5e67991b157859816133411760c,unknown,unknown,,plain,"",false,,,,,,,,,"",,
192536137,192536142,216,3d73cefa87b0c5e67991b157859816133411760c,c,unknown,85,plain,"",false,,,,,,,,,"",,
192536137,192536143,216,3d73cefa87b0c5e67991b157859816133411760c,unknown,unknown,,plain,"",false,,,,,,,,,"",,
192538013,192538017,217,7ca1ca8c14812f786d6bf2a25cac5f18c64669bd,c,ok,75,plain,"",false,,,,,,,,,"",,
192538013,192538029,217,7ca1ca8c14812f786d6bf2a25cac5f18c64669bd,unknown,unknown,,plain,"",false,,,,,,,,,"",,
192538013,192538030,217,7ca1ca8c14812f786d6bf2a25cac5f18c64669bd,c,broken,72,plain,"",false,,,,,,,,,"",,
192538013,192538031,217,7ca1ca8c14812f786d6bf2a25cac5f18c64669bd,unknown,unknown,,plain,"",false,,,,,,,,,"",,
192538013,192538032,217,7ca1ca8c14812f786d6bf2a25cac5f18c64669bd,c,broken,83,plain,"",false,,,,,,,,,"",,
192538013,192538033,217,7ca1ca8c14812f786d6bf2a25cac5f18c64669bd,unknown,unknown,,plain,"",false,,,,,,,,,"",,
192538945,192538946,218,9e1d8e4ca198c68b30e51217a5c3c24539903755,c,ok,76,plain,"",false,,,,,,,,,"",,
192538945,192538947,218,9e1d8e4ca198c68b30e51217a5c3c24539903755,unknown,unknown,,plain,"",false,,,,,,,,,"",,
192538945,192538948,218,9e1d8e4ca198c68b30e51217a5c3c24539903755,c,ok,82,plain,"",false,,,,,,,,,"",,
192538945,192538949,218,9e1d8e4ca198c68b30e51217a5c3c24539903755,unknown,unknown,,plain,"",false,,,,,,,,,"",,
192538945,192538950,218,9e1d8e4ca198c68b30e51217a5c3c24539903755,c,ok,84,plain,"",false,,,,,,,,,"",,
192538945,192538951,218,9e1d8e4ca198c68b30e51217a5c3c24539903755,unknown,unknown,,plain,"",false,,,,,,,,,"",,
192542118,192542119,219,fe4e44ab0c70f7fbb8ad6db5e754d55f8af1c4e3,c,ok,87,plain,"",false,,,,,,,,,"",,
192542118,192542120,219,fe4e44ab0c70f7fbb8ad6db5e754d55f8af1c4e3,c,unknown,24,plain,"",false,,,,,,,,,"",,
192542118,192542121,219,fe4e44ab0c70f7fbb8ad6db5e754d55f8af1c4e3,c,ok,76,plain,"",false,,,,,,,,,"",,
192542118,192542122,219,fe4e44ab0c70f7fbb8ad6db5e754d55f8af1c4e3,unknown,unknown,,plain,"",false,,,,,,,,,"",,
192542118,192542123,219,fe4e44ab0c70f7fbb8ad6db5e754d55f8af1c4e3,c,ok,85,plain,"",false,,,,,,,,,"",,
192542118,192542124,219,fe4e44ab0c70f7fbb8ad6db5e754d55f8af1c4e3,unknown,unknown,,plain,"",false,,,,,,,,,"",,
98810223,98810224,21,48994581919a5ee1f1669b2829fd389a808d587d,c,unknown,14,plain,"",false,,,,,,,,,"",,
98810223,98810225,21,48994581919a5ee1f1669b2829fd389a808d587d,c,unknown,17,plain,"",false,,,,,,,,,"",,
192544391,192544392,220,33aee19e6e945b7f1279f6f820ebef07466efad9,c,ok,73,plain,"",false,,,,,,,,,"",,
192544391,192544393,220,33aee19e6e945b7f1279f6f820ebef07466efad9,unknown,unknown,,plain,"",false,,,,,,,,,"",,
192544391,192544394,220,33aee19e6e945b7f1279f6f820ebef07466efad9,c,unknown,19,plain,"",false,,,,,,,,,"",,
192544391,192544395,220,33aee19e6e945b7f1279f6f820ebef07466efad9,unknown,unknown,,plain,"",false,,,,,,,,,"",,
192544391,192544396,220,33aee19e6e945b7f1279f6f820ebef07466efad9,unknown,unknown,,plain,"",false,,,,,,,,,"",,
192544391,192544397,220,33aee19e6e945b7f1279f6f820ebef07466efad9,unknown,unknown,,plain,"",false,,,,,,,,,"",,
192544670,192544671,221,61094ccec9fe2433c9672f88f99c7ab039a59b12,c,unknown,4,plain,"",false,,,,,,,,,"",,
192544670,192544672,221,61094ccec9fe2433c9672f88f99c7ab039a59b12,c,unknown,4,plain,"",false,,,,,,,,,"",,
192544670,192544673,221,61094ccec9fe2433c9672f88f99c7ab039a59b12,c,unknown,4,plain,"",false,,,,,,,,,"",,
192544670,192544674,221,61094ccec9fe2433c9672f88f99c7ab039a59b12,c,unknown,4,plain,"",false,,,,,,,,,"",,
192544670,192544675,221,61094ccec9fe2433c9672f88f99c7ab039a59b12,c,unknown,4,plain,"",false,,,,,,,,,"",,
192544670,192544676,221,61094ccec9fe2433c9672f88f99c7ab039a59b12,c,unknown,4,plain,"",false,,,,,,,,,"",,
192544826,192544827,222,528923e340f5563c29a3c4232c8161b38c9117a6,c,ok,83,plain,"",false,,,,,,,,,"",,
192544826,192544829,222,528923e340f5563c29a3c4232c8161b38c9117a6,c,unknown,128,plain,"",false,,,,,,,,,"",,
192544826,192544831,222,528923e340f5563c29a3c4232c8161b38c9117a6,c,ok,86,plain,"",false,,,,,,,,,"",,
192544826,192544833,222,528923e340f5563c29a3c4232c8161b38c9117a6,c,unknown,140,plain,"",false,,,,,,,,,"",,
192544826,192544835,222,528923e340f5563c29a3c4232c8161b38c9117a6,c,ok,77,plain,"",false,,,,,,,,,"",,
192544826,192544836,222,528923e340f5563c29a3c4232c8161b38c9117a6,c,unknown,127,plain,"",false,,,,,,,,,"",,
192544967,192544968,223,528923e340f5563c29a3c4232c8161b38c9117a6,c,ok,72,plain,"",false,,,,,,,,,"",,
192544967,192544969,223,528923e340f5563c29a3c4232c8161b38c9117a6,c,unknown,119,plain,"",false,,,,,,,,,"",,
192544967,192544970,223,528923e340f5563c29a3c4232c8161b38c9117a6,c,ok,97,plain,"",false,,,,,,,,,"",,
192544967,192544971,223,528923e340f5563c29a3c4232c8161b38c9117a6,c,unknown,145,plain,"",false,,,,,,,,,"",,
192544967,192544972,223,528923e340f5563c29a3c4232c8161b38c9117a6,c,ok,95,plain,"",false,,,,,,,,,"",,
192544967,192544973,223,528923e340f5563c29a3c4232c8161b38c9117a6,c,unknown,123,plain,"",false,,,,,,,,,"",,
194611062,194611070,224,d03997b4409f9770259340fe2384d7f383c6ed1f,c,broken,89,plain,"",false,,,,,,,,,"",,
194611062,194611073,224,d03997b4409f9770259340fe2384d7f383c6ed1f,c,unknown,195,plain,"",false,,,,,,,,,"",,
194611062,194611077,224,d03997b4409f9770259340fe2384d7f383c6ed1f,c,broken,97,plain,"",false,,,,,,,,,"",,
194611062,194611081,224,d03997b4409f9770259340fe2384d7f383c6ed1f,c,unknown,278,plain,"",false,,,,,,,,,"",,
194611062,194611084,224,d03997b4409f9770259340fe2384d7f383c6ed1f,c,broken,123,plain,"",false,,,,,,,,,"",,
194611062,194611092,224,d03997b4409f9770259340fe2384d7f383c6ed1f,c,unknown,177,plain,"",false,,,,,,,,,"",,
194611588,194611591,225,e55fa92b50b78cd3d80619c8a07a129396a6d446,c,broken,95,plain,"",false,,,,,,,,,"",,
194611588,194611598,225,e55fa92b50b78cd3d80619c8a07a129396a6d446,c,unknown,171,plain,"",false,,,,,,,,,"",,
194611588,194611601,225,e55fa92b50b78cd3d80619c8a07a129396a6d446,c,broken,89,plain,"",false,,,,,,,,,"",,
194611588,194611604,225,e55fa92b50b78cd3d80619c8a07a129396a6d446,c,unknown,159,plain,"",false,,,,,,,,,"",,
194611588,194611607,225,e55fa92b50b78cd3d80619c8a07a129396a6d446,c,broken,87,plain,"",false,,,,,,,,,"",,
194611588,194611609,225,e55fa92b50b78cd3d80619c8a07a129396a6d446,c,unknown,195,plain,"",false,,,,,,,,,"",,
194628456,194628457,226,9679099ba6a7f264d3189e71cce312e15167852d,c,broken,76,plain,"",false,,,,,,,,,"",,
194628456,194628458,226,9679099ba6a7f264d3189e71cce312e15167852d,c,unknown,218,plain,"",false,,,,,,,,,"",,
194628456,194628459,226,9679099ba6a7f264d3189e71cce312e15167852d,c,broken,126,plain,"",false,,,,,,,,,"",,
194628456,194628460,226,9679099ba6a7f264d3189e71cce312e15167852d,c,unknown,163,plain,"",false,,,,,,,,,"",,
194628456,194628461,226,9679099ba6a7f264d3189e71cce312e15167852d,c,broken,76,plain,"",false,,,,,,,,,"",,
194628456,194628462,226,9679099ba6a7f264d3189e71cce312e15167852d,c,unknown,130,plain,"",false,,,,,,,,,"",,
195489980,195489981,227,515ab504f31ecfbf42a37d2130bff2600f2c497a,c,ok,73,plain,"",false,,,,,,,,,"",,
195489980,195489982,227,515ab504f31ecfbf42a37d2130bff2600f2c497a,c,unknown,145,plain,"",false,,,,,,,,,"",,
195489980,195489983,227,515ab504f31ecfbf42a37d2130bff2600f2c497a,c,ok,96,plain,"",false,,,,,,,,,"",,
195489980,195489984,227,515ab504f31ecfbf42a37d2130bff2600f2c497a,c,unknown,126,plain,"",false,,,,,,,,,"",,
195489980,195489985,227,515ab504f31ecfbf42a37d2130bff2600f2c497a,c,ok,85,plain,"",false,,,,,,,,,"",,
195489980,195489986,227,515ab504f31ecfbf42a37d2130bff2600f2c497a,c,unknown,151,plain,"",false,,,,,,,,,"",,
195490530,195490531,228,14563519af76097fc3dbbe25eeaccce7726440fa,c,ok,75,plain,"",false,,,,,,,,,"",,
195490530,195490534,228,14563519af76097fc3dbbe25eeaccce7726440fa,c,unknown,147,plain,"",false,,,,,,,,,"",,
195490530,195490535,228,14563519af76097fc3dbbe25eeaccce7726440fa,c,ok,80,plain,"",false,,,,,,,,,"",,
195490530,195490536,228,14563519af76097fc3dbbe25eeaccce7726440fa,c,unknown,184,plain,"",false,,,,,,,,,"",,
195490530,195490541,228,14563519af76097fc3dbbe25eeaccce7726440fa,c,ok,87,plain,"",false,,,,,,,,,"",,
195490530,195490542,228,14563519af76097fc3dbbe25eeaccce7726440fa,c,unknown,157,plain,"",false,,,,,,,,,"",,
195504630,195504631,229,0bf1eccc9443e0f38662264f93679cff0406026b,c,ok,73,plain,"",false,,,,,,,,,"",,
195504630,195504632,229,0bf1eccc9443e0f38662264f93679cff0406026b,c,unknown,136,plain,"",false,,,,,,,,,"",,
195504630,195504633,229,0bf1eccc9443e0f38662264f93679cff0406026b,c,ok,111,plain,"",false,,,,,,,,,"",,
195504630,195504634,229,0bf1eccc9443e0f38662264f93679cff0406026b,c,unknown,160,plain,"",false,,,,,,,,,"",,
195504630,195504635,229,0bf1eccc9443e0f38662264f93679cff0406026b,c,ok,80,plain,"",false,,,,,,,,,"",,
195504630,195504636,229,0bf1eccc9443e0f38662264f93679cff0406026b,c,unknown,185,plain,"",false,,,,,,,,,"",,
98810751,98810752,22,1e4f22b1bdb8b113d66d23d7c393727a3f98e2ae,c,unknown,16,plain,"",false,,,,,,,,,"",,
98810751,98810753,22,1e4f22b1bdb8b113d66d23d7c393727a3f98e2ae,c,unknown,21,plain,"",false,,,,,,,,,"",,
220046953,220046954,230,321492d6f175cb14f06d9f8c351549e5b8821c07,c,unknown,108,plain,"",false,,,,,,,,,"",,
220046953,220046955,230,321492d6f175cb14f06d9f8c351549e5b8821c07,c,unknown,108,plain,"",false,,,,,,,,,"",,
220046953,220046956,230,321492d6f175cb14f06d9f8c351549e5b8821c07,c,unknown,84,plain,"",false,,,,,,,,,"",,
220046953,220046957,230,321492d6f175cb14f06d9f8c351549e5b8821c07,c,unknown,109,plain,"",false,,,,,,,,,"",,
220046953,220046958,230,321492d6f175cb14f06d9f8c351549e5b8821c07,c,unknown,75,plain,"",false,,,,,,,,,"",,
220046953,220046959,230,321492d6f175cb14f06d9f8c351549e5b8821c07,c,unknown,106,plain,"",false,,,,,,,,,"",,
223610386,223610387,231,c9defb98059a7fb711c1a72963cc9dbfd17fb2a3,c,ok,82,plain,"",false,,,,,,,,,"",,
223610386,223610388,231,c9defb98059a7fb711c1a72963cc9dbfd17fb2a3,c,unknown,190,plain,"",false,,,,,,,,,"",,
223610386,223610389,231,c9defb98059a7fb711c1a72963cc9dbfd17fb2a3,c,ok,77,plain,"",false,,,,,,,,,"",,
223610386,223610391,231,c9defb98059a7fb711c1a72963cc9dbfd17fb2a3,c,unknown,179,plain,"",false,,,,,,,,,"",,
223610386,223610392,231,c9defb98059a7fb711c1a72963cc9dbfd17fb2a3,c,ok,88,plain,"",false,,,,,,,,,"",,
223610386,223610394,231,c9defb98059a7fb711c1a72963cc9dbfd17fb2a3,c,unknown,180,plain,"",false,,,,,,,,,"",,
223624446,223624447,232,8e7271c0c5d834a390b261aa8fe26d18f06b3026,c,unknown,88,plain,"",false,,,,,,,,,"",,
223624446,223624448,232,8e7271c0c5d834a390b261aa8fe26d18f06b3026,c,unknown,139,plain,"",false,,,,,,,,,"",,
223624446,223624449,232,8e7271c0c5d834a390b261aa8fe26d18f06b3026,c,unknown,74,plain,"",false,,,,,,,,,"",,
223624446,223624450,232,8e7271c0c5d834a390b261aa8fe26d18f06b3026,c,unknown,171,plain,"",false,,,,,,,,,"",,
223624446,223624451,232,8e7271c0c5d834a390b261aa8fe26d18f06b3026,c,unknown,105,plain,"",false,,,,,,,,,"",,
223624446,223624452,232,8e7271c0c5d834a390b261aa8fe26d18f06b3026,c,unknown,289,plain,"",false,,,,,,,,,"",,
224022443,224022444,233,43bab0b73171e1cdc50dedf4773c5e4028e1e71f,c,unknown,82,plain,"",false,,,,,,,,,"",,
224022443,224022445,233,43bab0b73171e1cdc50dedf4773c5e4028e1e71f,c,unknown,313,plain,"",false,,,,,,,,,"",,
224022443,224022446,233,43bab0b73171e1cdc50dedf4773c5e4028e1e71f,c,unknown,80,plain,"",false,,,,,,,,,"",,
224022443,224022447,233,43bab0b73171e1cdc50dedf4773c5e4028e1e71f,c,unknown,156,plain,"",false,,,,,,,,,"",,
224022443,224022448,233,43bab0b73171e1cdc50dedf4773c5e4028e1e71f,c,unknown,78,plain,"",false,,,,,,,,,"",,
224022443,224022449,233,43bab0b73171e1cdc50dedf4773c5e4028e1e71f,c,unknown,210,plain,"",false,,,,,,,,,"",,
224144083,224144084,234,0bddf7a89f15269b844eff399f54a49a5a507e7c,c,unknown,74,plain,"",false,,,,,,,,,"",,
224144083,224144085,234,0bddf7a89f15269b844eff399f54a49a5a507e7c,c,unknown,199,plain,"",false,,,,,,,,,"",,
224144083,224144086,234,0bddf7a89f15269b844eff399f54a49a5a507e7c,c,unknown,78,plain,"",false,,,,,,,,,"",,
224144083,224144087,234,0bddf7a89f15269b844eff399f54a49a5a507e7c,c,unknown,181,plain,"",false,,,,,,,,,"",,
224144083,224144088,234,0bddf7a89f15269b844eff399f54a49a5a507e7c,c,unknown,78,plain,"",false,,,,,,,,,"",,
224144083,224144089,234,0bddf7a89f15269b844eff399f54a49a5a507e7c,c,unknown,185,plain,"",false,,,,,,,,,"",,
224197562,224197563,235,ef2e11ec4cad3f07831f65fd18e191dcf69ad238,c,unknown,84,plain,"",false,,,,,,,,,"",,
224197562,224197564,235,ef2e11ec4cad3f07831f65fd18e191dcf69ad238,c,unknown,103,plain,"",false,,,,,,,,,"",,
224197562,224197565,235,ef2e11ec4cad3f07831f65fd18e191dcf69ad238,c,unknown,83,plain,"",false,,,,,,,,,"",,
224197562,224197566,235,ef2e11ec4cad3f07831f65fd18e191dcf69ad238,c,unknown,114,plain,"",false,,,,,,,,,"",,
224197562,224197567,235,ef2e11ec4cad3f07831f65fd18e191dcf69ad238,c,unknown,83,plain,"",false,,,,,,,,,"",,
224197562,224197568,235,ef2e11ec4cad3f07831f65fd18e191dcf69ad238,c,unknown,105,plain,"",false,,,,,,,,,"",,
224491627,224491630,236,d9e210e51374ce27b912f42ae052c52d568344e1,c,unknown,1,plain,"",false,,,,,,,,,"",,
224491627,224491633,236,d9e210e51374ce27b912f42ae052c52d568344e1,c,unknown,2,plain,"",false,,,,,,,,,"",,
224491627,224491634,236,d9e210e51374ce27b912f42ae052c52d568344e1,c,unknown,1,plain,"",false,,,,,,,,,"",,
224491627,224491635,236,d9e210e51374ce27b912f42ae052c52d568344e1,c,unknown,2,plain,"",false,,,,,,,,,"",,
224491627,224491638,236,d9e210e51374ce27b912f42ae052c52d568344e1,c,unknown,1,plain,"",false,,,,,,,,,"",,
224491627,224491639,236,d9e210e51374ce27b912f42ae052c52d568344e1,c,unknown,2,plain,"",false,,,,,,,,,"",,
224493083,224493084,237,e57f22b75c885e9b86e9da5f3df7c1c75b21abe3,c,unknown,1,plain,"",false,,,,,,,,,"",,
224493083,224493085,237,e57f22b75c885e9b86e9da5f3df7c1c75b21abe3,c,unknown,1,plain,"",false,,,,,,,,,"",,
224493083,224493086,237,e57f22b75c885e9b86e9da5f3df7c1c75b21abe3,c,unknown,1,plain,"",false,,,,,,,,,"",,
224493083,224493087,237,e57f22b75c885e9b86e9da5f3df7c1c75b21abe3,c,unknown,1,plain,"",false,,,,,,,,,"",,
224493083,224493088,237,e57f22b75c885e9b86e9da5f3df7c1c75b21abe3,c,unknown,1,plain,"",false,,,,,,,,,"",,
224493083,224493089,237,e57f22b75c885e9b86e9da5f3df7c1c75b21abe3,c,unknown,1,plain,"",false,,,,,,,,,"",,
224531619,224531620,238,4b4da88686ca37f65b260e6f1e5b0668d2821800,c,unknown,77,plain,"",false,,,,,,,,,"",,
224531619,224531621,238,4b4da88686ca37f65b260e6f1e5b0668d2821800,c,unknown,231,plain,"",false,,,,,,,,,"",,
224531619,224531622,238,4b4da88686ca37f65b260e6f1e5b0668d2821800,c,unknown,78,plain,"",false,,,,,,,,,"",,
224531619,224531623,238,4b4da88686ca37f65b260e6f1e5b0668d2821800,c,unknown,140,plain,"",false,,,,,,,,,"",,
224531619,224531624,238,4b4da88686ca37f65b260e6f1e5b0668d2821800,c,unknown,92,plain,"",false,,,,,,,,,"",,
224531619,224531625,238,4b4da88686ca37f65b260e6f1e5b0668d2821800,c,unknown,222,plain,"",false,,,,,,,,,"",,
229246998,229247001,239,dc6c71199713cd1ca4daa6b18a02e7e63799177d,c,unknown,83,plain,"",false,,,,,,,,,"",,
229246998,229247002,239,dc6c71199713cd1ca4daa6b18a02e7e63799177d,c,unknown,225,plain,"",false,,,,,,,,,"",,
229246998,229247004,239,dc6c71199713cd1ca4daa6b18a02e7e63799177d,c,unknown,84,plain,"",false,,,,,,,,,"",,
229246998,229247005,239,dc6c71199713cd1ca4daa6b18a02e7e63799177d,c,unknown,240,plain,"",false,,,,,,,,,"",,
229246998,229247007,239,dc6c71199713cd1ca4daa6b18a02e7e63799177d,c,unknown,94,plain,"",false,,,,,,,,,"",,
229246998,229247009,239,dc6c71199713cd1ca4daa6b18a02e7e63799177d,c,unknown,172,plain,"",false,,,,,,,,,"",,
98811677,98811678,23,6bb8be360da5eecaef8228f64f1bebcd0641529d,c,unknown,17,plain,"",false,,,,,,,,,"",,
98811677,98811679,23,6bb8be360da5eecaef8228f64f1bebcd0641529d,c,unknown,19,plain,"",false,,,,,,,,,"",,
232311177,232311178,240,fffbe444532afb8d2e7f0a04d836e35989bcd965,c,broken,78,plain,"",false,,,,,,,,,"",,
232311177,232311179,240,fffbe444532afb8d2e7f0a04d836e35989bcd965,c,unknown,105,plain,"",false,,,,,,,,,"",,
232311177,232311180,240,fffbe444532afb8d2e7f0a04d836e35989bcd965,c,ok,81,plain,"",false,,,,,,,,,"",,
232311177,232311181,240,fffbe444532afb8d2e7f0a04d836e35989bcd965,c,unknown,110,plain,"",false,,,,,,,,,"",,
232311177,232311182,240,fffbe444532afb8d2e7f0a04d836e35989bcd965,c,ok,74,plain,"",false,,,,,,,,,"",,
232311177,232311183,240,fffbe444532afb8d2e7f0a04d836e35989bcd965,c,unknown,111,plain,"",false,,,,,,,,,"",,
232567738,232567739,241,f9f5397226b83144be80be50956225e72e461599,c,ok,78,plain,"",false,,,,,,,,,"",,
232567738,232567740,241,f9f5397226b83144be80be50956225e72e461599,c,unknown,204,plain,"",false,,,,,,,,,"",,
232567738,232567741,241,f9f5397226b83144be80be50956225e72e461599,c,ok,77,plain,"",false,,,,,,,,,"",,
232567738,232567742,241,f9f5397226b83144be80be50956225e72e461599,c,unknown,215,plain,"",false,,,,,,,,,"",,
232567738,232567743,241,f9f5397226b83144be80be50956225e72e461599,c,ok,93,plain,"",false,,,,,,,,,"",,
232567738,232567744,241,f9f5397226b83144be80be50956225e72e461599,c,unknown,159,plain,"",false,,,,,,,,,"",,
247241823,247241824,242,f9f5397226b83144be80be50956225e72e461599,c,broken,103,plain,"",false,,,,,,,,,"",,
247241823,247241826,242,f9f5397226b83144be80be50956225e72e461599,c,unknown,206,plain,"",false,,,,,,,,,"",,
247241823,247241828,242,f9f5397226b83144be80be50956225e72e461599,c,ok,85,plain,"",false,,,,,,,,,"",,
247241823,247241829,242,f9f5397226b83144be80be50956225e72e461599,c,unknown,191,plain,"",false,,,,,,,,,"",,
247241823,247241830,242,f9f5397226b83144be80be50956225e72e461599,c,broken,72,plain,"",false,,,,,,,,,"",,
247241823,247241831,242,f9f5397226b83144be80be50956225e72e461599,c,unknown,213,plain,"",false,,,,,,,,,"",,
247242297,247242298,243,c4b680d2817963668df8d8fbfb59bc87b48847e8,c,unknown,112,plain,"",false,,,,,,,,,"",,
247242297,247242299,243,c4b680d2817963668df8d8fbfb59bc87b48847e8,c,unknown,186,plain,"",false,,,,,,,,,"",,
247242297,247242300,243,c4b680d2817963668df8d8fbfb59bc87b48847e8,c,unknown,71,plain,"",false,,,,,,,,,"",,
247242297,247242301,243,c4b680d2817963668df8d8fbfb59bc87b48847e8,c,unknown,268,plain,"",false,,,,,,,,,"",,
247242297,247242302,243,c4b680d2817963668df8d8fbfb59bc87b48847e8,c,unknown,70,plain,"",false,,,,,,,,,"",,
247242297,247242303,243,c4b680d2817963668df8d8fbfb59bc87b48847e8,c,unknown,171,plain,"",false,,,,,,,,,"",,
247560586,247560587,244,ec1b213acbd328f65a1a658dafe79f4a35381945,c,ok,72,plain,"",false,,,,,,,,,"",,
247560586,247560588,244,ec1b213acbd328f65a1a658dafe79f4a35381945,c,unknown,117,plain,"",false,,,,,,,,,"",,
247560586,247560589,244,ec1b213acbd328f65a1a658dafe79f4a35381945,c,ok,72,plain,"",false,,,,,,,,,"",,
247560586,247560590,244,ec1b213acbd328f65a1a658dafe79f4a35381945,c,unknown,163,plain,"",false,,,,,,,,,"",,
247560586,247560591,244,ec1b213acbd328f65a1a658dafe79f4a35381945,c,ok,70,plain,"",false,,,,,,,,,"",,
247560586,247560592,244,ec1b213acbd328f65a1a658dafe79f4a35381945,c,unknown,113,plain,"",false,,,,,,,,,"",,
247641160,247641162,245,b681803ec71e0fa1e91e71bda3e9217828a9d511,c,broken,71,plain,"",false,,,,,,,,,"",,
247641160,247641164,245,b681803ec71e0fa1e91e71bda3e9217828a9d511,c,unknown,149,plain,"",false,,,,,,,,,"",,
247641160,247641165,245,b681803ec71e0fa1e91e71bda3e9217828a9d511,c,ok,69,plain,"",false,,,,,,,,,"",,
247641160,247641166,245,b681803ec71e0fa1e91e71bda3e9217828a9d511,c,unknown,264,plain,"",false,,,,,,,,,"",,
247641160,247641169,245,b681803ec71e0fa1e91e71bda3e9217828a9d511,c,broken,73,plain,"",false,,,,,,,,,"",,
247641160,247641170,245,b681803ec71e0fa1e91e71bda3e9217828a9d511,c,unknown,225,plain,"",false,,,,,,,,,"",,
247808646,247808647,246,f634a34c68babdfe374b4627267f57708c9f448f,c,ok,102,plain,"",false,,,,,,,,,"",,
247808646,247808648,246,f634a34c68babdfe374b4627267f57708c9f448f,c,unknown,125,plain,"",false,,,,,,,,,"",,
247808646,247808649,246,f634a34c68babdfe374b4627267f57708c9f448f,c,ok,76,plain,"",false,,,,,,,,,"",,
247808646,247808650,246,f634a34c68babdfe374b4627267f57708c9f448f,c,unknown,126,plain,"",false,,,,,,,,,"",,
247808646,247808651,246,f634a34c68babdfe374b4627267f57708c9f448f,c,ok,70,plain,"",false,,,,,,,,,"",,
247808646,247808652,246,f634a34c68babdfe374b4627267f57708c9f448f,c,unknown,133,plain,"",false,,,,,,,,,"",,
247815661,247815662,247,07c1676c6cd986c45522e29b34378150f3bd3152,c,ok,74,plain,"",false,,,,,,,,,"",,
247815661,247815663,247,07c1676c6cd986c45522e29b34378150f3bd3152,c,unknown,121,plain,"",false,,,,,,,,,"",,
247815661,247815664,247,07c1676c6cd986c45522e29b34378150f3bd3152,c,ok,70,plain,"",false,,,,,,,,,"",,
247815661,247815665,247,07c1676c6cd986c45522e29b34378150f3bd3152,c,unknown,128,plain,"",false,,,,,,,,,"",,
247815661,247815666,247,07c1676c6cd986c45522e29b34378150f3bd3152,c,ok,70,plain,"",false,,,,,,,,,"",,
247815661,247815667,247,07c1676c6cd986c45522e29b34378150f3bd3152,c,unknown,136,plain,"",false,,,,,,,,,"",,
247819345,247819346,248,16a0442d8bc57ddd8ecad449cb6fd8a312b74960,c,ok,76,plain,"",false,,,,,,,,,"",,
247819345,247819347,248,16a0442d8bc57ddd8ecad449cb6fd8a312b74960,c,unknown,107,plain,"",false,,,,,,,,,"",,
247819345,247819348,248,16a0442d8bc57ddd8ecad449cb6fd8a312b74960,c,ok,71,plain,"",false,,,,,,,,,"",,
247819345,247819349,248,16a0442d8bc57ddd8ecad449cb6fd8a312b74960,c,unknown,107,plain,"",false,,,,,,,,,"",,
247819345,247819350,248,16a0442d8bc57ddd8ecad449cb6fd8a312b74960,c,ok,91,plain,"",false,,,,,,,,,"",,
247819345,247819351,248,16a0442d8bc57ddd8ecad449cb6fd8a312b74960,c,unknown,149,plain,"",false,,,,,,,,,"",,
248064664,248064665,249,496d1b7bd2f5b234ad2eeea50671d341aac31a22,c,unknown,78,plain,"",false,,,,,,,,,"",,
248064664,248064666,249,496d1b7bd2f5b234ad2eeea50671d341aac31a22,c,unknown,166,plain,"",false,,,,,,,,,"",,
248064664,248064667,249,496d1b7bd2f5b234ad2eeea50671d341aac31a22,c,unknown,86,plain,"",false,,,,,,,,,"",,
248064664,248064668,249,496d1b7bd2f5b234ad2eeea50671d341aac31a22,c,unknown,156,plain,"",false,,,,,,,,,"",,
248064664,248064669,249,496d1b7bd2f5b234ad2eeea50671d341aac31a22,c,unknown,86,plain,"",false,,,,,,,,,"",,
248064664,248064670,249,496d1b7bd2f5b234ad2eeea50671d341aac31a22,c,unknown,212,plain,"",false,,,,,,,,,"",,
98812728,98812729,24,aac6c592b83b7e4c154f9dbde11de57f3b6eed93,c,unknown,15,plain,"",false,,,,,,,,,"",,
98812728,98812730,24,aac6c592b83b7e4c154f9dbde11de57f3b6eed93,c,unknown,12,plain,"",false,,,,,,,,,"",,
248072449,248072452,250,4ed4f8480fd87810cb5efa2357444f1a7990add0,c,unknown,75,plain,"",false,,,,,,,,,"",,
248072449,248072454,250,4ed4f8480fd87810cb5efa2357444f1a7990add0,c,unknown,184,plain,"",false,,,,,,,,,"",,
248072449,248072456,250,4ed4f8480fd87810cb5efa2357444f1a7990add0,c,unknown,76,plain,"",false,,,,,,,,,"",,
248072449,248072458,250,4ed4f8480fd87810cb5efa2357444f1a7990add0,c,unknown,192,plain,"",false,,,,,,,,,"",,
248072449,248072460,250,4ed4f8480fd87810cb5efa2357444f1a7990add0,c,unknown,85,plain,"",false,,,,,,,,,"",,
248072449,248072462,250,4ed4f8480fd87810cb5efa2357444f1a7990add0,c,unknown,252,plain,"",false,,,,,,,,,"",,
248559460,248559461,251,451838853998c6b93a53fe656797da440b4d3353,c,unknown,1,plain,"",false,,,,,,,,,"",,
248559460,248559462,251,451838853998c6b93a53fe656797da440b4d3353,unknown,unknown,,plain,"",false,,,,,,,,,"",,
248559460,248559463,251,451838853998c6b93a53fe656797da440b4d3353,c,unknown,1,plain,"",false,,,,,,,,,"",,
248559460,248559464,251,451838853998c6b93a53fe656797da440b4d3353,unknown,unknown,,plain,"",false,,,,,,,,,"",,
248559460,248559465,251,451838853998c6b93a53fe656797da440b4d3353,c,unknown,1,plain,"",false,,,,,,,,,"",,
248559460,248559466,251,451838853998c6b93a53fe656797da440b4d3353,unknown,unknown,,plain,"",false,,,,,,,,,"",,
248563596,248563597,252,28d4011bf7de5310f3fd932752b5458848999f89,c,unknown,1,plain,"",false,,,,,,,,,"",,
248563596,248563598,252,28d4011bf7de5310f3fd932752b5458848999f89,unknown,unknown,,plain,"",false,,,,,,,,,"",,
248563596,248563599,252,28d4011bf7de5310f3fd932752b5458848999f89,c,unknown,1,plain,"",false,,,,,,,,,"",,
248563596,248563600,252,28d4011bf7de5310f3fd932752b5458848999f89,unknown,unknown,,plain,"",false,,,,,,,,,"",,
248563596,248563601,252,28d4011bf7de5310f3fd932752b5458848999f89,c,unknown,1,plain,"",false,,,,,,,,,"",,
248563596,248563602,252,28d4011bf7de5310f3fd932752b5458848999f89,unknown,unknown,,plain,"",false,,,,,,,,,"",,
248565886,248565887,253,5995b088a3e23b8d150c8f96407fcdf9e5ab3c3f,c,unknown,81,plain,"",false,,,,,,,,,"",,
248565886,248565888,253,5995b088a3e23b8d150c8f96407fcdf9e5ab3c3f,c,unknown,250,plain,"",false,,,,,,,,,"",,
248565886,248565889,253,5995b088a3e23b8d150c8f96407fcdf9e5ab3c3f,c,unknown,77,plain,"",false,,,,,,,,,"",,
248565886,248565890,253,5995b088a3e23b8d150c8f96407fcdf9e5ab3c3f,c,unknown,262,plain,"",false,,,,,,,,,"",,
248565886,248565891,253,5995b088a3e23b8d150c8f96407fcdf9e5ab3c3f,c,unknown,71,plain,"",false,,,,,,,,,"",,
248565886,248565892,253,5995b088a3e23b8d150c8f96407fcdf9e5ab3c3f,c,unknown,170,plain,"",false,,,,,,,,,"",,
251713223,251713224,254,b4dc6fa0e0dbb0fde3e1477e0e8ed61ed99f9850,c,unknown,1,plain,"",false,,,,,,,,,"",,
251713223,251713225,254,b4dc6fa0e0dbb0fde3e1477e0e8ed61ed99f9850,c,unknown,1,plain,"",false,,,,,,,,,"",,
251713223,251713226,254,b4dc6fa0e0dbb0fde3e1477e0e8ed61ed99f9850,c,unknown,1,plain,"",false,,,,,,,,,"",,
251713223,251713227,254,b4dc6fa0e0dbb0fde3e1477e0e8ed61ed99f9850,c,unknown,1,plain,"",false,,,,,,,,,"",,
251713223,251713228,254,b4dc6fa0e0dbb0fde3e1477e0e8ed61ed99f9850,c,unknown,1,plain,"",false,,,,,,,,,"",,
251713223,251713229,254,b4dc6fa0e0dbb0fde3e1477e0e8ed61ed99f9850,c,unknown,2,plain,"",false,,,,,,,,,"",,
251716967,251716968,255,c918c5874b7d1c350c85924bc1c429e0aeeb88cc,c,unknown,1,plain,"",false,,,,,,,,,"",,
251716967,251716969,255,c918c5874b7d1c350c85924bc1c429e0aeeb88cc,c,unknown,2,plain,"",false,,,,,,,,,"",,
251716967,251716970,255,c918c5874b7d1c350c85924bc1c429e0aeeb88cc,c,unknown,1,plain,"",false,,,,,,,,,"",,
251716967,251716971,255,c918c5874b7d1c350c85924bc1c429e0aeeb88cc,c,unknown,2,plain,"",false,,,,,,,,,"",,
251716967,251716972,255,c918c5874b7d1c350c85924bc1c429e0aeeb88cc,c,unknown,1,plain,"",false,,,,,,,,,"",,
251716967,251716973,255,c918c5874b7d1c350c85924bc1c429e0aeeb88cc,c,unknown,1,plain,"",false,,,,,,,,,"",,
251721617,251721618,256,2ee713fb21fb54e5ebe15f65480761f4cd5c5e81,c,unknown,1,plain,"",false,,,,,,,,,"",,
251721617,251721619,256,2ee713fb21fb54e5ebe15f65480761f4cd5c5e81,c,unknown,1,plain,"",false,,,,,,,,,"",,
251721617,251721620,256,2ee713fb21fb54e5ebe15f65480761f4cd5c5e81,c,unknown,1,plain,"",false,,,,,,,,,"",,
251721617,251721621,256,2ee713fb21fb54e5ebe15f65480761f4cd5c5e81,c,unknown,1,plain,"",false,,,,,,,,,"",,
251721617,251721622,256,2ee713fb21fb54e5ebe15f65480761f4cd5c5e81,c,unknown,1,plain,"",false,,,,,,,,,"",,
251721617,251721623,256,2ee713fb21fb54e5ebe15f65480761f4cd5c5e81,c,unknown,1,plain,"",false,,,,,,,,,"",,
251731960,251731961,257,8c878a407b1e829a3ea13f426c027528df75dc51,c,unknown,1,plain,"",false,,,,,,,,,"",,
251731960,251731962,257,8c878a407b1e829a3ea13f426c027528df75dc51,c,unknown,1,plain,"",false,,,,,,,,,"",,
251731960,251731963,257,8c878a407b1e829a3ea13f426c027528df75dc51,c,unknown,1,plain,"",false,,,,,,,,,"",,
251731960,251731964,257,8c878a407b1e829a3ea13f426c027528df75dc51,c,unknown,5,plain,"",false,,,,,,,,,"",,
251731960,251731965,257,8c878a407b1e829a3ea13f426c027528df75dc51,c,unknown,1,plain,"",false,,,,,,,,,"",,
251731960,251731966,257,8c878a407b1e829a3ea13f426c027528df75dc51,c,unknown,1,plain,"",false,,,,,,,,,"",,
251733293,251733294,258,3d31a1dd2ebea4f8d2393a87274e9233b9cf3e0d,c,unknown,1,plain,"",false,,,,,,,,,"",,
251733293,251733298,258,3d31a1dd2ebea4f8d2393a87274e9233b9cf3e0d,c,unknown,2,plain,"",false,,,,,,,,,"",,
251733293,251733299,258,3d31a1dd2ebea4f8d2393a87274e9233b9cf3e0d,c,unknown,1,plain,"",false,,,,,,,,,"",,
251733293,251733300,258,3d31a1dd2ebea4f8d2393a87274e9233b9cf3e0d,c,unknown,1,plain,"",false,,,,,,,,,"",,
251733293,251733301,258,3d31a1dd2ebea4f8d2393a87274e9233b9cf3e0d,c,unknown,1,plain,"",false,,,,,,,,,"",,
251733293,251733302,258,3d31a1dd2ebea4f8d2393a87274e9233b9cf3e0d,c,unknown,1,plain,"",false,,,,,,,,,"",,
251735158,251735159,259,75dfd12f038cf9ae4ed3616121fe1bd300fe1324,c,unknown,1,plain,"",false,,,,,,,,,"",,
251735158,251735160,259,75dfd12f038cf9ae4ed3616121fe1bd300fe1324,c,unknown,1,plain,"",false,,,,,,,,,"",,
251735158,251735161,259,75dfd12f038cf9ae4ed3616121fe1bd300fe1324,c,unknown,1,plain,"",false,,,,,,,,,"",,
251735158,251735162,259,75dfd12f038cf9ae4ed3616121fe1bd300fe1324,c,unknown,1,plain,"",false,,,,,,,,,"",,
251735158,251735163,259,75dfd12f038cf9ae4ed3616121fe1bd300fe1324,c,unknown,1,plain,"",false,,,,,,,,,"",,
251735158,251735164,259,75dfd12f038cf9ae4ed3616121fe1bd300fe1324,c,unknown,1,plain,"",false,,,,,,,,,"",,
98813055,98813056,25,09fef63b6af73c33427d346e8d396ad1e176cbcd,c,unknown,16,plain,"",false,,,,,,,,,"",,
98813055,98813057,25,09fef63b6af73c33427d346e8d396ad1e176cbcd,c,unknown,13,plain,"",false,,,,,,,,,"",,
251738388,251738389,260,052e532104c86dc0eebd56bc9e040ef01ab6ca3e,c,unknown,1,plain,"",false,,,,,,,,,"",,
251738388,251738390,260,052e532104c86dc0eebd56bc9e040ef01ab6ca3e,c,unknown,2,plain,"",false,,,,,,,,,"",,
251738388,251738391,260,052e532104c86dc0eebd56bc9e040ef01ab6ca3e,c,unknown,1,plain,"",false,,,,,,,,,"",,
251738388,251738392,260,052e532104c86dc0eebd56bc9e040ef01ab6ca3e,c,unknown,1,plain,"",false,,,,,,,,,"",,
251738388,251738393,260,052e532104c86dc0eebd56bc9e040ef01ab6ca3e,c,unknown,1,plain,"",false,,,,,,,,,"",,
251738388,251738394,260,052e532104c86dc0eebd56bc9e040ef01ab6ca3e,c,unknown,1,plain,"",false,,,,,,,,,"",,
251741094,251741095,261,1a971f40f9b0adfd37dbd3dc4253b9af67495ce2,c,unknown,1,plain,"",false,,,,,,,,,"",,
251741094,251741096,261,1a971f40f9b0adfd37dbd3dc4253b9af67495ce2,c,unknown,1,plain,"",false,,,,,,,,,"",,
251741094,251741097,261,1a971f40f9b0adfd37dbd3dc4253b9af67495ce2,c,unknown,1,plain,"",false,,,,,,,,,"",,
251741094,251741098,261,1a971f40f9b0adfd37dbd3dc4253b9af67495ce2,c,unknown,1,plain,"",false,,,,,,,,,"",,
251741094,251741099,261,1a971f40f9b0adfd37dbd3dc4253b9af67495ce2,c,unknown,1,plain,"",false,,,,,,,,,"",,
251741094,251741100,261,1a971f40f9b0adfd37dbd3dc4253b9af67495ce2,c,unknown,1,plain,"",false,,,,,,,,,"",,
251755439,251755440,262,bdb6c34ca2960d15a25cb62406716ec76c5dd709,c,unknown,1,plain,"",false,,,,,,,,,"",,
251755439,251755441,262,bdb6c34ca2960d15a25cb62406716ec76c5dd709,c,unknown,1,plain,"",false,,,,,,,,,"",,
251755439,251755442,262,bdb6c34ca2960d15a25cb62406716ec76c5dd709,c,unknown,1,plain,"",false,,,,,,,,,"",,
251755439,251755443,262,bdb6c34ca2960d15a25cb62406716ec76c5dd709,c,unknown,1,plain,"",false,,,,,,,,,"",,
251755439,251755444,262,bdb6c34ca2960d15a25cb62406716ec76c5dd709,c,unknown,1,plain,"",false,,,,,,,,,"",,
251755439,251755445,262,bdb6c34ca2960d15a25cb62406716ec76c5dd709,c,unknown,1,plain,"",false,,,,,,,,,"",,
253119208,253119209,263,4f3a1d86fa14fecfbf37d33cef15944dd9f9e6a5,c,ok,75,plain,"",false,,,,,,,,,"",,
253119208,253119210,263,4f3a1d86fa14fecfbf37d33cef15944dd9f9e6a5,c,unknown,262,plain,"",false,,,,,,,,,"",,
253119208,253119211,263,4f3a1d86fa14fecfbf37d33cef15944dd9f9e6a5,c,ok,73,plain,"",false,,,,,,,,,"",,
253119208,253119212,263,4f3a1d86fa14fecfbf37d33cef15944dd9f9e6a5,c,unknown,208,plain,"",false,,,,,,,,,"",,
253119208,253119213,263,4f3a1d86fa14fecfbf37d33cef15944dd9f9e6a5,c,ok,69,plain,"",false,,,,,,,,,"",,
253119208,253119214,263,4f3a1d86fa14fecfbf37d33cef15944dd9f9e6a5,c,unknown,192,plain,"",false,,,,,,,,,"",,
254239755,254239756,264,2da7e694ad7dd618fd594d2729c81ee4c2fa77c1,c,unknown,1,plain,"",false,,,,,,,,,"",,
254239755,254239757,264,2da7e694ad7dd618fd594d2729c81ee4c2fa77c1,c,unknown,1,plain,"",false,,,,,,,,,"",,
254239755,254239758,264,2da7e694ad7dd618fd594d2729c81ee4c2fa77c1,c,unknown,1,plain,"",false,,,,,,,,,"",,
254239755,254239759,264,2da7e694ad7dd618fd594d2729c81ee4c2fa77c1,c,unknown,1,plain,"",false,,,,,,,,,"",,
254239755,254239760,264,2da7e694ad7dd618fd594d2729c81ee4c2fa77c1,c,unknown,1,plain,"",false,,,,,,,,,"",,
254239755,254239761,264,2da7e694ad7dd618fd594d2729c81ee4c2fa77c1,c,unknown,2,plain,"",false,,,,,,,,,"",,
254246700,254246701,265,e1a031330a49e02abbc022f53cde92502cd17e1c,c,unknown,1,plain,"",false,,,,,,,,,"",,
254246700,254246702,265,e1a031330a49e02abbc022f53cde92502cd17e1c,c,unknown,1,plain,"",false,,,,,,,,,"",,
254246700,254246703,265,e1a031330a49e02abbc022f53cde92502cd17e1c,c,unknown,1,plain,"",false,,,,,,,,,"",,
254246700,254246704,265,e1a031330a49e02abbc022f53cde92502cd17e1c,c,unknown,1,plain,"",false,,,,,,,,,"",,
254246700,254246705,265,e1a031330a49e02abbc022f53cde92502cd17e1c,c,unknown,1,plain,"",false,,,,,,,,,"",,
254246700,254246706,265,e1a031330a49e02abbc022f53cde92502cd17e1c,c,unknown,1,plain,"",false,,,,,,,,,"",,
254246707,254246708,266,8a061dbe93128a685150d85ff27a9e13e85bbf3c,unknown,unknown,,plain,"",false,,,,,,,,,"",,
254246707,254246709,266,8a061dbe93128a685150d85ff27a9e13e85bbf3c,unknown,unknown,,plain,"",false,,,,,,,,,"",,
254246707,254246710,266,8a061dbe93128a685150d85ff27a9e13e85bbf3c,unknown,unknown,,plain,"",false,,,,,,,,,"",,
254246707,254246711,266,8a061dbe93128a685150d85ff27a9e13e85bbf3c,unknown,unknown,,plain,"",false,,,,,,,,,"",,
254246707,254246712,266,8a061dbe93128a685150d85ff27a9e13e85bbf3c,unknown,unknown,,plain,"",false,,,,,,,,,"",,
254246707,254246713,266,8a061dbe93128a685150d85ff27a9e13e85bbf3c,unknown,unknown,,plain,"",false,,,,,,,,,"",,
254248207,254248208,267,406f8acda32bf8aad51a1ee324d92d441e339b9d,c,unknown,1,plain,"",false,,,,,,,,,"",,
254248207,254248209,267,406f8acda32bf8aad51a1ee324d92d441e339b9d,c,unknown,1,plain,"",false,,,,,,,,,"",,
254248207,254248210,267,406f8acda32bf8aad51a1ee324d92d441e339b9d,c,unknown,1,plain,"",false,,,,,,,,,"",,
254248207,254248211,267,406f8acda32bf8aad51a1ee324d92d441e339b9d,c,unknown,1,plain,"",false,,,,,,,,,"",,
254248207,254248212,267,406f8acda32bf8aad51a1ee324d92d441e339b9d,c,unknown,1,plain,"",false,,,,,,,,,"",,
254248207,254248213,267,406f8acda32bf8aad51a1ee324d92d441e339b9d,c,unknown,1,plain,"",false,,,,,,,,,"",,
254251771,254251772,268,b5b7bb23e026ba3b316dfa1ba5eed188f79fc1a2,unknown,unknown,,plain,"",false,,,,,,,,,"",,
254252587,254252588,269,553e15fa156f0a22738da6cc2a46965ab3f55738,ruby,unknown,0,ruby,"",false,,,0,,,,,,"",,
98813277,98813278,26,20f154a35d7ff995df56587b2b063ca78a9df5e4,c,unknown,16,plain,"",false,,,,,,,,,"",,
98813277,98813279,26,20f154a35d7ff995df56587b2b063ca78a9df5e4,c,unknown,10,plain,"",false,,,,,,,,,"",,
254253147,254253148,270,a0922c76d0ca217a10a845d2025ba613a4637c23,c,unknown,0,plain,"",false,,,,,,,,,"",,
254253147,254253149,270,a0922c76d0ca217a10a845d2025ba613a4637c23,c,unknown,0,plain,"",false,,,,,,,,,"",,
254322362,254322363,271,9f6174705c2b90d4703e38a1c945a34ebdcf9271,c,unknown,1,plain,"",false,,,,,,,,,"",,
254322362,254322364,271,9f6174705c2b90d4703e38a1c945a34ebdcf9271,c,unknown,0,plain,"",false,,,,,,,,,"",,
254322362,254322365,271,9f6174705c2b90d4703e38a1c945a34ebdcf9271,c,unknown,0,plain,"",false,,,,,,,,,"",,
254322362,254322366,271,9f6174705c2b90d4703e38a1c945a34ebdcf9271,c,unknown,0,plain,"",false,,,,,,,,,"",,
254322362,254322367,271,9f6174705c2b90d4703e38a1c945a34ebdcf9271,c,unknown,0,plain,"",false,,,,,,,,,"",,
254322362,254322368,271,9f6174705c2b90d4703e38a1c945a34ebdcf9271,c,unknown,0,plain,"",false,,,,,,,,,"",,
254323181,254323182,272,7d0f8ef296fb9d0b879e43c303b10c94c6abcc7e,c,unknown,1,plain,"",false,,,,,,,,,"",,
254323181,254323183,272,7d0f8ef296fb9d0b879e43c303b10c94c6abcc7e,c,unknown,1,plain,"",false,,,,,,,,,"",,
254323181,254323184,272,7d0f8ef296fb9d0b879e43c303b10c94c6abcc7e,c,unknown,1,plain,"",false,,,,,,,,,"",,
254323181,254323185,272,7d0f8ef296fb9d0b879e43c303b10c94c6abcc7e,c,unknown,1,plain,"",false,,,,,,,,,"",,
254323181,254323186,272,7d0f8ef296fb9d0b879e43c303b10c94c6abcc7e,c,unknown,1,plain,"",false,,,,,,,,,"",,
254323181,254323187,272,7d0f8ef296fb9d0b879e43c303b10c94c6abcc7e,unknown,unknown,,plain,"",false,,,,,,,,,"",,
254323456,254323457,273,4041259103c263232bbea55ae84153272128c6d1,c,unknown,1,plain,"",false,,,,,,,,,"",,
254323456,254323458,273,4041259103c263232bbea55ae84153272128c6d1,c,unknown,1,plain,"",false,,,,,,,,,"",,
254323456,254323459,273,4041259103c263232bbea55ae84153272128c6d1,c,unknown,1,plain,"",false,,,,,,,,,"",,
254323456,254323460,273,4041259103c263232bbea55ae84153272128c6d1,c,unknown,2,plain,"",false,,,,,,,,,"",,
254323456,254323461,273,4041259103c263232bbea55ae84153272128c6d1,c,unknown,1,plain,"",false,,,,,,,,,"",,
254323456,254323462,273,4041259103c263232bbea55ae84153272128c6d1,c,unknown,1,plain,"",false,,,,,,,,,"",,
254592929,254592930,274,ba2ea0fdcbb9f9c1fcaf31d860f34c46112f97c5,c,unknown,1,plain,"",false,,,,,,,,,"",,
254592929,254592933,274,ba2ea0fdcbb9f9c1fcaf31d860f34c46112f97c5,c,unknown,3,plain,"",false,,,,,,,,,"",,
254592929,254592934,274,ba2ea0fdcbb9f9c1fcaf31d860f34c46112f97c5,c,unknown,1,plain,"",false,,,,,,,,,"",,
254592929,254592935,274,ba2ea0fdcbb9f9c1fcaf31d860f34c46112f97c5,c,unknown,1,plain,"",false,,,,,,,,,"",,
254592929,254592936,274,ba2ea0fdcbb9f9c1fcaf31d860f34c46112f97c5,c,unknown,1,plain,"",false,,,,,,,,,"",,
254592929,254592938,274,ba2ea0fdcbb9f9c1fcaf31d860f34c46112f97c5,c,unknown,1,plain,"",false,,,,,,,,,"",,
282446891,282446892,275,bf68c96c39aaf71a68197c5b2d329b7afc9f0931,c,unknown,1,plain,"",false,,,,,,,,,"",,
282446891,282446893,275,bf68c96c39aaf71a68197c5b2d329b7afc9f0931,c,unknown,1,plain,"",false,,,,,,,,,"",,
282446891,282446894,275,bf68c96c39aaf71a68197c5b2d329b7afc9f0931,c,unknown,1,plain,"",false,,,,,,,,,"",,
282446891,282446895,275,bf68c96c39aaf71a68197c5b2d329b7afc9f0931,c,unknown,2,plain,"",false,,,,,,,,,"",,
282446891,282446896,275,bf68c96c39aaf71a68197c5b2d329b7afc9f0931,c,unknown,1,plain,"",false,,,,,,,,,"",,
282446891,282446897,275,bf68c96c39aaf71a68197c5b2d329b7afc9f0931,c,unknown,1,plain,"",false,,,,,,,,,"",,
283021929,283021930,276,ed5d47671e36e97f8e003680b2d8b99bb6b204b3,c,ok,72,plain,"",false,,,,,,,,,"",,
283021929,283021931,276,ed5d47671e36e97f8e003680b2d8b99bb6b204b3,c,unknown,159,plain,"",false,,,,,,,,,"",,
283021929,283021932,276,ed5d47671e36e97f8e003680b2d8b99bb6b204b3,c,ok,76,plain,"",false,,,,,,,,,"",,
283021929,283021933,276,ed5d47671e36e97f8e003680b2d8b99bb6b204b3,c,unknown,107,plain,"",false,,,,,,,,,"",,
283021929,283021934,276,ed5d47671e36e97f8e003680b2d8b99bb6b204b3,c,ok,101,plain,"",false,,,,,,,,,"",,
283021929,283021935,276,ed5d47671e36e97f8e003680b2d8b99bb6b204b3,c,unknown,147,plain,"",false,,,,,,,,,"",,
283339140,283339141,277,b7ee51dcdf099a7cded973b62b84c17c3fcdb160,c,ok,72,plain,"",false,,,,,,,,,"",,
283339140,283339142,277,b7ee51dcdf099a7cded973b62b84c17c3fcdb160,c,unknown,311,plain,"",false,,,,,,,,,"",,
283339140,283339143,277,b7ee51dcdf099a7cded973b62b84c17c3fcdb160,c,ok,120,plain,"",false,,,,,,,,,"",,
283339140,283339144,277,b7ee51dcdf099a7cded973b62b84c17c3fcdb160,c,unknown,187,plain,"",false,,,,,,,,,"",,
283339140,283339145,277,b7ee51dcdf099a7cded973b62b84c17c3fcdb160,c,broken,101,plain,"",false,,,,,,,,,"",,
283339140,283339146,277,b7ee51dcdf099a7cded973b62b84c17c3fcdb160,c,unknown,287,plain,"",false,,,,,,,,,"",,
283654412,283654414,278,859dc28469b5034b01348cf01c203321446f337b,c,ok,74,plain,"",false,,,,,,,,,"",,
283654412,283654415,278,859dc28469b5034b01348cf01c203321446f337b,c,unknown,232,plain,"",false,,,,,,,,,"",,
283654412,283654416,278,859dc28469b5034b01348cf01c203321446f337b,c,ok,80,plain,"",false,,,,,,,,,"",,
283654412,283654417,278,859dc28469b5034b01348cf01c203321446f337b,c,unknown,185,plain,"",false,,,,,,,,,"",,
283654412,283654418,278,859dc28469b5034b01348cf01c203321446f337b,c,broken,81,plain,"",false,,,,,,,,,"",,
283654412,283654419,278,859dc28469b5034b01348cf01c203321446f337b,c,unknown,223,plain,"",false,,,,,,,,,"",,
283659469,283659470,279,01887911e86152afbaa4c2f25658e274f155576a,c,ok,72,plain,"",false,,,,,,,,,"",,
283659469,283659471,279,01887911e86152afbaa4c2f25658e274f155576a,c,unknown,203,plain,"",false,,,,,,,,,"",,
283659469,283659472,279,01887911e86152afbaa4c2f25658e274f155576a,c,ok,83,plain,"",false,,,,,,,,,"",,
283659469,283659473,279,01887911e86152afbaa4c2f25658e274f155576a,c,unknown,219,plain,"",false,,,,,,,,,"",,
283659469,283659474,279,01887911e86152afbaa4c2f25658e274f155576a,c,ok,92,plain,"",false,,,,,,,,,"",,
283659469,283659475,279,01887911e86152afbaa4c2f25658e274f155576a,c,unknown,218,plain,"",false,,,,,,,,,"",,
98815728,98815729,27,31fe9a2063b3ee849743691a1e349cbdd83a180c,c,unknown,18,plain,"",false,,,,,,,,,"",,
283718663,283718664,280,a327fb8b30655c1c438480b96c673784d0cff7d4,c,ok,90,plain,"",false,,,,,,,,,"",,
283718663,283718666,280,a327fb8b30655c1c438480b96c673784d0cff7d4,c,unknown,239,plain,"",false,,,,,,,,,"",,
283718663,283718668,280,a327fb8b30655c1c438480b96c673784d0cff7d4,c,ok,122,plain,"",false,,,,,,,,,"",,
283718663,283718669,280,a327fb8b30655c1c438480b96c673784d0cff7d4,c,unknown,170,plain,"",false,,,,,,,,,"",,
283718663,283718670,280,a327fb8b30655c1c438480b96c673784d0cff7d4,c,ok,121,plain,"",false,,,,,,,,,"",,
283718663,283718671,280,a327fb8b30655c1c438480b96c673784d0cff7d4,c,unknown,308,plain,"",false,,,,,,,,,"",,
284057659,284057660,281,2255b2c0407c4521b89d46ee6ff265ad5f2cc06a,c,ok,82,plain,"",false,,,,,,,,,"",,
284057659,284057661,281,2255b2c0407c4521b89d46ee6ff265ad5f2cc06a,c,unknown,154,plain,"",false,,,,,,,,,"",,
284057659,284057662,281,2255b2c0407c4521b89d46ee6ff265ad5f2cc06a,c,ok,87,plain,"",false,,,,,,,,,"",,
284057659,284057663,281,2255b2c0407c4521b89d46ee6ff265ad5f2cc06a,c,unknown,126,plain,"",false,,,,,,,,,"",,
284057659,284057664,281,2255b2c0407c4521b89d46ee6ff265ad5f2cc06a,c,ok,76,plain,"",false,,,,,,,,,"",,
284057659,284057665,281,2255b2c0407c4521b89d46ee6ff265ad5f2cc06a,c,unknown,161,plain,"",false,,,,,,,,,"",,
284066537,284066538,282,79678cb8273d46d1cde6662bead06a6bce69dee5,c,ok,85,plain,"",false,,,,,,,,,"",,
284066537,284066539,282,79678cb8273d46d1cde6662bead06a6bce69dee5,c,unknown,156,plain,"",false,,,,,,,,,"",,
284066537,284066540,282,79678cb8273d46d1cde6662bead06a6bce69dee5,c,ok,69,plain,"",false,,,,,,,,,"",,
284066537,284066541,282,79678cb8273d46d1cde6662bead06a6bce69dee5,c,unknown,133,plain,"",false,,,,,,,,,"",,
284066537,284066542,282,79678cb8273d46d1cde6662bead06a6bce69dee5,c,ok,95,plain,"",false,,,,,,,,,"",,
284066537,284066543,282,79678cb8273d46d1cde6662bead06a6bce69dee5,c,unknown,193,plain,"",false,,,,,,,,,"",,
284078603,284078606,283,9ba638540f00200add45933ee162891731eb97a9,c,ok,90,plain,"",false,,,,,,,,,"",,
284078603,284078607,283,9ba638540f00200add45933ee162891731eb97a9,c,unknown,495,plain,"",false,,,,,,,,,"",,
284078603,284078608,283,9ba638540f00200add45933ee162891731eb97a9,c,ok,116,plain,"",false,,,,,,,,,"",,
284078603,284078609,283,9ba638540f00200add45933ee162891731eb97a9,c,unknown,125,plain,"",false,,,,,,,,,"",,
284078603,284078610,283,9ba638540f00200add45933ee162891731eb97a9,c,ok,70,plain,"",false,,,,,,,,,"",,
284078603,284078611,283,9ba638540f00200add45933ee162891731eb97a9,c,unknown,165,plain,"",false,,,,,,,,,"",,
284186556,284186557,284,94d3e3678b97a6f7dca98129631f374a7141713a,c,ok,74,plain,"",false,,,,,,,,,"",,
284186556,284186558,284,94d3e3678b97a6f7dca98129631f374a7141713a,c,unknown,234,plain,"",false,,,,,,,,,"",,
284186556,284186559,284,94d3e3678b97a6f7dca98129631f374a7141713a,c,ok,73,plain,"",false,,,,,,,,,"",,
284186556,284186560,284,94d3e3678b97a6f7dca98129631f374a7141713a,c,unknown,174,plain,"",false,,,,,,,,,"",,
284186556,284186561,284,94d3e3678b97a6f7dca98129631f374a7141713a,c,ok,73,plain,"",false,,,,,,,,,"",,
284186556,284186562,284,94d3e3678b97a6f7dca98129631f374a7141713a,c,unknown,188,plain,"",false,,,,,,,,,"",,
288151846,288151847,285,438aff115e348e6a91c4361f25ef9214e5604ab2,c,ok,78,plain,"",false,,,,,,,,,"",,
288151846,288151848,285,438aff115e348e6a91c4361f25ef9214e5604ab2,c,unknown,237,plain,"",false,,,,,,,,,"",,
288151846,288151849,285,438aff115e348e6a91c4361f25ef9214e5604ab2,c,ok,72,plain,"",false,,,,,,,,,"",,
288151846,288151850,285,438aff115e348e6a91c4361f25ef9214e5604ab2,c,unknown,122,plain,"",false,,,,,,,,,"",,
288151846,288151851,285,438aff115e348e6a91c4361f25ef9214e5604ab2,c,ok,85,plain,"",false,,,,,,,,,"",,
288151846,288151852,285,438aff115e348e6a91c4361f25ef9214e5604ab2,c,unknown,141,plain,"",false,,,,,,,,,"",,
288155615,288155617,286,3591ed5cc3d843045e3b9018fa43ecac6f78cb7d,c,ok,85,plain,"",false,,,,,,,,,"",,
288155615,288155619,286,3591ed5cc3d843045e3b9018fa43ecac6f78cb7d,c,unknown,149,plain,"",false,,,,,,,,,"",,
288155615,288155621,286,3591ed5cc3d843045e3b9018fa43ecac6f78cb7d,c,ok,86,plain,"",false,,,,,,,,,"",,
288155615,288155622,286,3591ed5cc3d843045e3b9018fa43ecac6f78cb7d,c,unknown,144,plain,"",false,,,,,,,,,"",,
288155615,288155624,286,3591ed5cc3d843045e3b9018fa43ecac6f78cb7d,c,ok,138,plain,"",false,,,,,,,,,"",,
288155615,288155626,286,3591ed5cc3d843045e3b9018fa43ecac6f78cb7d,c,unknown,128,plain,"",false,,,,,,,,,"",,
288155678,288155679,287,7c68046b3df1aeac3c4673ffe4aed8c6586a1363,c,ok,116,plain,"",false,,,,,,,,,"",,
288155678,288155680,287,7c68046b3df1aeac3c4673ffe4aed8c6586a1363,c,unknown,140,plain,"",false,,,,,,,,,"",,
288155678,288155681,287,7c68046b3df1aeac3c4673ffe4aed8c6586a1363,c,ok,100,plain,"",false,,,,,,,,,"",,
288155678,288155682,287,7c68046b3df1aeac3c4673ffe4aed8c6586a1363,c,unknown,140,plain,"",false,,,,,,,,,"",,
288155678,288155683,287,7c68046b3df1aeac3c4673ffe4aed8c6586a1363,c,ok,73,plain,"",false,,,,,,,,,"",,
288155678,288155684,287,7c68046b3df1aeac3c4673ffe4aed8c6586a1363,c,unknown,139,plain,"",false,,,,,,,,,"",,
288330663,288330664,288,3d5e46eb5f07ef8df714034a549ca99fa86b6c15,c,unknown,103,plain,"",false,,,,,,,,,"",,
288330663,288330665,288,3d5e46eb5f07ef8df714034a549ca99fa86b6c15,c,unknown,137,plain,"",false,,,,,,,,,"",,
288676006,288676007,289,8b846bf28fefbefab89c65eb1fb018412fc651c8,c,ok,94,plain,"",false,,,,,,,,,"",,
288676006,288676008,289,8b846bf28fefbefab89c65eb1fb018412fc651c8,c,unknown,516,plain,"",false,,,,,,,,,"",,
288676006,288676009,289,8b846bf28fefbefab89c65eb1fb018412fc651c8,c,ok,91,plain,"",false,,,,,,,,,"",,
288676006,288676010,289,8b846bf28fefbefab89c65eb1fb018412fc651c8,c,unknown,205,plain,"",false,,,,,,,,,"",,
288676006,288676011,289,8b846bf28fefbefab89c65eb1fb018412fc651c8,c,ok,85,plain,"",false,,,,,,,,,"",,
288676006,288676012,289,8b846bf28fefbefab89c65eb1fb018412fc651c8,c,unknown,276,plain,"",false,,,,,,,,,"",,
98816396,98816397,28,a82bd9c026ffb3ff44828b2ccacd318bf7cee89d,c,unknown,11,plain,"",false,,,,,,,,,"",,
288676758,288676759,290,841061080ab7a27bd6945fc6ed2b4b9645384d44,c,ok,80,plain,"",false,,,,,,,,,"",,
288676758,288676760,290,841061080ab7a27bd6945fc6ed2b4b9645384d44,c,unknown,331,plain,"",false,,,,,,,,,"",,
288676758,288676761,290,841061080ab7a27bd6945fc6ed2b4b9645384d44,c,ok,97,plain,"",false,,,,,,,,,"",,
288676758,288676762,290,841061080ab7a27bd6945fc6ed2b4b9645384d44,c,unknown,235,plain,"",false,,,,,,,,,"",,
288676758,288676763,290,841061080ab7a27bd6945fc6ed2b4b9645384d44,c,ok,81,plain,"",false,,,,,,,,,"",,
288676758,288676765,290,841061080ab7a27bd6945fc6ed2b4b9645384d44,c,unknown,225,plain,"",false,,,,,,,,,"",,
289172814,289172815,291,98b784b9236838b98fcc540cc3e39ef1bca2c655,c,unknown,80,plain,"",false,,,,,,,,,"",,
289172814,289172816,291,98b784b9236838b98fcc540cc3e39ef1bca2c655,c,unknown,183,plain,"",false,,,,,,,,,"",,
289179810,289179811,292,30e060493f7b29631e2e0810d3ca1bf5ab2f1f49,c,unknown,112,plain,"",false,,,,,,,,,"",,
289179810,289179813,292,30e060493f7b29631e2e0810d3ca1bf5ab2f1f49,c,unknown,277,plain,"",false,,,,,,,,,"",,
289250526,289250533,293,ce1a18eca885835abfa790a6a259ad36dd877f66,c,unknown,84,plain,"",false,,,,,,,,,"",,
289250526,289250539,293,ce1a18eca885835abfa790a6a259ad36dd877f66,c,unknown,392,plain,"",false,,,,,,,,,"",,
289261194,289261195,294,4d0acdf562d357332405e3dc7adbf19cb4931e3e,c,unknown,103,plain,"",false,,,,,,,,,"",,
289261194,289261196,294,4d0acdf562d357332405e3dc7adbf19cb4931e3e,c,unknown,305,plain,"",false,,,,,,,,,"",,
289651008,289651009,295,c9a555acbac20e53a7ec148ad24541d2c4b53e2f,c,unknown,102,plain,"",false,,,,,,,,,"",,
289651008,289651010,295,c9a555acbac20e53a7ec148ad24541d2c4b53e2f,c,unknown,347,plain,"",false,,,,,,,,,"",,
290071524,290071525,296,137d198987e604bd21b3a47412585263279e686d,c,unknown,82,plain,"",false,,,,,,,,,"",,
290071524,290071527,296,137d198987e604bd21b3a47412585263279e686d,c,unknown,7,plain,"",false,,,,,,,,,"",,
290078201,290078202,297,e7e36d6f298d058798ce1d4bf04bd7e7a640208d,c,unknown,128,plain,"",false,,,,,,,,,"",,
290078201,290078203,297,e7e36d6f298d058798ce1d4bf04bd7e7a640208d,c,unknown,389,plain,"",false,,,,,,,,,"",,
290078201,290078204,297,e7e36d6f298d058798ce1d4bf04bd7e7a640208d,c,unknown,88,plain,"",false,,,,,,,,,"",,
290078201,290078205,297,e7e36d6f298d058798ce1d4bf04bd7e7a640208d,c,unknown,348,plain,"",false,,,,,,,,,"",,
290078201,290078208,297,e7e36d6f298d058798ce1d4bf04bd7e7a640208d,c,unknown,79,plain,"",false,,,,,,,,,"",,
290078201,290078209,297,e7e36d6f298d058798ce1d4bf04bd7e7a640208d,c,unknown,241,plain,"",false,,,,,,,,,"",,
290122661,290122662,298,0314582fb0e7bb64aa7bc54f4ebb549eaa757271,c,ok,103,plain,"",false,,,,,,,,,"",,
290122661,290122663,298,0314582fb0e7bb64aa7bc54f4ebb549eaa757271,c,unknown,431,plain,"",false,,,,,,,,,"",,
290122661,290122664,298,0314582fb0e7bb64aa7bc54f4ebb549eaa757271,c,ok,85,plain,"",false,,,,,,,,,"",,
290122661,290122665,298,0314582fb0e7bb64aa7bc54f4ebb549eaa757271,c,unknown,193,plain,"",false,,,,,,,,,"",,
290122661,290122666,298,0314582fb0e7bb64aa7bc54f4ebb549eaa757271,c,ok,77,plain,"",false,,,,,,,,,"",,
290122661,290122668,298,0314582fb0e7bb64aa7bc54f4ebb549eaa757271,unknown,unknown,,plain,"",false,,,,,,,,,"",,
290189676,290189677,299,25e06e12bd2e50826305f0bc4725008ee1fbea2f,c,unknown,88,plain,"",false,,,,,,,,,"",,
290189676,290189678,299,25e06e12bd2e50826305f0bc4725008ee1fbea2f,unknown,unknown,,plain,"",false,,,,,,,,,"",,
290189676,290189679,299,25e06e12bd2e50826305f0bc4725008ee1fbea2f,c,unknown,107,plain,"",false,,,,,,,,,"",,
290189676,290189680,299,25e06e12bd2e50826305f0bc4725008ee1fbea2f,unknown,unknown,,plain,"",false,,,,,,,,,"",,
290189676,290189681,299,25e06e12bd2e50826305f0bc4725008ee1fbea2f,c,unknown,101,plain,"",false,,,,,,,,,"",,
290189676,290189682,299,25e06e12bd2e50826305f0bc4725008ee1fbea2f,unknown,unknown,,plain,"",false,,,,,,,,,"",,
98817119,98817120,29,ddefd0caa806cf9272d7a2530f1ffc5cd9ce7f4d,c,unknown,15,plain,"",false,,,,,,,,,"",,
98800377,98800378,2,315a353af488ef90115efd77bfc9811593f5d194,python,unknown,15,python,"",false,,,,,,,,,"",,
98800377,98800379,2,315a353af488ef90115efd77bfc9811593f5d194,python,unknown,3,python,"",false,,,,,,,,,"",,
290198372,290198373,300,f41419e2829da46460ea1d0a0665c63ded11656a,c,ok,100,plain,"",false,,,,,,,,,"",,
290198372,290198374,300,f41419e2829da46460ea1d0a0665c63ded11656a,c,unknown,326,plain,"",false,,,,,,,,,"",,
290198372,290198375,300,f41419e2829da46460ea1d0a0665c63ded11656a,c,ok,99,plain,"",false,,,,,,,,,"",,
290198372,290198376,300,f41419e2829da46460ea1d0a0665c63ded11656a,c,unknown,198,plain,"",false,,,,,,,,,"",,
290198372,290198379,300,f41419e2829da46460ea1d0a0665c63ded11656a,c,ok,111,plain,"",false,,,,,,,,,"",,
290198372,290198380,300,f41419e2829da46460ea1d0a0665c63ded11656a,c,unknown,190,plain,"",false,,,,,,,,,"",,
290368187,290368188,301,dc452f3350c93952a70db1b6677f99d6c5423166,c,ok,78,plain,"",false,,,,,,,,,"",,
290368187,290368189,301,dc452f3350c93952a70db1b6677f99d6c5423166,c,unknown,399,plain,"",false,,,,,,,,,"",,
290368187,290368190,301,dc452f3350c93952a70db1b6677f99d6c5423166,c,ok,79,plain,"",false,,,,,,,,,"",,
290368187,290368191,301,dc452f3350c93952a70db1b6677f99d6c5423166,c,unknown,250,plain,"",false,,,,,,,,,"",,
290368187,290368192,301,dc452f3350c93952a70db1b6677f99d6c5423166,c,ok,78,plain,"",false,,,,,,,,,"",,
290368187,290368193,301,dc452f3350c93952a70db1b6677f99d6c5423166,c,unknown,480,plain,"",false,,,,,,,,,"",,
290409657,290409658,302,7a6e450a8a82f9d8b7d32a3a5da77d655988c844,ruby,unknown,0,ruby,"",false,,,0,,,,,,"",,
290410941,290410942,303,dc452f3350c93952a70db1b6677f99d6c5423166,c,unknown,90,plain,"",false,,,,,,,,,"",,
290410941,290410943,303,dc452f3350c93952a70db1b6677f99d6c5423166,unknown,unknown,,plain,"",false,,,,,,,,,"",,
290410941,290410944,303,dc452f3350c93952a70db1b6677f99d6c5423166,c,ok,91,plain,"",false,,,,,,,,,"",,
290410941,290410945,303,dc452f3350c93952a70db1b6677f99d6c5423166,unknown,unknown,,plain,"",false,,,,,,,,,"",,
290410941,290410946,303,dc452f3350c93952a70db1b6677f99d6c5423166,c,ok,92,plain,"",false,,,,,,,,,"",,
290410941,290410947,303,dc452f3350c93952a70db1b6677f99d6c5423166,unknown,unknown,,plain,"",false,,,,,,,,,"",,
290413039,290413040,304,3fb0b8d8f6b91cfcd6fd056f199579b1853f1008,unknown,unknown,,plain,"",false,,,,,,,,,"",,
290413039,290413041,304,3fb0b8d8f6b91cfcd6fd056f199579b1853f1008,unknown,unknown,,plain,"",false,,,,,,,,,"",,
290413039,290413042,304,3fb0b8d8f6b91cfcd6fd056f199579b1853f1008,unknown,unknown,,plain,"",false,,,,,,,,,"",,
290413039,290413043,304,3fb0b8d8f6b91cfcd6fd056f199579b1853f1008,unknown,unknown,,plain,"",false,,,,,,,,,"",,
290413039,290413044,304,3fb0b8d8f6b91cfcd6fd056f199579b1853f1008,unknown,unknown,,plain,"",false,,,,,,,,,"",,
290413039,290413045,304,3fb0b8d8f6b91cfcd6fd056f199579b1853f1008,unknown,unknown,,plain,"",false,,,,,,,,,"",,
290414215,290414216,305,dc452f3350c93952a70db1b6677f99d6c5423166,unknown,unknown,,plain,"",false,,,,,,,,,"",,
290414215,290414217,305,dc452f3350c93952a70db1b6677f99d6c5423166,unknown,unknown,,plain,"",false,,,,,,,,,"",,
290414215,290414218,305,dc452f3350c93952a70db1b6677f99d6c5423166,c,unknown,,plain,"",false,,,,,,,,,"",,
290414215,290414219,305,dc452f3350c93952a70db1b6677f99d6c5423166,unknown,unknown,,plain,"",false,,,,,,,,,"",,
290414215,290414220,305,dc452f3350c93952a70db1b6677f99d6c5423166,c,unknown,1,plain,"",false,,,,,,,,,"",,
290414215,290414221,305,dc452f3350c93952a70db1b6677f99d6c5423166,unknown,unknown,,plain,"",false,,,,,,,,,"",,
290414553,290414554,306,0525a0c1b171711a2cb4ef86b262635d2eefc61c,c,ok,85,plain,"",false,,,,,,,,,"",,
290414553,290414555,306,0525a0c1b171711a2cb4ef86b262635d2eefc61c,c,unknown,241,plain,"",false,,,,,,,,,"",,
290414553,290414556,306,0525a0c1b171711a2cb4ef86b262635d2eefc61c,unknown,unknown,,plain,"",false,,,,,,,,,"",,
290414553,290414557,306,0525a0c1b171711a2cb4ef86b262635d2eefc61c,unknown,unknown,,plain,"",false,,,,,,,,,"",,
290414553,290414558,306,0525a0c1b171711a2cb4ef86b262635d2eefc61c,unknown,unknown,,plain,"",false,,,,,,,,,"",,
290414553,290414559,306,0525a0c1b171711a2cb4ef86b262635d2eefc61c,unknown,unknown,,plain,"",false,,,,,,,,,"",,
290432112,290432113,307,d33ac0d6e41e16385830c69109274a7e2ac16b52,c,unknown,91,plain,"",false,,,,,,,,,"",,
290432112,290432114,307,d33ac0d6e41e16385830c69109274a7e2ac16b52,unknown,unknown,,plain,"",false,,,,,,,,,"",,
290432112,290432115,307,d33ac0d6e41e16385830c69109274a7e2ac16b52,c,unknown,82,plain,"",false,,,,,,,,,"",,
290432112,290432116,307,d33ac0d6e41e16385830c69109274a7e2ac16b52,unknown,unknown,,plain,"",false,,,,,,,,,"",,
290432112,290432117,307,d33ac0d6e41e16385830c69109274a7e2ac16b52,c,unknown,89,plain,"",false,,,,,,,,,"",,
290432112,290432118,307,d33ac0d6e41e16385830c69109274a7e2ac16b52,unknown,unknown,,plain,"",false,,,,,,,,,"",,
290432586,290432587,308,0525a0c1b171711a2cb4ef86b262635d2eefc61c,c,unknown,21,plain,"",false,,,,,,,,,"",,
290432586,290432588,308,0525a0c1b171711a2cb4ef86b262635d2eefc61c,unknown,unknown,,plain,"",false,,,,,,,,,"",,
290432586,290432589,308,0525a0c1b171711a2cb4ef86b262635d2eefc61c,c,unknown,9,plain,"",false,,,,,,,,,"",,
290432586,290432590,308,0525a0c1b171711a2cb4ef86b262635d2eefc61c,unknown,unknown,,plain,"",false,,,,,,,,,"",,
290432586,290432591,308,0525a0c1b171711a2cb4ef86b262635d2eefc61c,c,unknown,24,plain,"",false,,,,,,,,,"",,
290432586,290432592,308,0525a0c1b171711a2cb4ef86b262635d2eefc61c,unknown,unknown,,plain,"",false,,,,,,,,,"",,
290433692,290433693,309,2afb600e0af9bb94b8734957637a6fdcf7de8f83,c,ok,109,plain,"",false,,,,,,,,,"",,
290433692,290433694,309,2afb600e0af9bb94b8734957637a6fdcf7de8f83,c,unknown,216,plain,"",false,,,,,,,,,"",,
290433692,290433695,309,2afb600e0af9bb94b8734957637a6fdcf7de8f83,c,ok,97,plain,"",false,,,,,,,,,"",,
290433692,290433696,309,2afb600e0af9bb94b8734957637a6fdcf7de8f83,c,unknown,162,plain,"",false,,,,,,,,,"",,
290433692,290433698,309,2afb600e0af9bb94b8734957637a6fdcf7de8f83,c,ok,102,plain,"",false,,,,,,,,,"",,
290433692,290433699,309,2afb600e0af9bb94b8734957637a6fdcf7de8f83,c,unknown,43,plain,"",false,,,,,,,,,"",,
98817429,98817430,30,9c17f4025163ba753205e7e471fc1f36e5effb43,c,unknown,4,plain,"",false,,,,,,,,,"",,
290458605,290458606,310,c5bdc60c07d2d52992dd026eb7904c9f8ddf022e,c,unknown,19,plain,"",false,,,,,,,,,"",,
290458605,290458608,310,c5bdc60c07d2d52992dd026eb7904c9f8ddf022e,unknown,unknown,,plain,"",false,,,,,,,,,"",,
290458605,290458610,310,c5bdc60c07d2d52992dd026eb7904c9f8ddf022e,c,unknown,10,plain,"",false,,,,,,,,,"",,
290458605,290458611,310,c5bdc60c07d2d52992dd026eb7904c9f8ddf022e,unknown,unknown,,plain,"",false,,,,,,,,,"",,
290458605,290458613,310,c5bdc60c07d2d52992dd026eb7904c9f8ddf022e,c,unknown,,plain,"",false,,,,,,,,,"",,
290458605,290458615,310,c5bdc60c07d2d52992dd026eb7904c9f8ddf022e,unknown,unknown,,plain,"",false,,,,,,,,,"",,
290459288,290459289,311,2afb600e0af9bb94b8734957637a6fdcf7de8f83,c,ok,87,plain,"",false,,,,,,,,,"",,
290459288,290459290,311,2afb600e0af9bb94b8734957637a6fdcf7de8f83,unknown,unknown,,plain,"",false,,,,,,,,,"",,
290459288,290459291,311,2afb600e0af9bb94b8734957637a6fdcf7de8f83,c,ok,77,plain,"",false,,,,,,,,,"",,
290459288,290459292,311,2afb600e0af9bb94b8734957637a6fdcf7de8f83,unknown,unknown,,plain,"",false,,,,,,,,,"",,
290459288,290459294,311,2afb600e0af9bb94b8734957637a6fdcf7de8f83,c,ok,81,plain,"",false,,,,,,,,,"",,
290459288,290459296,311,2afb600e0af9bb94b8734957637a6fdcf7de8f83,unknown,unknown,,plain,"",false,,,,,,,,,"",,
290465048,290465050,312,5d82abec5c9d0c536d44bf7d33d5a459e02b0847,c,ok,100,plain,"",false,,,,,,,,,"",,
290465048,290465052,312,5d82abec5c9d0c536d44bf7d33d5a459e02b0847,c,unknown,1,plain,"",false,,,,,,,,,"",,
290465048,290465054,312,5d82abec5c9d0c536d44bf7d33d5a459e02b0847,c,unknown,1,plain,"",false,,,,,,,,,"",,
290465048,290465055,312,5d82abec5c9d0c536d44bf7d33d5a459e02b0847,c,unknown,1,plain,"",false,,,,,,,,,"",,
290465048,290465058,312,5d82abec5c9d0c536d44bf7d33d5a459e02b0847,c,unknown,274,plain,"",false,,,,,,,,,"",,
290493144,290493146,313,7c3472c70cb4cf4e2bb59318cf9aa9111ed484dc,c,ok,91,plain,"",false,,,,,,,,,"",,
290493144,290493147,313,7c3472c70cb4cf4e2bb59318cf9aa9111ed484dc,c,ok,90,plain,"",false,,,,,,,,,"",,
290493144,290493153,313,7c3472c70cb4cf4e2bb59318cf9aa9111ed484dc,c,ok,112,plain,"",false,,,,,,,,,"",,
290493144,290493155,313,7c3472c70cb4cf4e2bb59318cf9aa9111ed484dc,c,ok,94,plain,"",false,,,,,,,,,"",,
290493144,290493156,313,7c3472c70cb4cf4e2bb59318cf9aa9111ed484dc,c,unknown,269,plain,"",false,,,,,,,,,"",,
291232604,291232605,314,e90d7c829578b4658f07c250c4cce09343fc0a73,cpp,unknown,192,plain,"",false,,,,,,,,,"",,
291232604,291232606,314,e90d7c829578b4658f07c250c4cce09343fc0a73,cpp,unknown,97,plain,"",false,,,,,,,,,"",,
291232604,291232607,314,e90d7c829578b4658f07c250c4cce09343fc0a73,cpp,unknown,104,plain,"",false,,,,,,,,,"",,
291232604,291232608,314,e90d7c829578b4658f07c250c4cce09343fc0a73,cpp,unknown,28,plain,"",false,,,,,,,,,"",,
291232604,291232609,314,e90d7c829578b4658f07c250c4cce09343fc0a73,cpp,unknown,30,plain,"",false,,,,,,,,,"",,
291232626,291232627,315,2077237347d23c88be5357f93922fbe1ce197b42,cpp,unknown,81,plain,"",false,,,,,,,,,"",,
291232626,291232628,315,2077237347d23c88be5357f93922fbe1ce197b42,unknown,unknown,,plain,"",false,,,,,,,,,"",,
291232626,291232629,315,2077237347d23c88be5357f93922fbe1ce197b42,unknown,unknown,,plain,"",false,,,,,,,,,"",,
291232626,291232630,315,2077237347d23c88be5357f93922fbe1ce197b42,unknown,unknown,,plain,"",false,,,,,,,,,"",,
291232626,291232631,315,2077237347d23c88be5357f93922fbe1ce197b42,cpp,unknown,28,plain,"",false,,,,,,,,,"",,
291242275,291242276,316,0d5c4923edfb9b37db06f9f2cbe0e30e241fc0d0,cpp,unknown,29,plain,"",false,,,,,,,,,"",,
291242275,291242277,316,0d5c4923edfb9b37db06f9f2cbe0e30e241fc0d0,cpp,unknown,29,plain,"",false,,,,,,,,,"",,
291242283,291242286,317,f29edcc8c758c8eaa3af35a9ff2c79d589ab6217,cpp,unknown,24,plain,"",false,,,,,,,,,"",,
291242283,291242289,317,f29edcc8c758c8eaa3af35a9ff2c79d589ab6217,cpp,unknown,41,plain,"",false,,,,,,,,,"",,
291246143,291246144,318,64161d6dfe93feba860b4abcb2a03928eab5df07,cpp,ok,112,plain,"",false,,,,,,,,,"",,
291246143,291246145,318,64161d6dfe93feba860b4abcb2a03928eab5df07,cpp,unknown,153,plain,"",false,,,,,,,,,"",,
291246154,291246155,319,cd6ee1c8d3f270d3d5e02fd4aada6e90f5fbd677,cpp,ok,95,plain,"",false,,,,,,,,,"",,
291246154,291246156,319,cd6ee1c8d3f270d3d5e02fd4aada6e90f5fbd677,cpp,unknown,157,plain,"",false,,,,,,,,,"",,
98818320,98818321,31,5a41ed1215ad8659508efb2061faf2ac0f1d0d0b,c,unknown,10,plain,"",false,,,,,,,,,"",,
291264690,291264691,320,daeb8c81681c4e09c30b5ac943091697deafcb69,cpp,ok,81,plain,"",false,,,,,,,,,"",,
291264690,291264692,320,daeb8c81681c4e09c30b5ac943091697deafcb69,unknown,unknown,,plain,"",false,,,,,,,,,"",,
291264697,291264698,321,16a0cad609fe01a9967b09013a63328db9fd8603,cpp,ok,76,plain,"",false,,,,,,,,,"",,
291264697,291264699,321,16a0cad609fe01a9967b09013a63328db9fd8603,cpp,unknown,154,plain,"",false,,,,,,,,,"",,
291548901,291548902,322,0afd55fa955ce43835416c98f9ee36bf50e383a0,cpp,ok,103,plain,"",false,,,,,,,,,"",,
291548901,291548903,322,0afd55fa955ce43835416c98f9ee36bf50e383a0,cpp,unknown,216,plain,"",false,,,,,,,,,"",,
291548916,291548917,323,6511a970b2fa0800f3753719ff030cf887e3a127,cpp,ok,82,plain,"",false,,,,,,,,,"",,
291548916,291548918,323,6511a970b2fa0800f3753719ff030cf887e3a127,cpp,unknown,207,plain,"",false,,,,,,,,,"",,
291562576,291562578,324,fb505801935b09ff0eaf18ac04f981d5abce2c3f,cpp,ok,108,plain,"",false,,,,,,,,,"",,
291562576,291562580,324,fb505801935b09ff0eaf18ac04f981d5abce2c3f,cpp,unknown,272,plain,"",false,,,,,,,,,"",,
291562583,291562584,325,ac8c1a2b5b8b36cfc319eab5147487d20ed08725,cpp,ok,92,plain,"",false,,,,,,,,,"",,
291562583,291562585,325,ac8c1a2b5b8b36cfc319eab5147487d20ed08725,cpp,unknown,234,plain,"",false,,,,,,,,,"",,
291722353,291722355,326,25cfb9eee24905ade809db077d25af9e6a3d1feb,cpp,unknown,9,plain,"",false,,,,,,,,,"",,
291722353,291722357,326,25cfb9eee24905ade809db077d25af9e6a3d1feb,cpp,unknown,414,plain,"",false,,,,,,,,,"",,
291722361,291722362,327,a5b0bff2cdf60a974205ccb459a19a5d9f4ee402,cpp,ok,101,plain,"",false,,,,,,,,,"",,
291722361,291722363,327,a5b0bff2cdf60a974205ccb459a19a5d9f4ee402,cpp,unknown,332,plain,"",false,,,,,,,,,"",,
291745877,291745879,328,51f096eb03b38cd64059f886b29e5e117cc644db,cpp,ok,99,plain,"",false,,,,,,,,,"",,
291745881,291745882,329,e3ed59d3021128b3493bc19bf950a1deb096a84b,cpp,broken,88,plain,"",false,,,,,,,,,"",,
98818331,98818333,32,cee2386dced1a8a15a090f361b6080ffd5875a89,c,unknown,13,plain,"",false,,,,,,,,,"",,
291777780,291777781,330,8189022370e7d358bdcc75e057f55ca9a6ced36c,unknown,unknown,,plain,"",false,,,,,,,,,"",,
291777831,291777832,331,998ec0afb3bec42efa4f03f46ea1d1e4ee266465,ruby,unknown,0,ruby,"",false,,,0,,,,,,"",,
291778287,291778288,332,87b5b7d0537585654985984ac648b2082caeec7e,unknown,unknown,,plain,"",false,,,,,,,,,"",,
291778291,291778292,333,11a29921ceb9328cb0fbce1ffd4d802d3863c584,unknown,unknown,,plain,"",false,,,,,,,,,"",,
291778612,291778613,334,20c6ded463d88f154840ffae1027c5e804823f4b,cpp,unknown,301,plain,"",false,,,,,,,,,"",,
291778628,291778629,335,09ffa860591e12b0fea6c12a32ef3c0fd66a4592,cpp,unknown,325,plain,"",false,,,,,,,,,"",,
291918176,291918177,336,63bb5f293c78a6094646f1b8b462b6cdb926036c,cpp,unknown,250,plain,"",false,,,,,,,,,"",,
291918189,291918190,337,a013c16f2bb1d755ef9dfcef2e92a904ae0baf09,cpp,unknown,247,plain,"",false,,,,,,,,,"",,
291922477,291922478,338,a9a0611be2495ee1cb5c98d51f357faf1f5ed523,cpp,unknown,436,plain,"",false,,,,,,,,,"",,
291922485,291922486,339,2e74644c5d5add87b59ac25ffe50c4807bae9cd5,cpp,unknown,500,plain,"",false,,,,,,,,,"",,
98818858,98818861,33,3c4760db19372bb436496bef4bd09618e74225ac,c,unknown,23,plain,"",false,,,,,,,,,"",,
291927879,291927880,340,4d6c03e70bd761bfd317b0ccad9fe1c0e8f9201d,cpp,unknown,182,plain,"",false,,,,,,,,,"",,
291927884,291927885,341,edcbe7a6df51350d45ea6b8018f4a59623e6dade,cpp,unknown,201,plain,"",false,,,,,,,,,"",,
291930414,291930415,342,f823c5971a298a6c00bf1edb050cf9a4db64d708,cpp,unknown,175,plain,"",false,,,,,,,,,"",,
291930438,291930439,343,1f146e648e5b2e4dfcab78ce07bd4cbc0744be09,cpp,unknown,170,plain,"",false,,,,,,,,,"",,
291934176,291934177,344,84c652b17e8f09fb42af570e06df240b535ccb4e,cpp,unknown,217,plain,"",false,,,,,,,,,"",,
291934201,291934202,345,6b69f1614823b340f541bb7936f7167f14e5e00c,cpp,unknown,218,plain,"",false,,,,,,,,,"",,
291938782,291938783,346,ef2993e81365f6b52b4300fbf7f92b021b1a5c40,cpp,unknown,177,plain,"",false,,,,,,,,,"",,
291938799,291938800,347,3af78de391c5ec4d65d95e3c59adc36de26cb564,cpp,unknown,191,plain,"",false,,,,,,,,,"",,
291949635,291949636,348,b703125476da0e9b327686c369a5143cadc0dd2f,cpp,unknown,374,plain,"",false,,,,,,,,,"",,
291949650,291949651,349,05bb0b99a75b6cbcbab0f6e70c5e7538cc2bbbad,cpp,unknown,355,plain,"",false,,,,,,,,,"",,
98819252,98819253,34,2deadbaeeb17fd8cccdeb54fa094a2ddc1defb12,c,unknown,11,plain,"",false,,,,,,,,,"",,
291959904,291959905,350,9dc860dab769c205bfdc2ed8051121a91c739a62,cpp,unknown,370,plain,"",false,,,,,,,,,"",,
291959910,291959911,351,5608a0a0cedee0b6ddd131c8fcc5c01fd3f63211,cpp,unknown,370,plain,"",false,,,,,,,,,"",,
291979222,291979223,352,0f4b8cc8b2aca0567c03069c752567575122b143,cpp,unknown,394,plain,"",false,,,,,,,,,"",,
291979238,291979239,353,7e45e8b5703f6e7c4eb834ea7a126d9b2ce68add,cpp,unknown,388,plain,"",false,,,,,,,,,"",,
291992144,291992145,354,41ff97274f3ec60fa73e76e8b3108cdf22206791,cpp,unknown,330,plain,"",false,,,,,,,,,"",,
291992154,291992155,355,27ab39b6a9d548455a57de52d0fc0ecaeb0b054a,cpp,unknown,332,plain,"",false,,,,,,,,,"",,
292002251,292002252,356,5d82abec5c9d0c536d44bf7d33d5a459e02b0847,c,ok,80,plain,"",false,,,,,,,,,"",,
292002251,292002253,356,5d82abec5c9d0c536d44bf7d33d5a459e02b0847,c,ok,101,plain,"",false,,,,,,,,,"",,
292002251,292002254,356,5d82abec5c9d0c536d44bf7d33d5a459e02b0847,c,ok,104,plain,"",false,,,,,,,,,"",,
292002251,292002255,356,5d82abec5c9d0c536d44bf7d33d5a459e02b0847,c,ok,80,plain,"",false,,,,,,,,,"",,
292002251,292002256,356,5d82abec5c9d0c536d44bf7d33d5a459e02b0847,c,unknown,196,plain,"",false,,,,,,,,,"",,
292467244,292467245,357,201f0cce67320ce380af888c07abe433837f9172,c,ok,84,plain,"",false,,,,,,,,,"",,
292467244,292467246,357,201f0cce67320ce380af888c07abe433837f9172,c,ok,78,plain,"",false,,,,,,,,,"",,
292467244,292467247,357,201f0cce67320ce380af888c07abe433837f9172,c,ok,87,plain,"",false,,,,,,,,,"",,
292467244,292467248,357,201f0cce67320ce380af888c07abe433837f9172,c,ok,83,plain,"",false,,,,,,,,,"",,
292467267,292467269,358,5708346df611ca5483eaf58d5777ecb25442723c,c,ok,87,plain,"",false,,,,,,,,,"",,
292467267,292467270,358,5708346df611ca5483eaf58d5777ecb25442723c,c,ok,99,plain,"",false,,,,,,,,,"",,
292467267,292467272,358,5708346df611ca5483eaf58d5777ecb25442723c,c,ok,89,plain,"",false,,,,,,,,,"",,
292467267,292467273,358,5708346df611ca5483eaf58d5777ecb25442723c,c,ok,92,plain,"",false,,,,,,,,,"",,
292564716,292564717,359,ec7bc6c69c6bfccdc451d829ae565946239527eb,c,ok,85,plain,"",false,,,,,,,,,"",,
292564716,292564718,359,ec7bc6c69c6bfccdc451d829ae565946239527eb,c,ok,105,plain,"",false,,,,,,,,,"",,
292564716,292564719,359,ec7bc6c69c6bfccdc451d829ae565946239527eb,c,ok,87,plain,"",false,,,,,,,,,"",,
292564716,292564720,359,ec7bc6c69c6bfccdc451d829ae565946239527eb,c,ok,89,plain,"",false,,,,,,,,,"",,
99071299,99071301,35,305cf18d702e82282e757b5518ca93abc70048f7,c,unknown,10,plain,"",false,,,,,,,,,"",,
294475948,294475949,360,a451c74a5f26c08c16cb0ec7192fc5247d383de1,c,ok,106,plain,"",false,,,,,,,,,"",,
294475948,294475950,360,a451c74a5f26c08c16cb0ec7192fc5247d383de1,c,unknown,116,plain,"",false,,,,,,,,,"",,
294475948,294475951,360,a451c74a5f26c08c16cb0ec7192fc5247d383de1,c,ok,81,plain,"",false,,,,,,,,,"",,
294475948,294475952,360,a451c74a5f26c08c16cb0ec7192fc5247d383de1,c,unknown,105,plain,"",false,,,,,,,,,"",,
294475948,294475953,360,a451c74a5f26c08c16cb0ec7192fc5247d383de1,c,ok,74,plain,"",false,,,,,,,,,"",,
294475948,294475955,360,a451c74a5f26c08c16cb0ec7192fc5247d383de1,c,unknown,113,plain,"",false,,,,,,,,,"",,
295059280,295059281,361,ef69d436c2740f41a76ec096479e254c8c7a64c8,c,ok,97,plain,"",false,,,,,,,,,"",,
295059280,295059283,361,ef69d436c2740f41a76ec096479e254c8c7a64c8,c,unknown,191,plain,"",false,,,,,,,,,"",,
295059280,295059284,361,ef69d436c2740f41a76ec096479e254c8c7a64c8,c,ok,114,plain,"",false,,,,,,,,,"",,
295059280,295059285,361,ef69d436c2740f41a76ec096479e254c8c7a64c8,c,unknown,145,plain,"",false,,,,,,,,,"",,
295059280,295059286,361,ef69d436c2740f41a76ec096479e254c8c7a64c8,c,ok,76,plain,"",false,,,,,,,,,"",,
295059280,295059287,361,ef69d436c2740f41a76ec096479e254c8c7a64c8,c,unknown,139,plain,"",false,,,,,,,,,"",,
295060207,295060209,362,ef69d436c2740f41a76ec096479e254c8c7a64c8,c,ok,94,plain,"",false,,,,,,,,,"",,
295060207,295060210,362,ef69d436c2740f41a76ec096479e254c8c7a64c8,c,unknown,129,plain,"",false,,,,,,,,,"",,
295060207,295060211,362,ef69d436c2740f41a76ec096479e254c8c7a64c8,c,ok,75,plain,"",false,,,,,,,,,"",,
295060207,295060212,362,ef69d436c2740f41a76ec096479e254c8c7a64c8,c,unknown,124,plain,"",false,,,,,,,,,"",,
295060207,295060215,362,ef69d436c2740f41a76ec096479e254c8c7a64c8,c,ok,92,plain,"",false,,,,,,,,,"",,
295060207,295060218,362,ef69d436c2740f41a76ec096479e254c8c7a64c8,c,unknown,124,plain,"",false,,,,,,,,,"",,
295067098,295067099,363,6052892b18f41ab412866626026ea0c54752d9d9,c,ok,88,plain,"",false,,,,,,,,,"",,
295067098,295067101,363,6052892b18f41ab412866626026ea0c54752d9d9,c,unknown,128,plain,"",false,,,,,,,,,"",,
295067098,295067103,363,6052892b18f41ab412866626026ea0c54752d9d9,c,ok,86,plain,"",false,,,,,,,,,"",,
295067098,295067107,363,6052892b18f41ab412866626026ea0c54752d9d9,c,unknown,135,plain,"",false,,,,,,,,,"",,
295067098,295067108,363,6052892b18f41ab412866626026ea0c54752d9d9,c,ok,97,plain,"",false,,,,,,,,,"",,
295067098,295067109,363,6052892b18f41ab412866626026ea0c54752d9d9,c,unknown,143,plain,"",false,,,,,,,,,"",,
297338397,297338398,364,32e97d8d003cc27ed4e7f4c8259c0e9005185293,c,broken,95,plain,"",false,,,,,,,,,"",,
297338397,297338399,364,32e97d8d003cc27ed4e7f4c8259c0e9005185293,c,ok,109,plain,"",false,,,,,,,,,"",,
297338397,297338400,364,32e97d8d003cc27ed4e7f4c8259c0e9005185293,c,ok,80,plain,"",false,,,,,,,,,"",,
297338397,297338401,364,32e97d8d003cc27ed4e7f4c8259c0e9005185293,c,broken,74,plain,"",false,,,,,,,,,"",,
297339549,297339550,365,df063fe91176ad16ac423a3982fb3c801b7d4c91,c,broken,73,plain,"",false,,,,,,,,,"",,
297339549,297339551,365,df063fe91176ad16ac423a3982fb3c801b7d4c91,c,ok,108,plain,"",false,,,,,,,,,"",,
297339549,297339552,365,df063fe91176ad16ac423a3982fb3c801b7d4c91,c,ok,79,plain,"",false,,,,,,,,,"",,
297339549,297339553,365,df063fe91176ad16ac423a3982fb3c801b7d4c91,c,broken,88,plain,"",false,,,,,,,,,"",,
298272321,298272322,366,4fc8d22d714d431b8a1ceb6452f9de482264d751,c,unknown,107,plain,"",false,,,,,,,,,"",,
298272321,298272327,366,4fc8d22d714d431b8a1ceb6452f9de482264d751,c,unknown,108,plain,"",false,,,,,,,,,"",,
298272321,298272328,366,4fc8d22d714d431b8a1ceb6452f9de482264d751,c,unknown,77,plain,"",false,,,,,,,,,"",,
298272321,298272329,366,4fc8d22d714d431b8a1ceb6452f9de482264d751,c,unknown,78,plain,"",false,,,,,,,,,"",,
298272361,298272362,367,bbf2f400f60d61512489983c108eb04dbccac7d6,c,unknown,76,plain,"",false,,,,,,,,,"",,
298272361,298272363,367,bbf2f400f60d61512489983c108eb04dbccac7d6,c,unknown,115,plain,"",false,,,,,,,,,"",,
298272361,298272364,367,bbf2f400f60d61512489983c108eb04dbccac7d6,c,unknown,120,plain,"",false,,,,,,,,,"",,
298272361,298272367,367,bbf2f400f60d61512489983c108eb04dbccac7d6,c,unknown,75,plain,"",false,,,,,,,,,"",,
300042242,300042243,368,32e97d8d003cc27ed4e7f4c8259c0e9005185293,c,broken,101,plain,"",false,,,,,,,,,"",,
300042242,300042244,368,32e97d8d003cc27ed4e7f4c8259c0e9005185293,c,ok,109,plain,"",false,,,,,,,,,"",,
300042242,300042245,368,32e97d8d003cc27ed4e7f4c8259c0e9005185293,c,ok,101,plain,"",false,,,,,,,,,"",,
300042242,300042246,368,32e97d8d003cc27ed4e7f4c8259c0e9005185293,c,broken,73,plain,"",false,,,,,,,,,"",,
300044252,300044253,369,5c728d2323da13d1d611eac0dce3a68d7c8032f7,c,unknown,109,plain,"",false,,,,,,,,,"",,
300044252,300044254,369,5c728d2323da13d1d611eac0dce3a68d7c8032f7,c,unknown,87,plain,"",false,,,,,,,,,"",,
300044252,300044255,369,5c728d2323da13d1d611eac0dce3a68d7c8032f7,c,unknown,76,plain,"",false,,,,,,,,,"",,
300044252,300044256,369,5c728d2323da13d1d611eac0dce3a68d7c8032f7,c,unknown,105,plain,"",false,,,,,,,,,"",,
99156492,99156493,36,0fd6078bfdc6446695f15da2826c3ab4311ee0f5,c,unknown,61,plain,"",false,,,,,,,,,"",,
300044265,300044266,370,a91095b7244f35f5e32db3e0e0c0638667d6122a,c,unknown,91,plain,"",false,,,,,,,,,"",,
300044265,300044267,370,a91095b7244f35f5e32db3e0e0c0638667d6122a,c,unknown,122,plain,"",false,,,,,,,,,"",,
300044265,300044268,370,a91095b7244f35f5e32db3e0e0c0638667d6122a,c,unknown,113,plain,"",false,,,,,,,,,"",,
300044265,300044269,370,a91095b7244f35f5e32db3e0e0c0638667d6122a,c,unknown,97,plain,"",false,,,,,,,,,"",,
300054940,300054941,371,05f83a2fbce6224067fc71b63bc3441b37acdd34,c,unknown,112,plain,"",false,,,,,,,,,"",,
300054940,300054942,371,05f83a2fbce6224067fc71b63bc3441b37acdd34,c,unknown,94,plain,"",false,,,,,,,,,"",,
300054940,300054943,371,05f83a2fbce6224067fc71b63bc3441b37acdd34,c,unknown,90,plain,"",false,,,,,,,,,"",,
300054940,300054950,371,05f83a2fbce6224067fc71b63bc3441b37acdd34,c,unknown,96,plain,"",false,,,,,,,,,"",,
300054962,300054963,372,06bb040b7316f13b5f0f04a2b614744bce661831,c,unknown,98,plain,"",false,,,,,,,,,"",,
300054962,300054964,372,06bb040b7316f13b5f0f04a2b614744bce661831,c,unknown,92,plain,"",false,,,,,,,,,"",,
300054962,300054965,372,06bb040b7316f13b5f0f04a2b614744bce661831,c,unknown,77,plain,"",false,,,,,,,,,"",,
300054962,300054966,372,06bb040b7316f13b5f0f04a2b614744bce661831,c,unknown,100,plain,"",false,,,,,,,,,"",,
300632968,300632971,373,32e97d8d003cc27ed4e7f4c8259c0e9005185293,c,broken,101,plain,"",false,,,,,,,,,"",,
300632968,300632974,373,32e97d8d003cc27ed4e7f4c8259c0e9005185293,c,ok,83,plain,"",false,,,,,,,,,"",,
300632968,300632976,373,32e97d8d003cc27ed4e7f4c8259c0e9005185293,c,ok,94,plain,"",false,,,,,,,,,"",,
300632968,300632978,373,32e97d8d003cc27ed4e7f4c8259c0e9005185293,c,broken,89,plain,"",false,,,,,,,,,"",,
300912996,300912997,374,a2344c7d3fdbefeb1c70e8f150faf901fb92a908,c,unknown,104,plain,"",false,,,,,,,,,"",,
300912996,300912998,374,a2344c7d3fdbefeb1c70e8f150faf901fb92a908,c,unknown,118,plain,"",false,,,,,,,,,"",,
300912996,300912999,374,a2344c7d3fdbefeb1c70e8f150faf901fb92a908,c,unknown,107,plain,"",false,,,,,,,,,"",,
300912996,300913000,374,a2344c7d3fdbefeb1c70e8f150faf901fb92a908,c,unknown,95,plain,"",false,,,,,,,,,"",,
300913003,300913004,375,223618bf45537bc8c052e63be8ad95ccc87774e8,c,unknown,102,plain,"",false,,,,,,,,,"",,
300913003,300913005,375,223618bf45537bc8c052e63be8ad95ccc87774e8,c,unknown,86,plain,"",false,,,,,,,,,"",,
300913003,300913006,375,223618bf45537bc8c052e63be8ad95ccc87774e8,c,unknown,99,plain,"",false,,,,,,,,,"",,
300913003,300913007,375,223618bf45537bc8c052e63be8ad95ccc87774e8,c,unknown,101,plain,"",false,,,,,,,,,"",,
300920282,300920283,376,426d38e9644079eb3b2a7f7e2978436050ff847c,c,ok,97,plain,"",false,,,,,,,,,"",,
300920282,300920284,376,426d38e9644079eb3b2a7f7e2978436050ff847c,c,ok,117,plain,"",false,,,,,,,,,"",,
300920282,300920285,376,426d38e9644079eb3b2a7f7e2978436050ff847c,c,ok,80,plain,"",false,,,,,,,,,"",,
300920282,300920286,376,426d38e9644079eb3b2a7f7e2978436050ff847c,c,ok,108,plain,"",false,,,,,,,,,"",,
300920301,300920302,377,a8cddf3e5b3bb487cf2620a1e6aed9bc3cda8469,c,ok,81,plain,"",false,,,,,,,,,"",,
300920301,300920304,377,a8cddf3e5b3bb487cf2620a1e6aed9bc3cda8469,c,ok,104,plain,"",false,,,,,,,,,"",,
300920301,300920306,377,a8cddf3e5b3bb487cf2620a1e6aed9bc3cda8469,c,ok,95,plain,"",false,,,,,,,,,"",,
300920301,300920307,377,a8cddf3e5b3bb487cf2620a1e6aed9bc3cda8469,c,ok,100,plain,"",false,,,,,,,,,"",,
300933265,300933267,378,694b09375865085355e903bbea917aa5076ad14d,c,ok,101,plain,"",false,,,,,,,,,"",,
300933265,300933269,378,694b09375865085355e903bbea917aa5076ad14d,c,ok,112,plain,"",false,,,,,,,,,"",,
300933265,300933270,378,694b09375865085355e903bbea917aa5076ad14d,c,ok,83,plain,"",false,,,,,,,,,"",,
300933265,300933271,378,694b09375865085355e903bbea917aa5076ad14d,c,ok,84,plain,"",false,,,,,,,,,"",,
300933301,300933302,379,50691bb7e5b1d04d76c1e145767d18acbf4624a5,c,ok,76,plain,"",false,,,,,,,,,"",,
300933301,300933303,379,50691bb7e5b1d04d76c1e145767d18acbf4624a5,c,ok,87,plain,"",false,,,,,,,,,"",,
300933301,300933304,379,50691bb7e5b1d04d76c1e145767d18acbf4624a5,c,ok,77,plain,"",false,,,,,,,,,"",,
300933301,300933305,379,50691bb7e5b1d04d76c1e145767d18acbf4624a5,c,ok,78,plain,"",false,,,,,,,,,"",,
99161075,99161076,37,d6f6d76019e4eee1184019d6bf74a797e953f3e5,c,unknown,16,plain,"",false,,,,,,,,,"",,
99161075,99161077,37,d6f6d76019e4eee1184019d6bf74a797e953f3e5,c,unknown,152,plain,"",false,,,,,,,,,"",,
301093102,301093103,380,928f6d6ebfbd98823793e20bd2d528b05a896004,c,ok,106,plain,"",false,,,,,,,,,"",,
301093102,301093104,380,928f6d6ebfbd98823793e20bd2d528b05a896004,c,ok,116,plain,"",false,,,,,,,,,"",,
301093102,301093105,380,928f6d6ebfbd98823793e20bd2d528b05a896004,c,ok,96,plain,"",false,,,,,,,,,"",,
301093102,301093106,380,928f6d6ebfbd98823793e20bd2d528b05a896004,c,ok,91,plain,"",false,,,,,,,,,"",,
301093121,301093122,381,9426b5e9ec85e9c29f03978e429eff0252f17bd5,c,ok,92,plain,"",false,,,,,,,,,"",,
301093121,301093123,381,9426b5e9ec85e9c29f03978e429eff0252f17bd5,c,ok,106,plain,"",false,,,,,,,,,"",,
301093121,301093124,381,9426b5e9ec85e9c29f03978e429eff0252f17bd5,c,ok,92,plain,"",false,,,,,,,,,"",,
301093121,301093125,381,9426b5e9ec85e9c29f03978e429eff0252f17bd5,c,ok,107,plain,"",false,,,,,,,,,"",,
302602374,302602375,382,0fc8dc43f0aa90addd17d576e3f7bb7bd2a3f566,c,ok,76,plain,"",false,,,,,,,,,"",,
302602374,302602377,382,0fc8dc43f0aa90addd17d576e3f7bb7bd2a3f566,c,ok,85,plain,"",false,,,,,,,,,"",,
302602374,302602378,382,0fc8dc43f0aa90addd17d576e3f7bb7bd2a3f566,c,ok,146,plain,"",false,,,,,,,,,"",,
302602374,302602380,382,0fc8dc43f0aa90addd17d576e3f7bb7bd2a3f566,c,ok,95,plain,"",false,,,,,,,,,"",,
302602406,302602407,383,e595bafde445b3e9cc6228d471addbf1799240ca,c,ok,91,plain,"",false,,,,,,,,,"",,
302602406,302602408,383,e595bafde445b3e9cc6228d471addbf1799240ca,c,ok,94,plain,"",false,,,,,,,,,"",,
302602406,302602409,383,e595bafde445b3e9cc6228d471addbf1799240ca,c,ok,124,plain,"",false,,,,,,,,,"",,
302602406,302602410,383,e595bafde445b3e9cc6228d471addbf1799240ca,c,ok,75,plain,"",false,,,,,,,,,"",,
302610646,302610647,384,dc9f2221b4c2ef17d0b30724e16d32b91eae6750,c,ok,122,plain,"",false,,,,,,,,,"",,
302610646,302610648,384,dc9f2221b4c2ef17d0b30724e16d32b91eae6750,c,ok,113,plain,"",false,,,,,,,,,"",,
302610646,302610649,384,dc9f2221b4c2ef17d0b30724e16d32b91eae6750,c,ok,85,plain,"",false,,,,,,,,,"",,
302610646,302610650,384,dc9f2221b4c2ef17d0b30724e16d32b91eae6750,c,ok,108,plain,"",false,,,,,,,,,"",,
302610680,302610683,385,a8db9dfba2255f6fa9b372f152f798cf4a8908fa,c,ok,103,plain,"",false,,,,,,,,,"",,
302610680,302610684,385,a8db9dfba2255f6fa9b372f152f798cf4a8908fa,c,ok,93,plain,"",false,,,,,,,,,"",,
302610680,302610688,385,a8db9dfba2255f6fa9b372f152f798cf4a8908fa,c,ok,95,plain,"",false,,,,,,,,,"",,
302610680,302610690,385,a8db9dfba2255f6fa9b372f152f798cf4a8908fa,c,ok,90,plain,"",false,,,,,,,,,"",,
302700739,302700740,386,a8db9dfba2255f6fa9b372f152f798cf4a8908fa,c,ok,80,plain,"",false,,,,,,,,,"",,
302700739,302700741,386,a8db9dfba2255f6fa9b372f152f798cf4a8908fa,c,ok,85,plain,"",false,,,,,,,,,"",,
302700739,302700742,386,a8db9dfba2255f6fa9b372f152f798cf4a8908fa,c,ok,84,plain,"",false,,,,,,,,,"",,
302700739,302700743,386,a8db9dfba2255f6fa9b372f152f798cf4a8908fa,c,ok,80,plain,"",false,,,,,,,,,"",,
302705943,302705944,387,9d5ef68b2894d10a2a6af111f9954bcfefa7e7d0,c,broken,124,plain,"",false,,,,,,,,,"",,
302705943,302705945,387,9d5ef68b2894d10a2a6af111f9954bcfefa7e7d0,c,broken,84,plain,"",false,,,,,,,,,"",,
302705943,302705946,387,9d5ef68b2894d10a2a6af111f9954bcfefa7e7d0,c,broken,99,plain,"",false,,,,,,,,,"",,
302705943,302705947,387,9d5ef68b2894d10a2a6af111f9954bcfefa7e7d0,c,broken,102,plain,"",false,,,,,,,,,"",,
302714733,302714734,388,c517f7d344834e67b517c379dd870f9dda1ae5fd,c,unknown,79,plain,"",false,,,,,,,,,"",,
302714733,302714735,388,c517f7d344834e67b517c379dd870f9dda1ae5fd,c,unknown,111,plain,"",false,,,,,,,,,"",,
302714733,302714736,388,c517f7d344834e67b517c379dd870f9dda1ae5fd,c,unknown,122,plain,"",false,,,,,,,,,"",,
302714733,302714737,388,c517f7d344834e67b517c379dd870f9dda1ae5fd,c,unknown,121,plain,"",false,,,,,,,,,"",,
302990024,302990025,389,b8873142be07450b4cd20eb307628c19500d5184,c,ok,78,plain,"",false,,,,,,,,,"",,
302990024,302990026,389,b8873142be07450b4cd20eb307628c19500d5184,c,ok,89,plain,"",false,,,,,,,,,"",,
302990024,302990027,389,b8873142be07450b4cd20eb307628c19500d5184,c,ok,91,plain,"",false,,,,,,,,,"",,
302990024,302990028,389,b8873142be07450b4cd20eb307628c19500d5184,c,ok,122,plain,"",false,,,,,,,,,"",,
99162110,99162111,38,8050a635376ca0ff387e63c99ad8232696f16fa5,python,unknown,15,python,"",false,,,,,,,,,"",,
99162110,99162112,38,8050a635376ca0ff387e63c99ad8232696f16fa5,python,unknown,3,python,"",false,,,,,,,,,"",,
305039106,305039107,390,ed44f7d5b6cefe751f7c78e76cf769759156ecf5,c,unknown,203,plain,"",false,,,,,,,,,"",,
305039106,305039108,390,ed44f7d5b6cefe751f7c78e76cf769759156ecf5,c,unknown,237,plain,"",false,,,,,,,,,"",,
305039106,305039109,390,ed44f7d5b6cefe751f7c78e76cf769759156ecf5,c,unknown,166,plain,"",false,,,,,,,,,"",,
305039106,305039110,390,ed44f7d5b6cefe751f7c78e76cf769759156ecf5,c,ok,84,plain,"",false,,,,,,,,,"",,
305039106,305039111,390,ed44f7d5b6cefe751f7c78e76cf769759156ecf5,c,ok,116,plain,"",false,,,,,,,,,"",,
305039106,305039112,390,ed44f7d5b6cefe751f7c78e76cf769759156ecf5,c,ok,91,plain,"",false,,,,,,,,,"",,
305039106,305039113,390,ed44f7d5b6cefe751f7c78e76cf769759156ecf5,c,unknown,25,plain,"",false,,,,,,,,,"",,
305042913,305042916,391,c1ae82c6a6f3f553e8da70f6b7b6e10ffa469b95,c,unknown,214,plain,"",false,,,,,,,,,"",,
305042913,305042921,391,c1ae82c6a6f3f553e8da70f6b7b6e10ffa469b95,c,unknown,161,plain,"",false,,,,,,,,,"",,
305042913,305042923,391,c1ae82c6a6f3f553e8da70f6b7b6e10ffa469b95,c,unknown,221,plain,"",false,,,,,,,,,"",,
305042913,305042925,391,c1ae82c6a6f3f553e8da70f6b7b6e10ffa469b95,c,ok,93,plain,"",false,,,,,,,,,"",,
305042913,305042926,391,c1ae82c6a6f3f553e8da70f6b7b6e10ffa469b95,c,ok,79,plain,"",false,,,,,,,,,"",,
305042913,305042929,391,c1ae82c6a6f3f553e8da70f6b7b6e10ffa469b95,c,ok,100,plain,"",false,,,,,,,,,"",,
305042913,305042931,391,c1ae82c6a6f3f553e8da70f6b7b6e10ffa469b95,c,unknown,29,plain,"",false,,,,,,,,,"",,
305046876,305046877,392,4c745a05b164b0116a4cea2d27cc7379bace2851,c,unknown,133,plain,"",false,,,,,,,,,"",,
305046876,305046879,392,4c745a05b164b0116a4cea2d27cc7379bace2851,c,unknown,195,plain,"",false,,,,,,,,,"",,
305046876,305046880,392,4c745a05b164b0116a4cea2d27cc7379bace2851,c,unknown,156,plain,"",false,,,,,,,,,"",,
305046876,305046881,392,4c745a05b164b0116a4cea2d27cc7379bace2851,c,ok,87,plain,"",false,,,,,,,,,"",,
305046876,305046882,392,4c745a05b164b0116a4cea2d27cc7379bace2851,c,ok,88,plain,"",false,,,,,,,,,"",,
305046876,305046883,392,4c745a05b164b0116a4cea2d27cc7379bace2851,c,ok,79,plain,"",false,,,,,,,,,"",,
305046876,305046884,392,4c745a05b164b0116a4cea2d27cc7379bace2851,c,unknown,27,plain,"",false,,,,,,,,,"",,
305047377,305047378,393,2ca1bc65cb4ffd972c40240f44eb55db70022286,c,unknown,212,plain,"",false,,,,,,,,,"",,
305047377,305047379,393,2ca1bc65cb4ffd972c40240f44eb55db70022286,c,unknown,145,plain,"",false,,,,,,,,,"",,
305047377,305047380,393,2ca1bc65cb4ffd972c40240f44eb55db70022286,c,unknown,236,plain,"",false,,,,,,,,,"",,
305047377,305047381,393,2ca1bc65cb4ffd972c40240f44eb55db70022286,c,ok,99,plain,"",false,,,,,,,,,"",,
305047377,305047382,393,2ca1bc65cb4ffd972c40240f44eb55db70022286,c,ok,79,plain,"",false,,,,,,,,,"",,
305047377,305047383,393,2ca1bc65cb4ffd972c40240f44eb55db70022286,c,ok,84,plain,"",false,,,,,,,,,"",,
305047377,305047384,393,2ca1bc65cb4ffd972c40240f44eb55db70022286,c,unknown,29,plain,"",false,,,,,,,,,"",,
305100436,305100437,394,d7d9591f6d3a9f6f734c5a96b418b2610c1d8cb8,c,unknown,148,plain,"",false,,,,,,,,,"",,
305100436,305100438,394,d7d9591f6d3a9f6f734c5a96b418b2610c1d8cb8,c,unknown,165,plain,"",false,,,,,,,,,"",,
305100436,305100439,394,d7d9591f6d3a9f6f734c5a96b418b2610c1d8cb8,c,unknown,318,plain,"",false,,,,,,,,,"",,
305100436,305100440,394,d7d9591f6d3a9f6f734c5a96b418b2610c1d8cb8,c,ok,93,plain,"",false,,,,,,,,,"",,
305100436,305100441,394,d7d9591f6d3a9f6f734c5a96b418b2610c1d8cb8,c,ok,91,plain,"",false,,,,,,,,,"",,
305100436,305100442,394,d7d9591f6d3a9f6f734c5a96b418b2610c1d8cb8,c,ok,83,plain,"",false,,,,,,,,,"",,
305100436,305100443,394,d7d9591f6d3a9f6f734c5a96b418b2610c1d8cb8,c,unknown,30,plain,"",false,,,,,,,,,"",,
305107577,305107578,395,cdd06244349e9b63ea4f1fdfd1458bde01f8dad3,c,unknown,132,plain,"",false,,,,,,,,,"",,
305107577,305107579,395,cdd06244349e9b63ea4f1fdfd1458bde01f8dad3,c,unknown,155,plain,"",false,,,,,,,,,"",,
305107577,305107580,395,cdd06244349e9b63ea4f1fdfd1458bde01f8dad3,c,unknown,140,plain,"",false,,,,,,,,,"",,
305107577,305107581,395,cdd06244349e9b63ea4f1fdfd1458bde01f8dad3,c,ok,86,plain,"",false,,,,,,,,,"",,
305107577,305107582,395,cdd06244349e9b63ea4f1fdfd1458bde01f8dad3,c,ok,90,plain,"",false,,,,,,,,,"",,
305107577,305107583,395,cdd06244349e9b63ea4f1fdfd1458bde01f8dad3,c,ok,157,plain,"",false,,,,,,,,,"",,
305107577,305107585,395,cdd06244349e9b63ea4f1fdfd1458bde01f8dad3,c,unknown,0,plain,"",false,,,,,,,,,"",,
305112094,305112095,396,aab12f8accc6dba995e8f0dfd3e8f5c139a596e0,c,unknown,180,plain,"",false,,,,,,,,,"",,
305112094,305112096,396,aab12f8accc6dba995e8f0dfd3e8f5c139a596e0,c,unknown,166,plain,"",false,,,,,,,,,"",,
305112094,305112097,396,aab12f8accc6dba995e8f0dfd3e8f5c139a596e0,c,unknown,151,plain,"",false,,,,,,,,,"",,
305112094,305112098,396,aab12f8accc6dba995e8f0dfd3e8f5c139a596e0,c,ok,126,plain,"",false,,,,,,,,,"",,
305112094,305112099,396,aab12f8accc6dba995e8f0dfd3e8f5c139a596e0,c,broken,87,plain,"",false,,,,,,,,,"",,
305112094,305112100,396,aab12f8accc6dba995e8f0dfd3e8f5c139a596e0,c,ok,119,plain,"",false,,,,,,,,,"",,
305112094,305112101,396,aab12f8accc6dba995e8f0dfd3e8f5c139a596e0,c,broken,1,plain,"",false,,,,,,,,,"",,
305138431,305138432,397,7ec19460f9a5919e7440fef53ff27bdb360a9794,c,unknown,128,plain,"",false,,,,,,,,,"",,
305138431,305138433,397,7ec19460f9a5919e7440fef53ff27bdb360a9794,c,unknown,126,plain,"",false,,,,,,,,,"",,
305138431,305138434,397,7ec19460f9a5919e7440fef53ff27bdb360a9794,c,unknown,145,plain,"",false,,,,,,,,,"",,
305138431,305138435,397,7ec19460f9a5919e7440fef53ff27bdb360a9794,c,ok,75,plain,"",false,,,,,,,,,"",,
305138431,305138436,397,7ec19460f9a5919e7440fef53ff27bdb360a9794,c,ok,96,plain,"",false,,,,,,,,,"",,
305138431,305138438,397,7ec19460f9a5919e7440fef53ff27bdb360a9794,c,ok,149,plain,"",false,,,,,,,,,"",,
305138431,305138440,397,7ec19460f9a5919e7440fef53ff27bdb360a9794,c,ok,0,plain,"",false,,,,,,,,,"",,
305144369,305144370,398,d473b8565ac3c37a3e7f27e94ecc4d297cf41ac8,c,unknown,171,plain,"",false,,,,,,,,,"",,
305144369,305144371,398,d473b8565ac3c37a3e7f27e94ecc4d297cf41ac8,c,unknown,132,plain,"",false,,,,,,,,,"",,
305144369,305144372,398,d473b8565ac3c37a3e7f27e94ecc4d297cf41ac8,c,unknown,172,plain,"",false,,,,,,,,,"",,
305144369,305144373,398,d473b8565ac3c37a3e7f27e94ecc4d297cf41ac8,c,ok,80,plain,"",false,,,,,,,,,"",,
305144369,305144374,398,d473b8565ac3c37a3e7f27e94ecc4d297cf41ac8,c,ok,83,plain,"",false,,,,,,,,,"",,
305144369,305144375,398,d473b8565ac3c37a3e7f27e94ecc4d297cf41ac8,c,ok,101,plain,"",false,,,,,,,,,"",,
305144369,305144376,398,d473b8565ac3c37a3e7f27e94ecc4d297cf41ac8,c,ok,0,plain,"",false,,,,,,,,,"",,
305482832,305482835,399,a9b067c9a19953cb5c94a7879fb918598af31d45,unknown,unknown,,plain,"",false,,,,,,,,,"",,
305482832,305482838,399,a9b067c9a19953cb5c94a7879fb918598af31d45,unknown,unknown,,plain,"",false,,,,,,,,,"",,
305482832,305482840,399,a9b067c9a19953cb5c94a7879fb918598af31d45,unknown,unknown,,plain,"",false,,,,,,,,,"",,
305482832,305482841,399,a9b067c9a19953cb5c94a7879fb918598af31d45,unknown,unknown,,plain,"",false,,,,,,,,,"",,
305482832,305482842,399,a9b067c9a19953cb5c94a7879fb918598af31d45,unknown,unknown,,plain,"",false,,,,,,,,,"",,
305482832,305482843,399,a9b067c9a19953cb5c94a7879fb918598af31d45,unknown,unknown,,plain,"",false,,,,,,,,,"",,
305482832,305482846,399,a9b067c9a19953cb5c94a7879fb918598af31d45,unknown,unknown,,plain,"",false,,,,,,,,,"",,
99163332,99163333,39,a37b2989ba09eb3af4660029bc0b31bbd0fd7dd2,python,ok,16,python,unittest,true,false,29,0,29,0,,,,"",0.52,
99163332,99163334,39,a37b2989ba09eb3af4660029bc0b31bbd0fd7dd2,python,unknown,4,python,"",false,,,,,,,,,"",,
98800779,98800780,3,52936d73391b8a694bbcc7a25318512680e20d11,python,unknown,13,python,"",false,,,,,,,,,"",,
98800779,98800781,3,52936d73391b8a694bbcc7a25318512680e20d11,python,unknown,2,python,"",false,,,,,,,,,"",,
305484224,305484227,400,a9b067c9a19953cb5c94a7879fb918598af31d45,c,unknown,254,plain,"",false,,,,,,,,,"",,
305484224,305484228,400,a9b067c9a19953cb5c94a7879fb918598af31d45,c,unknown,257,plain,"",false,,,,,,,,,"",,
305484224,305484230,400,a9b067c9a19953cb5c94a7879fb918598af31d45,c,unknown,247,plain,"",false,,,,,,,,,"",,
305484224,305484232,400,a9b067c9a19953cb5c94a7879fb918598af31d45,c,ok,104,plain,"",false,,,,,,,,,"",,
305484224,305484236,400,a9b067c9a19953cb5c94a7879fb918598af31d45,c,ok,94,plain,"",false,,,,,,,,,"",,
305484224,305484237,400,a9b067c9a19953cb5c94a7879fb918598af31d45,c,ok,95,plain,"",false,,,,,,,,,"",,
305484224,305484238,400,a9b067c9a19953cb5c94a7879fb918598af31d45,c,ok,1,plain,"",false,,,,,,,,,"",,
305659514,305659515,401,548c2e54e19b4f0ce4b946c9e199dbbe5b7b6c19,c,unknown,132,plain,"",false,,,,,,,,,"",,
305659514,305659516,401,548c2e54e19b4f0ce4b946c9e199dbbe5b7b6c19,c,unknown,129,plain,"",false,,,,,,,,,"",,
305659514,305659517,401,548c2e54e19b4f0ce4b946c9e199dbbe5b7b6c19,c,unknown,161,plain,"",false,,,,,,,,,"",,
305659514,305659518,401,548c2e54e19b4f0ce4b946c9e199dbbe5b7b6c19,c,ok,81,plain,"",false,,,,,,,,,"",,
305659514,305659519,401,548c2e54e19b4f0ce4b946c9e199dbbe5b7b6c19,c,ok,88,plain,"",false,,,,,,,,,"",,
305659514,305659520,401,548c2e54e19b4f0ce4b946c9e199dbbe5b7b6c19,c,ok,119,plain,"",false,,,,,,,,,"",,
305659514,305659521,401,548c2e54e19b4f0ce4b946c9e199dbbe5b7b6c19,c,ok,1,plain,"",false,,,,,,,,,"",,
305660844,305660845,402,539903bab475431f08d3eb794173899893097084,c,unknown,134,plain,"",false,,,,,,,,,"",,
305660844,305660846,402,539903bab475431f08d3eb794173899893097084,c,unknown,139,plain,"",false,,,,,,,,,"",,
305660844,305660847,402,539903bab475431f08d3eb794173899893097084,c,unknown,129,plain,"",false,,,,,,,,,"",,
305660844,305660848,402,539903bab475431f08d3eb794173899893097084,c,ok,97,plain,"",false,,,,,,,,,"",,
305660844,305660849,402,539903bab475431f08d3eb794173899893097084,c,ok,94,plain,"",false,,,,,,,,,"",,
305660844,305660850,402,539903bab475431f08d3eb794173899893097084,c,ok,101,plain,"",false,,,,,,,,,"",,
305660844,305660851,402,539903bab475431f08d3eb794173899893097084,c,ok,1,plain,"",false,,,,,,,,,"",,
305885919,305885920,403,539903bab475431f08d3eb794173899893097084,c,unknown,234,plain,"",false,,,,,,,,,"",,
305885919,305885921,403,539903bab475431f08d3eb794173899893097084,c,unknown,368,plain,"",false,,,,,,,,,"",,
305885919,305885923,403,539903bab475431f08d3eb794173899893097084,c,unknown,394,plain,"",false,,,,,,,,,"",,
305885919,305885924,403,539903bab475431f08d3eb794173899893097084,c,ok,96,plain,"",false,,,,,,,,,"",,
305885919,305885928,403,539903bab475431f08d3eb794173899893097084,c,ok,107,plain,"",false,,,,,,,,,"",,
305885919,305885931,403,539903bab475431f08d3eb794173899893097084,c,ok,83,plain,"",false,,,,,,,,,"",,
305885919,305885934,403,539903bab475431f08d3eb794173899893097084,c,ok,1,plain,"",false,,,,,,,,,"",,
309722342,309722343,404,0ee1e50ad20dd2bb34f5a5b88c268995528bc473,c,unknown,103,plain,"",false,,,,,,,,,"",,
309722342,309722344,404,0ee1e50ad20dd2bb34f5a5b88c268995528bc473,c,unknown,130,plain,"",false,,,,,,,,,"",,
309722342,309722345,404,0ee1e50ad20dd2bb34f5a5b88c268995528bc473,c,unknown,100,plain,"",false,,,,,,,,,"",,
309722342,309722346,404,0ee1e50ad20dd2bb34f5a5b88c268995528bc473,c,unknown,85,plain,"",false,,,,,,,,,"",,
309727642,309727645,405,1fcfbe17501a80e849fd6bf32081435859bc4859,c,unknown,94,plain,"",false,,,,,,,,,"",,
309727642,309727646,405,1fcfbe17501a80e849fd6bf32081435859bc4859,c,unknown,85,plain,"",false,,,,,,,,,"",,
309727642,309727647,405,1fcfbe17501a80e849fd6bf32081435859bc4859,c,unknown,100,plain,"",false,,,,,,,,,"",,
309727642,309727648,405,1fcfbe17501a80e849fd6bf32081435859bc4859,c,unknown,115,plain,"",false,,,,,,,,,"",,
310526094,310526095,406,c6e7eabeeb6f83e1aff26cde4f75b308f0927908,c,unknown,93,plain,"",false,,,,,,,,,"",,
310526094,310526096,406,c6e7eabeeb6f83e1aff26cde4f75b308f0927908,c,unknown,90,plain,"",false,,,,,,,,,"",,
310526094,310526097,406,c6e7eabeeb6f83e1aff26cde4f75b308f0927908,c,unknown,81,plain,"",false,,,,,,,,,"",,
310526094,310526098,406,c6e7eabeeb6f83e1aff26cde4f75b308f0927908,c,unknown,91,plain,"",false,,,,,,,,,"",,
310526116,310526117,407,51bd404cf6481e696db754af26bbfb80f695d4ab,c,unknown,87,plain,"",false,,,,,,,,,"",,
310526116,310526118,407,51bd404cf6481e696db754af26bbfb80f695d4ab,c,unknown,95,plain,"",false,,,,,,,,,"",,
310526116,310526119,407,51bd404cf6481e696db754af26bbfb80f695d4ab,c,unknown,97,plain,"",false,,,,,,,,,"",,
310526116,310526120,407,51bd404cf6481e696db754af26bbfb80f695d4ab,c,unknown,90,plain,"",false,,,,,,,,,"",,
331460962,331460963,408,9e5c62cd95e500072b250b8d30bd10776d73a4b6,c,unknown,145,plain,"",false,,,,,,,,,"",,
331460962,331460965,408,9e5c62cd95e500072b250b8d30bd10776d73a4b6,c,unknown,143,plain,"",false,,,,,,,,,"",,
331460962,331460967,408,9e5c62cd95e500072b250b8d30bd10776d73a4b6,c,unknown,145,plain,"",false,,,,,,,,,"",,
331460962,331460970,408,9e5c62cd95e500072b250b8d30bd10776d73a4b6,c,unknown,250,plain,"",false,,,,,,,,,"",,
341273000,341273001,409,654bdf5e5d571869d3e7985db47e690f2c118ce3,c,unknown,1,plain,"",false,,,,,,,,,"",,
341273000,341273002,409,654bdf5e5d571869d3e7985db47e690f2c118ce3,c,unknown,1,plain,"",false,,,,,,,,,"",,
341273000,341273003,409,654bdf5e5d571869d3e7985db47e690f2c118ce3,c,unknown,1,plain,"",false,,,,,,,,,"",,
99164499,99164502,40,8d6b5e8d03072d7b5651d04dc2b68a29deeef069,python,unknown,16,python,"",false,,,,,,,,,"",,
99164499,99164505,40,8d6b5e8d03072d7b5651d04dc2b68a29deeef069,python,unknown,3,python,"",false,,,,,,,,,"",,
341273994,341273995,410,de5d0a360a24f5dbc65a1f440f84feb9a15c2455,c,broken,1,plain,"",false,,,,,,,,,"",,
341273994,341273996,410,de5d0a360a24f5dbc65a1f440f84feb9a15c2455,c,broken,1,plain,"",false,,,,,,,,,"",,
341273997,341273998,411,c3eb7a7ffab4596841962c9d03b02c96345d0236,unknown,unknown,,plain,"",false,,,,,,,,,"",,
341273997,341273999,411,c3eb7a7ffab4596841962c9d03b02c96345d0236,unknown,unknown,,plain,"",false,,,,,,,,,"",,
341273997,341274000,411,c3eb7a7ffab4596841962c9d03b02c96345d0236,unknown,unknown,,plain,"",false,,,,,,,,,"",,
341273997,341274001,411,c3eb7a7ffab4596841962c9d03b02c96345d0236,unknown,unknown,,plain,"",false,,,,,,,,,"",,
341274014,341274015,412,e2893fe063d3728fd4ae2a34595faabc5ebdbb09,c,unknown,154,plain,"",false,,,,,,,,,"",,
341274014,341274016,412,e2893fe063d3728fd4ae2a34595faabc5ebdbb09,c,unknown,146,plain,"",false,,,,,,,,,"",,
341274014,341274017,412,e2893fe063d3728fd4ae2a34595faabc5ebdbb09,c,unknown,38,plain,"",false,,,,,,,,,"",,
341274014,341274018,412,e2893fe063d3728fd4ae2a34595faabc5ebdbb09,c,unknown,28,plain,"",false,,,,,,,,,"",,
341277852,341277854,413,1febbcb7393de3bcac32863694f997cf491987c9,c,ok,1,plain,"",false,,,,,,,,,"",,
341277852,341277855,413,1febbcb7393de3bcac32863694f997cf491987c9,c,unknown,1,plain,"",false,,,,,,,,,"",,
341280824,341280825,414,ec484c1796fbb4e576c0c453d59332e32d661131,c,unknown,1,plain,"",false,,,,,,,,,"",,
341280824,341280826,414,ec484c1796fbb4e576c0c453d59332e32d661131,c,unknown,1,plain,"",false,,,,,,,,,"",,
341282111,341282112,415,385abdd5771e921f073b9d08fc6fae1b67e1f5cf,c,unknown,1,plain,"",false,,,,,,,,,"",,
341282111,341282113,415,385abdd5771e921f073b9d08fc6fae1b67e1f5cf,c,unknown,1,plain,"",false,,,,,,,,,"",,
341282853,341282854,416,3b29ad35ed2bc95bff673e3822d0a1ed45e36fd2,c,unknown,1,plain,"",false,,,,,,,,,"",,
341282853,341282855,416,3b29ad35ed2bc95bff673e3822d0a1ed45e36fd2,c,unknown,1,plain,"",false,,,,,,,,,"",,
341283723,341283724,417,028da05327a5ff5a9118a4ba55da9d718cac1b2d,c,ok,1,plain,"",false,,,,,,,,,"",,
341283723,341283725,417,028da05327a5ff5a9118a4ba55da9d718cac1b2d,c,ok,1,plain,"",false,,,,,,,,,"",,
341287382,341287383,418,99fcae20c6699d671f8d91b5d1795a29ef5b52f6,c,broken,1,plain,"",false,,,,,,,,,"",,
341287382,341287384,418,99fcae20c6699d671f8d91b5d1795a29ef5b52f6,c,broken,1,plain,"",false,,,,,,,,,"",,
341287590,341287591,419,7259972a0883a1a732c7f65cbf4586da42d0050d,c,ok,31,plain,"",false,,,,,,,,,"",,
341287590,341287592,419,7259972a0883a1a732c7f65cbf4586da42d0050d,c,broken,0,plain,"",false,,,,,,,,,"",,
99167125,99167126,41,3429426a01b05806836b71a9c41326483c274750,python,unknown,14,python,"",false,,,,,,,,,"",,
99167125,99167127,41,3429426a01b05806836b71a9c41326483c274750,python,unknown,2,python,"",false,,,,,,,,,"",,
341290472,341290473,420,25138f337dcbfb34b3f52486789f4891dbc63bfc,c,ok,1,plain,"",false,,,,,,,,,"",,
341290472,341290474,420,25138f337dcbfb34b3f52486789f4891dbc63bfc,c,ok,1,plain,"",false,,,,,,,,,"",,
341290502,341290503,421,56555e128aeab1c4a1d1335ff08e7733ba7edbcc,c,ok,12,plain,"",false,,,,,,,,,"",,
341290502,341290504,421,56555e128aeab1c4a1d1335ff08e7733ba7edbcc,c,ok,1,plain,"",false,,,,,,,,,"",,
341319341,341319342,422,f3b269ee8ee71dbfa80bb2317856df8ebba10312,c,unknown,1,plain,"",false,,,,,,,,,"",,
341319341,341319343,422,f3b269ee8ee71dbfa80bb2317856df8ebba10312,c,unknown,1,plain,"",false,,,,,,,,,"",,
341319367,341319368,423,a51680922ede4b14b31f58889bd1224788efed34,c,ok,1,plain,"",false,,,,,,,,,"",,
341319367,341319369,423,a51680922ede4b14b31f58889bd1224788efed34,c,ok,0,plain,"",false,,,,,,,,,"",,
413136883,413136884,424,9fe417026ca33effc2120e01d7c24431bf9493c3,c,ok,1,plain,"",false,,,,,,,,,"",,
413136883,413136886,424,9fe417026ca33effc2120e01d7c24431bf9493c3,c,ok,1,plain,"",false,,,,,,,,,"",,
413137567,413137568,425,f87a18d44516db37a00e403803e42ae338643849,c,unknown,4,plain,"",false,,,,,,,,,"",,
413137567,413137569,425,f87a18d44516db37a00e403803e42ae338643849,c,unknown,4,plain,"",false,,,,,,,,,"",,
413141161,413141162,426,3eef4be085edbcb2024eec2944bc6aad16f029ef,c,ok,1,plain,"",false,,,,,,,,,"",,
413141161,413141163,426,3eef4be085edbcb2024eec2944bc6aad16f029ef,c,ok,1,plain,"",false,,,,,,,,,"",,
413141171,413141172,427,edbf847d9148734c43c2e4e6fd51176855dc07a2,c,ok,0,plain,"",false,,,,,,,,,"",,
413141171,413141173,427,edbf847d9148734c43c2e4e6fd51176855dc07a2,c,ok,0,plain,"",false,,,,,,,,,"",,
418323694,418323695,428,3b2ca6c1a3d2e2d8eed870f972a174b3a5a648b4,c,broken,1,plain,"",false,,,,,,,,,"",,
418323694,418323696,428,3b2ca6c1a3d2e2d8eed870f972a174b3a5a648b4,c,broken,1,plain,"",false,,,,,,,,,"",,
418324070,418324071,429,ed435cedd3b0531a6d970396a03e6b9e5a9c0f07,c,broken,0,plain,"",false,,,,,,,,,"",,
418324070,418324072,429,ed435cedd3b0531a6d970396a03e6b9e5a9c0f07,c,broken,0,plain,"",false,,,,,,,,,"",,
99168285,99168286,42,0722657665937ae3d16054605f17faa77b1d8f55,c,unknown,14,plain,"",false,,,,,,,,,"",,
99168285,99168287,42,0722657665937ae3d16054605f17faa77b1d8f55,c,unknown,129,plain,"",false,,,,,,,,,"",,
418619713,418619714,430,a6a022ca28eb416f35ff2475012b73070b1d19df,c,ok,1,plain,"",false,,,,,,,,,"",,
418619713,418619715,430,a6a022ca28eb416f35ff2475012b73070b1d19df,c,ok,1,plain,"",false,,,,,,,,,"",,
418619716,418619717,431,59686bde308e476d0dce0d8d33fb10359ea306dd,c,ok,0,plain,"",false,,,,,,,,,"",,
418619716,418619718,431,59686bde308e476d0dce0d8d33fb10359ea306dd,c,ok,0,plain,"",false,,,,,,,,,"",,
418664643,418664645,432,8171cf7328f318a11aa93e6d99aaf2f969b1c90a,c,ok,1,plain,"",false,,,,,,,,,"",,
418664643,418664646,432,8171cf7328f318a11aa93e6d99aaf2f969b1c90a,c,ok,1,plain,"",false,,,,,,,,,"",,
418664672,418664673,433,d9ac5027dcb2e6345db1bb3c160b1cf4560e8dd6,c,ok,0,plain,"",false,,,,,,,,,"",,
418664672,418664674,433,d9ac5027dcb2e6345db1bb3c160b1cf4560e8dd6,c,ok,0,plain,"",false,,,,,,,,,"",,
418666051,418666052,434,bf68c96c39aaf71a68197c5b2d329b7afc9f0931,c,unknown,1,plain,"",false,,,,,,,,,"",,
418666051,418666053,434,bf68c96c39aaf71a68197c5b2d329b7afc9f0931,c,unknown,1,plain,"",false,,,,,,,,,"",,
418666051,418666054,434,bf68c96c39aaf71a68197c5b2d329b7afc9f0931,c,unknown,1,plain,"",false,,,,,,,,,"",,
418666051,418666055,434,bf68c96c39aaf71a68197c5b2d329b7afc9f0931,c,unknown,4,plain,"",false,,,,,,,,,"",,
418666051,418666056,434,bf68c96c39aaf71a68197c5b2d329b7afc9f0931,c,unknown,1,plain,"",false,,,,,,,,,"",,
418666051,418666057,434,bf68c96c39aaf71a68197c5b2d329b7afc9f0931,c,unknown,4,plain,"",false,,,,,,,,,"",,
418666779,418666780,435,e300ee8b120f841ab8d31ce37734e704473769cb,c,ok,0,plain,"",false,,,,,,,,,"",,
418666779,418666781,435,e300ee8b120f841ab8d31ce37734e704473769cb,c,ok,1,plain,"",false,,,,,,,,,"",,
419130919,419130920,436,d7517f943542f23b63be6823db08dea5d1fd8231,c,ok,1,plain,"",false,,,,,,,,,"",,
419130919,419130921,436,d7517f943542f23b63be6823db08dea5d1fd8231,c,ok,1,plain,"",false,,,,,,,,,"",,
419201510,419201511,437,ed32da01707f024a99fbdc9935b2aa97f3e85cdf,c,ok,1,plain,"",false,,,,,,,,,"",,
419201510,419201512,437,ed32da01707f024a99fbdc9935b2aa97f3e85cdf,c,ok,1,plain,"",false,,,,,,,,,"",,
419360918,419360919,438,0f75dbaa5e2d3d68eb8de77662c013792c504eab,c,broken,1,plain,"",false,,,,,,,,,"",,
419360918,419360920,438,0f75dbaa5e2d3d68eb8de77662c013792c504eab,c,broken,1,plain,"",false,,,,,,,,,"",,
419366157,419366158,439,1f0d958069d3bf43797ce2df2e1d507fb080c6a2,c,ok,1,plain,"",false,,,,,,,,,"",,
419366157,419366159,439,1f0d958069d3bf43797ce2df2e1d507fb080c6a2,c,broken,1,plain,"",false,,,,,,,,,"",,
99168919,99168921,43,d835453d425b40143c6657f93ac98d8f476b9efc,c,unknown,13,plain,"",false,,,,,,,,,"",,
99168919,99168923,43,d835453d425b40143c6657f93ac98d8f476b9efc,c,unknown,117,plain,"",false,,,,,,,,,"",,
419574105,419574107,440,b30f70ab6fa1a0db3da0ff144a0e22692d9e660e,c,ok,1,plain,"",false,,,,,,,,,"",,
419574105,419574109,440,b30f70ab6fa1a0db3da0ff144a0e22692d9e660e,c,ok,1,plain,"",false,,,,,,,,,"",,
422239428,422239429,441,230e6881fd6681cbc69560a59b1ca4839cabb667,c,ok,1,plain,"",false,,,,,,,,,"",,
422239428,422239430,441,230e6881fd6681cbc69560a59b1ca4839cabb667,c,ok,1,plain,"",false,,,,,,,,,"",,
422239865,422239866,442,0f16756f7a1dd4333f30e2862ba91d9052f14e10,c,ok,0,plain,"",false,,,,,,,,,"",,
422239865,422239867,442,0f16756f7a1dd4333f30e2862ba91d9052f14e10,c,ok,1,plain,"",false,,,,,,,,,"",,
422265737,422265738,443,53577c54ce1fe31d250fe176653011045b20035c,c,ok,1,plain,"",false,,,,,,,,,"",,
422265737,422265739,443,53577c54ce1fe31d250fe176653011045b20035c,c,ok,2,plain,"",false,,,,,,,,,"",,
422265786,422265787,444,a112202a99ffb43b10c11425354ae9226e27975c,c,ok,1,plain,"",false,,,,,,,,,"",,
422265786,422265789,444,a112202a99ffb43b10c11425354ae9226e27975c,c,ok,1,plain,"",false,,,,,,,,,"",,
431418742,431418743,445,916ad29bba6bcb664befb040ea5e757e5b1956e4,c,ok,1,plain,"",false,,,,,,,,,"",,
431418742,431418744,445,916ad29bba6bcb664befb040ea5e757e5b1956e4,c,ok,1,plain,"",false,,,,,,,,,"",,
431629356,431629357,446,fae6d7af206857f4089773b54f2a8805ddc48dce,c,ok,1,plain,"",false,,,,,,,,,"",,
431629356,431629358,446,fae6d7af206857f4089773b54f2a8805ddc48dce,c,ok,1,plain,"",false,,,,,,,,,"",,
431647892,431647893,447,6d928e0432e94518157ae0b0d13758dd7496edbf,c,ok,2,plain,"",false,,,,,,,,,"",,
431647892,431647894,447,6d928e0432e94518157ae0b0d13758dd7496edbf,c,ok,1,plain,"",false,,,,,,,,,"",,
431653547,431653548,448,bda4cad62e0d54a6b884cc6fc487b1bf37289657,c,ok,1,plain,"",false,,,,,,,,,"",,
431653547,431653549,448,bda4cad62e0d54a6b884cc6fc487b1bf37289657,c,ok,2,plain,"",false,,,,,,,,,"",,
431691915,431691916,449,67d265a2353fb62a8ab117ac2e2464690a32b204,c,ok,1,plain,"",false,,,,,,,,,"",,
431691915,431691917,449,67d265a2353fb62a8ab117ac2e2464690a32b204,c,ok,0,plain,"",false,,,,,,,,,"",,
99170012,99170013,44,d29650c8b2b2d8b422c363d776da0e946280e718,c,unknown,15,plain,"",false,,,,,,,,,"",,
99170012,99170014,44,d29650c8b2b2d8b422c363d776da0e946280e718,c,unknown,114,plain,"",false,,,,,,,,,"",,
438330301,438330302,450,2832f59908b06bc9422c548908838bd85590421d,c,broken,1,plain,"",false,,,,,,,,,"",,
438330301,438330303,450,2832f59908b06bc9422c548908838bd85590421d,c,broken,1,plain,"",false,,,,,,,,,"",,
438330319,438330320,451,b5c8faf13415a6fc4881f44a19a84aa5c762c4ad,c,broken,0,plain,"",false,,,,,,,,,"",,
438330319,438330321,451,b5c8faf13415a6fc4881f44a19a84aa5c762c4ad,c,broken,0,plain,"",false,,,,,,,,,"",,
441396515,441396516,452,8074170292fe563058b6d0df102ca5603de0784e,c,broken,1,plain,"",false,,,,,,,,,"",,
441396515,441396517,452,8074170292fe563058b6d0df102ca5603de0784e,c,broken,1,plain,"",false,,,,,,,,,"",,
441396824,441396825,453,967bb5fd8e9589d49ab7322237afda7395d2edca,c,broken,0,plain,"",false,,,,,,,,,"",,
441396824,441396826,453,967bb5fd8e9589d49ab7322237afda7395d2edca,c,broken,0,plain,"",false,,,,,,,,,"",,
441406842,441406843,454,7b145d5799dcfd362670a1e5728097fb2304adc7,c,ok,1,plain,"",false,,,,,,,,,"",,
441406842,441406844,454,7b145d5799dcfd362670a1e5728097fb2304adc7,c,ok,1,plain,"",false,,,,,,,,,"",,
441406847,441406848,455,938c853b19bbccdb05779c45a2938448325c98e3,c,ok,0,plain,"",false,,,,,,,,,"",,
441406847,441406849,455,938c853b19bbccdb05779c45a2938448325c98e3,c,ok,0,plain,"",false,,,,,,,,,"",,
441413006,441413007,456,4cc2fa4b530d374528cf578b643c5708b7d0b007,c,ok,1,plain,"",false,,,,,,,,,"",,
441413006,441413008,456,4cc2fa4b530d374528cf578b643c5708b7d0b007,c,ok,1,plain,"",false,,,,,,,,,"",,
441413009,441413010,457,8d47a390bc12b7f50c28049052f05a00543a9d3c,c,ok,0,plain,"",false,,,,,,,,,"",,
441413009,441413011,457,8d47a390bc12b7f50c28049052f05a00543a9d3c,c,ok,0,plain,"",false,,,,,,,,,"",,
442268447,442268448,458,275930689bb0e74023a294ce2bd6652fd3a1ea34,c,unknown,1,plain,"",false,,,,,,,,,"",,
442268447,442268449,458,275930689bb0e74023a294ce2bd6652fd3a1ea34,c,unknown,0,plain,"",false,,,,,,,,,"",,
442575011,442575012,459,719d52db30d4574f3872be1586017038fe738051,c,unknown,1,plain,"",false,,,,,,,,,"",,
442575011,442575013,459,719d52db30d4574f3872be1586017038fe738051,c,unknown,0,plain,"",false,,,,,,,,,"",,
99173973,99173974,45,1cdb2097a9fcc23d493a6b92b1652c8d390b1ad7,c,ok,14,plain,"",false,,,,,,,,,"",,
99173973,99173975,45,1cdb2097a9fcc23d493a6b92b1652c8d390b1ad7,c,unknown,119,plain,"",false,,,,,,,,,"",,
511481361,511481364,460,4f47b1637194dd18dbb35e59113f2c26c8c4ebbf,c,unknown,191,plain,"",false,,,,,,,,,"",,
511481361,511481365,460,4f47b1637194dd18dbb35e59113f2c26c8c4ebbf,c,ok,164,plain,"",false,,,,,,,,,"",,
511481361,511481366,460,4f47b1637194dd18dbb35e59113f2c26c8c4ebbf,c,ok,1,plain,"",false,,,,,,,,,"",,
604866509,604866510,461,59ec59df224d8d031a718c81dc9be907cd27382e,c,unknown,64,plain,"",false,,,,,,,,,"",,
604866509,604866512,461,59ec59df224d8d031a718c81dc9be907cd27382e,c,unknown,73,plain,"",false,,,,,,,,,"",,
604866509,604866514,461,59ec59df224d8d031a718c81dc9be907cd27382e,c,unknown,60,plain,"",false,,,,,,,,,"",,
604866509,604866515,461,59ec59df224d8d031a718c81dc9be907cd27382e,c,ok,39,plain,"",false,,,,,,,,,"",,
604866509,604866516,461,59ec59df224d8d031a718c81dc9be907cd27382e,c,ok,41,plain,"",false,,,,,,,,,"",,
604866509,604866517,461,59ec59df224d8d031a718c81dc9be907cd27382e,c,ok,40,plain,"",false,,,,,,,,,"",,
604866509,604866518,461,59ec59df224d8d031a718c81dc9be907cd27382e,c,broken,1,plain,"",false,,,,,,,,,"",,
605742638,605742639,462,4d6d285cb9cda548eae9d96ad1c4f5eeec28bf05,c,unknown,67,plain,"",false,,,,,,,,,"",,
605742638,605742642,462,4d6d285cb9cda548eae9d96ad1c4f5eeec28bf05,c,unknown,72,plain,"",false,,,,,,,,,"",,
605742638,605742646,462,4d6d285cb9cda548eae9d96ad1c4f5eeec28bf05,c,unknown,64,plain,"",false,,,,,,,,,"",,
605742638,605742647,462,4d6d285cb9cda548eae9d96ad1c4f5eeec28bf05,c,broken,36,plain,"",false,,,,,,,,,"",,
605742638,605742648,462,4d6d285cb9cda548eae9d96ad1c4f5eeec28bf05,c,broken,43,plain,"",false,,,,,,,,,"",,
605742638,605742649,462,4d6d285cb9cda548eae9d96ad1c4f5eeec28bf05,c,broken,44,plain,"",false,,,,,,,,,"",,
605742638,605742650,462,4d6d285cb9cda548eae9d96ad1c4f5eeec28bf05,c,broken,1,plain,"",false,,,,,,,,,"",,
605767925,605767926,463,c6690f3fe07574967e89c395f470b6484a158283,c,unknown,62,plain,"",false,,,,,,,,,"",,
605767925,605767927,463,c6690f3fe07574967e89c395f470b6484a158283,c,unknown,67,plain,"",false,,,,,,,,,"",,
605767925,605767928,463,c6690f3fe07574967e89c395f470b6484a158283,c,unknown,67,plain,"",false,,,,,,,,,"",,
605767925,605767929,463,c6690f3fe07574967e89c395f470b6484a158283,c,ok,34,plain,"",false,,,,,,,,,"",,
605767925,605767930,463,c6690f3fe07574967e89c395f470b6484a158283,c,ok,40,plain,"",false,,,,,,,,,"",,
605767925,605767931,463,c6690f3fe07574967e89c395f470b6484a158283,c,ok,43,plain,"",false,,,,,,,,,"",,
605875468,605875469,464,d6620a53f464fd8e4c455eeaebc020069f409cb2,c,unknown,56,plain,"",false,,,,,,,,,"",,
605875468,605875470,464,d6620a53f464fd8e4c455eeaebc020069f409cb2,c,unknown,73,plain,"",false,,,,,,,,,"",,
605875468,605875471,464,d6620a53f464fd8e4c455eeaebc020069f409cb2,c,unknown,60,plain,"",false,,,,,,,,,"",,
605875468,605875472,464,d6620a53f464fd8e4c455eeaebc020069f409cb2,c,ok,34,plain,"",false,,,,,,,,,"",,
605875468,605875473,464,d6620a53f464fd8e4c455eeaebc020069f409cb2,c,ok,44,plain,"",false,,,,,,,,,"",,
605875468,605875474,464,d6620a53f464fd8e4c455eeaebc020069f409cb2,c,ok,33,plain,"",false,,,,,,,,,"",,
641993034,641993040,465,bb307ce45f55730c4166546053593f99786c3867,c,unknown,64,plain,"",false,,,,,,,,,"",,
641993034,641993041,465,bb307ce45f55730c4166546053593f99786c3867,c,unknown,64,plain,"",false,,,,,,,,,"",,
641993034,641993042,465,bb307ce45f55730c4166546053593f99786c3867,c,unknown,71,plain,"",false,,,,,,,,,"",,
641993034,641993043,465,bb307ce45f55730c4166546053593f99786c3867,c,ok,28,plain,"",false,,,,,,,,,"",,
641993034,641993044,465,bb307ce45f55730c4166546053593f99786c3867,c,ok,35,plain,"",false,,,,,,,,,"",,
641993034,641993045,465,bb307ce45f55730c4166546053593f99786c3867,c,ok,39,plain,"",false,,,,,,,,,"",,
642309190,642309192,466,8dd2a7683fab56871ac8d733dd20a42897743a1f,c,unknown,85,plain,"",false,,,,,,,,,"",,
642309190,642309194,466,8dd2a7683fab56871ac8d733dd20a42897743a1f,c,unknown,91,plain,"",false,,,,,,,,,"",,
642309190,642309195,466,8dd2a7683fab56871ac8d733dd20a42897743a1f,c,unknown,80,plain,"",false,,,,,,,,,"",,
642309190,642309196,466,8dd2a7683fab56871ac8d733dd20a42897743a1f,c,ok,32,plain,"",false,,,,,,,,,"",,
642309190,642309197,466,8dd2a7683fab56871ac8d733dd20a42897743a1f,c,ok,39,plain,"",false,,,,,,,,,"",,
642309190,642309198,466,8dd2a7683fab56871ac8d733dd20a42897743a1f,c,ok,35,plain,"",false,,,,,,,,,"",,
658692137,658692138,467,fb0f5701481edb5610540ef2cf3ee1e8365ffb96,c,unknown,114,plain,"",false,,,,,,,,,"",,
658692137,658692139,467,fb0f5701481edb5610540ef2cf3ee1e8365ffb96,c,unknown,118,plain,"",false,,,,,,,,,"",,
658692137,658692141,467,fb0f5701481edb5610540ef2cf3ee1e8365ffb96,c,unknown,105,plain,"",false,,,,,,,,,"",,
658692137,658692146,467,fb0f5701481edb5610540ef2cf3ee1e8365ffb96,c,ok,33,plain,"",false,,,,,,,,,"",,
658692137,658692147,467,fb0f5701481edb5610540ef2cf3ee1e8365ffb96,c,ok,38,plain,"",false,,,,,,,,,"",,
658692137,658692148,467,fb0f5701481edb5610540ef2cf3ee1e8365ffb96,c,ok,39,plain,"",false,,,,,,,,,"",,
658724803,658724804,468,840d14e5bc2ffd498c49946226a102caea67d404,c,unknown,4,plain,"",false,,,,,,,,,"",,
658724803,658724805,468,840d14e5bc2ffd498c49946226a102caea67d404,c,unknown,4,plain,"",false,,,,,,,,,"",,
658724803,658724806,468,840d14e5bc2ffd498c49946226a102caea67d404,c,unknown,4,plain,"",false,,,,,,,,,"",,
658724803,658724807,468,840d14e5bc2ffd498c49946226a102caea67d404,c,unknown,4,plain,"",false,,,,,,,,,"",,
658724803,658724808,468,840d14e5bc2ffd498c49946226a102caea67d404,c,unknown,4,plain,"",false,,,,,,,,,"",,
658724803,658724809,468,840d14e5bc2ffd498c49946226a102caea67d404,c,unknown,4,plain,"",false,,,,,,,,,"",,
658725060,658725061,469,6a979f513c393c77aec22944c6ebb580ffc6ad9e,c,unknown,108,plain,"",false,,,,,,,,,"",,
658725060,658725062,469,6a979f513c393c77aec22944c6ebb580ffc6ad9e,c,unknown,102,plain,"",false,,,,,,,,,"",,
658725060,658725063,469,6a979f513c393c77aec22944c6ebb580ffc6ad9e,c,unknown,145,plain,"",false,,,,,,,,,"",,
658725060,658725064,469,6a979f513c393c77aec22944c6ebb580ffc6ad9e,c,ok,35,plain,"",false,,,,,,,,,"",,
658725060,658725065,469,6a979f513c393c77aec22944c6ebb580ffc6ad9e,c,ok,46,plain,"",false,,,,,,,,,"",,
658725060,658725066,469,6a979f513c393c77aec22944c6ebb580ffc6ad9e,c,ok,35,plain,"",false,,,,,,,,,"",,
99177603,99177604,46,e04e5146f19a8081953e49a773e5ecadfcc3425f,c,ok,14,plain,"",false,,,,,,,,,"",,
99177603,99177605,46,e04e5146f19a8081953e49a773e5ecadfcc3425f,c,unknown,124,plain,"",false,,,,,,,,,"",,
99177922,99177923,47,c1358ad9f179e046f5f725d617725e98333c24f4,c,ok,15,plain,"",false,,,,,,,,,"",,
99177922,99177924,47,c1358ad9f179e046f5f725d617725e98333c24f4,c,unknown,121,plain,"",false,,,,,,,,,"",,
99180943,99180944,48,e75b00f75fd3a43dbaad305a9c6dc372c53b5ecc,c,ok,16,plain,"",false,,,,,,,,,"",,
99180943,99180945,48,e75b00f75fd3a43dbaad305a9c6dc372c53b5ecc,c,unknown,116,plain,"",false,,,,,,,,,"",,
99181139,99181141,49,96c2e1d7cc8423d8a1149232652ac152ebac216f,c,ok,18,plain,"",false,,,,,,,,,"",,
99181139,99181144,49,96c2e1d7cc8423d8a1149232652ac152ebac216f,c,unknown,105,plain,"",false,,,,,,,,,"",,
98801147,98801148,4,61ed3a6df62837f167af23fd1a6fc5dff59d488b,python,unknown,13,python,"",false,,,,,,,,,"",,
98801147,98801149,4,61ed3a6df62837f167af23fd1a6fc5dff59d488b,python,unknown,2,python,"",false,,,,,,,,,"",,
100869878,100869879,50,e7a23bc15b90ce274e0260ccd28c11fae8311520,c,ok,14,plain,"",false,,,,,,,,,"",,
100869878,100869880,50,e7a23bc15b90ce274e0260ccd28c11fae8311520,c,unknown,117,plain,"",false,,,,,,,,,"",,
100968844,100968845,51,bc6d398039cc402c0ffdab4b3eb0fce5391b2b23,python,ok,51,python,unittest,true,false,29,0,29,0,,,,"",0.9,
101020296,101020300,52,32b908939a33c7b5a14725b5f363734871b12b16,python,ok,42,python,unittest,true,false,29,0,29,0,,,,"",0.89,
101020296,101020303,52,32b908939a33c7b5a14725b5f363734871b12b16,python,broken,39,python,unittest,true,true,26,1,27,0,,,,"",1.06,
101020883,101020887,53,bd6a007263d11e5b7e8ab4bc88687e3cfa05c17b,python,ok,42,python,unittest,true,false,29,0,29,0,,,,"",1.08,
101020883,101020888,53,bd6a007263d11e5b7e8ab4bc88687e3cfa05c17b,python,ok,38,python,unittest,true,false,29,0,29,0,,,,"",0.98,
101035272,101035276,54,8d94c3e01d8dd40097077d8e7c0020537119c8b7,python,ok,44,python,unittest,true,false,29,0,29,0,,,,"",0.92,
101035272,101035281,54,8d94c3e01d8dd40097077d8e7c0020537119c8b7,python,unknown,0,python,"",false,,,,,,,,,"",,
101038162,101038164,55,749a405bccba53f297b3917949539b5b31ceee8d,c,unknown,13,plain,"",false,,,,,,,,,"",,
101038162,101038165,55,749a405bccba53f297b3917949539b5b31ceee8d,c,unknown,118,plain,"",false,,,,,,,,,"",,
101039482,101039483,56,671a61603de3ed04ff32a80953b46027b88aea58,c,unknown,15,plain,"",false,,,,,,,,,"",,
101039482,101039485,56,671a61603de3ed04ff32a80953b46027b88aea58,c,unknown,112,plain,"",false,,,,,,,,,"",,
101039602,101039604,57,2336e60a86bc462391162dbc39640947b95bbea4,c,unknown,12,plain,"",false,,,,,,,,,"",,
101039602,101039606,57,2336e60a86bc462391162dbc39640947b95bbea4,c,unknown,120,plain,"",false,,,,,,,,,"",,
101040314,101040315,58,58bc29ad3b0d381c48a86de958523c5e19d6bcc5,c,unknown,17,plain,"",false,,,,,,,,,"",,
101040314,101040316,58,58bc29ad3b0d381c48a86de958523c5e19d6bcc5,c,unknown,116,plain,"",false,,,,,,,,,"",,
101040655,101040656,59,0ac1520392d65b5456798a617e6589f3edf7280e,c,unknown,15,plain,"",false,,,,,,,,,"",,
101040655,101040657,59,0ac1520392d65b5456798a617e6589f3edf7280e,c,unknown,110,plain,"",false,,,,,,,,,"",,
98802328,98802329,5,0f3bf3b998a49659961eb2f36ba0294a79890858,python,unknown,1,python,"",false,,,,,,,,,"",,
101043916,101043917,60,8f620c069427e3d50d9119a40a5c8ae918471e36,c,unknown,16,plain,"",false,,,,,,,,,"",,
101043916,101043918,60,8f620c069427e3d50d9119a40a5c8ae918471e36,c,unknown,112,plain,"",false,,,,,,,,,"",,
101044305,101044309,61,acb44a91a8cab90d3bf0df7e816fb21247fe4b34,c,ok,40,plain,"",false,,,,,,,,,"",,
101044305,101044310,61,acb44a91a8cab90d3bf0df7e816fb21247fe4b34,c,unknown,148,plain,"",false,,,,,,,,,"",,
101045126,101045128,62,ffec75164dd160b3eb114bf35a848cc0f02cb259,c,ok,46,plain,"",false,,,,,,,,,"",,
101045126,101045129,62,ffec75164dd160b3eb114bf35a848cc0f02cb259,c,unknown,172,plain,"",false,,,,,,,,,"",,
101046608,101046613,63,6950f85c2e363c4b999c0b5c8da18b66c938e66c,c,ok,47,plain,"",false,,,,,,,,,"",,
101046608,101046617,63,6950f85c2e363c4b999c0b5c8da18b66c938e66c,c,unknown,127,plain,"",false,,,,,,,,,"",,
101049033,101049034,64,a7aed94a8b8e33c483a50c756a5bbcdce777584c,c,ok,49,plain,"",false,,,,,,,,,"",,
101049033,101049035,64,a7aed94a8b8e33c483a50c756a5bbcdce777584c,c,unknown,135,plain,"",false,,,,,,,,,"",,
101049033,101049038,64,a7aed94a8b8e33c483a50c756a5bbcdce777584c,c,ok,42,plain,"",false,,,,,,,,,"",,
101049033,101049039,64,a7aed94a8b8e33c483a50c756a5bbcdce777584c,c,unknown,103,plain,"",false,,,,,,,,,"",,
101049673,101049675,65,0b99fe093a9f5b2925761281a935926480f4e262,c,ok,43,plain,"",false,,,,,,,,,"",,
101049673,101049676,65,0b99fe093a9f5b2925761281a935926480f4e262,c,unknown,125,plain,"",false,,,,,,,,,"",,
101050456,101050457,66,bbc95167a1498c2330c0d8088dca5c0e12c4c53e,c,ok,46,plain,"",false,,,,,,,,,"",,
101050456,101050458,66,bbc95167a1498c2330c0d8088dca5c0e12c4c53e,c,unknown,135,plain,"",false,,,,,,,,,"",,
101050456,101050459,66,bbc95167a1498c2330c0d8088dca5c0e12c4c53e,c,ok,41,plain,"",false,,,,,,,,,"",,
101050456,101050460,66,bbc95167a1498c2330c0d8088dca5c0e12c4c53e,c,unknown,102,plain,"",false,,,,,,,,,"",,
101051861,101051862,67,6a191869445021999841dbfdeaa9103b27065f64,c,ok,47,plain,"",false,,,,,,,,,"",,
101051861,101051863,67,6a191869445021999841dbfdeaa9103b27065f64,c,unknown,120,plain,"",false,,,,,,,,,"",,
101053776,101053777,68,b134649a134d2f65c533d3a36a30fe1189771e2d,c,ok,48,plain,"",false,,,,,,,,,"",,
101053776,101053778,68,b134649a134d2f65c533d3a36a30fe1189771e2d,c,unknown,113,plain,"",false,,,,,,,,,"",,
101053776,101053779,68,b134649a134d2f65c533d3a36a30fe1189771e2d,c,ok,41,plain,"",false,,,,,,,,,"",,
101053776,101053780,68,b134649a134d2f65c533d3a36a30fe1189771e2d,c,unknown,104,plain,"",false,,,,,,,,,"",,
101116181,101116182,69,0fea7402c75c516b43c67cf2edaafab8a21afa2b,c,ok,57,plain,"",false,,,,,,,,,"",,
101116181,101116183,69,0fea7402c75c516b43c67cf2edaafab8a21afa2b,c,unknown,116,plain,"",false,,,,,,,,,"",,
101116181,101116187,69,0fea7402c75c516b43c67cf2edaafab8a21afa2b,c,ok,40,plain,"",false,,,,,,,,,"",,
101116181,101116188,69,0fea7402c75c516b43c67cf2edaafab8a21afa2b,c,unknown,109,plain,"",false,,,,,,,,,"",,
98802539,98802540,6,c3d750268ca3f945b214d88993b8bfd28381ad6f,python,unknown,9,python,"",false,,,,,,,,,"",,
101116930,101116932,70,967b0c9a554f6b73edfa05c3413d82eda4718dce,c,ok,46,plain,"",false,,,,,,,,,"",,
101116930,101116935,70,967b0c9a554f6b73edfa05c3413d82eda4718dce,c,unknown,142,plain,"",false,,,,,,,,,"",,
101116930,101116936,70,967b0c9a554f6b73edfa05c3413d82eda4718dce,c,ok,42,plain,"",false,,,,,,,,,"",,
101116930,101116937,70,967b0c9a554f6b73edfa05c3413d82eda4718dce,c,unknown,112,plain,"",false,,,,,,,,,"",,
101117053,101117054,71,bf8d0089a741ab4ccddb9c564b0f70c0bce972f8,c,ok,58,plain,"",false,,,,,,,,,"",,
101117053,101117055,71,bf8d0089a741ab4ccddb9c564b0f70c0bce972f8,c,unknown,118,plain,"",false,,,,,,,,,"",,
101117053,101117056,71,bf8d0089a741ab4ccddb9c564b0f70c0bce972f8,c,ok,41,plain,"",false,,,,,,,,,"",,
101117053,101117057,71,bf8d0089a741ab4ccddb9c564b0f70c0bce972f8,c,unknown,89,plain,"",false,,,,,,,,,"",,
101117061,101117062,72,e3b3a30f82810294738e1dfab696d942eaf29a17,c,ok,54,plain,"",false,,,,,,,,,"",,
101117061,101117063,72,e3b3a30f82810294738e1dfab696d942eaf29a17,c,unknown,106,plain,"",false,,,,,,,,,"",,
101117061,101117064,72,e3b3a30f82810294738e1dfab696d942eaf29a17,c,ok,42,plain,"",false,,,,,,,,,"",,
101117061,101117065,72,e3b3a30f82810294738e1dfab696d942eaf29a17,c,unknown,90,plain,"",false,,,,,,,,,"",,
101118113,101118114,73,895522b804e1c0b63628f831aa9cac12ba55bf9e,c,ok,50,plain,"",false,,,,,,,,,"",,
101118113,101118115,73,895522b804e1c0b63628f831aa9cac12ba55bf9e,c,unknown,106,plain,"",false,,,,,,,,,"",,
101118113,101118116,73,895522b804e1c0b63628f831aa9cac12ba55bf9e,c,ok,37,plain,"",false,,,,,,,,,"",,
101118113,101118117,73,895522b804e1c0b63628f831aa9cac12ba55bf9e,c,unknown,98,plain,"",false,,,,,,,,,"",,
101118120,101118121,74,47cb9406a8908c25c5f9c7eef33a4419c3e61e9b,c,ok,48,plain,"",false,,,,,,,,,"",,
101118120,101118122,74,47cb9406a8908c25c5f9c7eef33a4419c3e61e9b,c,unknown,96,plain,"",false,,,,,,,,,"",,
101118120,101118123,74,47cb9406a8908c25c5f9c7eef33a4419c3e61e9b,c,ok,42,plain,"",false,,,,,,,,,"",,
101118120,101118124,74,47cb9406a8908c25c5f9c7eef33a4419c3e61e9b,c,unknown,77,plain,"",false,,,,,,,,,"",,
101119592,101119593,75,d628e5609952eb0a8d914d6100bd8e0bed454c9e,c,unknown,8,plain,"",false,,,,,,,,,"",,
101119592,101119594,75,d628e5609952eb0a8d914d6100bd8e0bed454c9e,c,unknown,68,plain,"",false,,,,,,,,,"",,
101119592,101119595,75,d628e5609952eb0a8d914d6100bd8e0bed454c9e,c,unknown,8,plain,"",false,,,,,,,,,"",,
101119592,101119596,75,d628e5609952eb0a8d914d6100bd8e0bed454c9e,c,unknown,50,plain,"",false,,,,,,,,,"",,
101119597,101119598,76,b420f05bdb2da4d4d7fca2699f3c40afe8aeb774,c,unknown,8,plain,"",false,,,,,,,,,"",,
101119597,101119601,76,b420f05bdb2da4d4d7fca2699f3c40afe8aeb774,c,unknown,58,plain,"",false,,,,,,,,,"",,
101119597,101119602,76,b420f05bdb2da4d4d7fca2699f3c40afe8aeb774,c,unknown,8,plain,"",false,,,,,,,,,"",,
101119597,101119603,76,b420f05bdb2da4d4d7fca2699f3c40afe8aeb774,c,unknown,45,plain,"",false,,,,,,,,,"",,
101120843,101120844,77,0654b273f5d4079d4f65d48fade9fd88898c22a0,c,ok,50,plain,"",false,,,,,,,,,"",,
101120843,101120845,77,0654b273f5d4079d4f65d48fade9fd88898c22a0,c,unknown,59,plain,"",false,,,,,,,,,"",,
101120843,101120846,77,0654b273f5d4079d4f65d48fade9fd88898c22a0,c,ok,44,plain,"",false,,,,,,,,,"",,
101120843,101120847,77,0654b273f5d4079d4f65d48fade9fd88898c22a0,c,unknown,48,plain,"",false,,,,,,,,,"",,
101120850,101120851,78,b5e8d96c1e25cfda9d02a55265257257d3965112,c,ok,46,plain,"",false,,,,,,,,,"",,
101120850,101120852,78,b5e8d96c1e25cfda9d02a55265257257d3965112,c,unknown,52,plain,"",false,,,,,,,,,"",,
101120850,101120853,78,b5e8d96c1e25cfda9d02a55265257257d3965112,c,ok,40,plain,"",false,,,,,,,,,"",,
101120850,101120854,78,b5e8d96c1e25cfda9d02a55265257257d3965112,c,unknown,45,plain,"",false,,,,,,,,,"",,
101557819,101557822,79,56c15ce687d83b0ade94a37a848c539cc46a6fce,c,ok,50,plain,"",false,,,,,,,,,"",,
101557819,101557823,79,56c15ce687d83b0ade94a37a848c539cc46a6fce,c,unknown,56,plain,"",false,,,,,,,,,"",,
101557819,101557824,79,56c15ce687d83b0ade94a37a848c539cc46a6fce,c,ok,45,plain,"",false,,,,,,,,,"",,
101557819,101557825,79,56c15ce687d83b0ade94a37a848c539cc46a6fce,c,unknown,37,plain,"",false,,,,,,,,,"",,
98803037,98803038,7,3fe8a31047073275ee499ec265a7e4e0edf8df1a,python,unknown,9,python,"",false,,,,,,,,,"",,
101557828,101557829,80,ac217a88125222ac0e4fdbaed50a077ccf64837a,c,ok,47,plain,"",false,,,,,,,,,"",,
101557828,101557830,80,ac217a88125222ac0e4fdbaed50a077ccf64837a,c,unknown,46,plain,"",false,,,,,,,,,"",,
101557828,101557831,80,ac217a88125222ac0e4fdbaed50a077ccf64837a,c,ok,42,plain,"",false,,,,,,,,,"",,
101557828,101557832,80,ac217a88125222ac0e4fdbaed50a077ccf64837a,c,unknown,38,plain,"",false,,,,,,,,,"",,
101558022,101558023,81,7b05ae285cc244c2495f0e2c3eca2de3d7416867,c,ok,43,plain,"",false,,,,,,,,,"",,
101558022,101558024,81,7b05ae285cc244c2495f0e2c3eca2de3d7416867,c,unknown,52,plain,"",false,,,,,,,,,"",,
101558022,101558025,81,7b05ae285cc244c2495f0e2c3eca2de3d7416867,c,ok,39,plain,"",false,,,,,,,,,"",,
101558022,101558026,81,7b05ae285cc244c2495f0e2c3eca2de3d7416867,c,unknown,41,plain,"",false,,,,,,,,,"",,
101558036,101558041,82,11593f0bc79e608d2bc6e054551b7b35cf735e7b,c,ok,48,plain,"",false,,,,,,,,,"",,
101558036,101558045,82,11593f0bc79e608d2bc6e054551b7b35cf735e7b,c,unknown,44,plain,"",false,,,,,,,,,"",,
101558036,101558055,82,11593f0bc79e608d2bc6e054551b7b35cf735e7b,c,ok,42,plain,"",false,,,,,,,,,"",,
101558036,101558058,82,11593f0bc79e608d2bc6e054551b7b35cf735e7b,c,unknown,38,plain,"",false,,,,,,,,,"",,
101566630,101566631,83,fec5f984131005d0287ea31c8d5bd5e866fc5a87,c,ok,50,plain,"",false,,,,,,,,,"",,
101566630,101566632,83,fec5f984131005d0287ea31c8d5bd5e866fc5a87,c,unknown,57,plain,"",false,,,,,,,,,"",,
101566630,101566633,83,fec5f984131005d0287ea31c8d5bd5e866fc5a87,c,ok,41,plain,"",false,,,,,,,,,"",,
101566630,101566634,83,fec5f984131005d0287ea31c8d5bd5e866fc5a87,c,unknown,39,plain,"",false,,,,,,,,,"",,
101566652,101566660,84,954246c764bb801b6f132d827038795f6f053a6b,c,ok,48,plain,"",false,,,,,,,,,"",,
101566652,101566672,84,954246c764bb801b6f132d827038795f6f053a6b,c,unknown,58,plain,"",false,,,,,,,,,"",,
101566652,101566695,84,954246c764bb801b6f132d827038795f6f053a6b,c,ok,44,plain,"",false,,,,,,,,,"",,
101566652,101566703,84,954246c764bb801b6f132d827038795f6f053a6b,c,unknown,45,plain,"",false,,,,,,,,,"",,
101568197,101568198,85,fb3d42d2be6d5da44751d1beeb9b9f167a5229a1,c,ok,47,plain,"",false,,,,,,,,,"",,
101568197,101568200,85,fb3d42d2be6d5da44751d1beeb9b9f167a5229a1,c,unknown,48,plain,"",false,,,,,,,,,"",,
101568197,101568202,85,fb3d42d2be6d5da44751d1beeb9b9f167a5229a1,c,ok,41,plain,"",false,,,,,,,,,"",,
101568197,101568203,85,fb3d42d2be6d5da44751d1beeb9b9f167a5229a1,c,unknown,47,plain,"",false,,,,,,,,,"",,
101568206,101568207,86,ad316f9306964a607136a6af8c2ee0930a95a4a8,c,ok,47,plain,"",false,,,,,,,,,"",,
101568206,101568208,86,ad316f9306964a607136a6af8c2ee0930a95a4a8,c,unknown,63,plain,"",false,,,,,,,,,"",,
101568206,101568209,86,ad316f9306964a607136a6af8c2ee0930a95a4a8,c,ok,41,plain,"",false,,,,,,,,,"",,
101568206,101568210,86,ad316f9306964a607136a6af8c2ee0930a95a4a8,c,unknown,41,plain,"",false,,,,,,,,,"",,
101568387,101568388,87,6afd222ade0f4161952d8e4ff477bc917da03554,c,ok,45,plain,"",false,,,,,,,,,"",,
101568387,101568389,87,6afd222ade0f4161952d8e4ff477bc917da03554,c,unknown,56,plain,"",false,,,,,,,,,"",,
101568387,101568390,87,6afd222ade0f4161952d8e4ff477bc917da03554,c,ok,43,plain,"",false,,,,,,,,,"",,
101568387,101568391,87,6afd222ade0f4161952d8e4ff477bc917da03554,c,unknown,40,plain,"",false,,,,,,,,,"",,
101568393,101568395,88,fed8ee846f7377e446e3f4c6fade7ab79ff9904a,c,ok,46,plain,"",false,,,,,,,,,"",,
101568393,101568402,88,fed8ee846f7377e446e3f4c6fade7ab79ff9904a,c,unknown,51,plain,"",false,,,,,,,,,"",,
101568393,101568409,88,fed8ee846f7377e446e3f4c6fade7ab79ff9904a,c,ok,39,plain,"",false,,,,,,,,,"",,
101568393,101568411,88,fed8ee846f7377e446e3f4c6fade7ab79ff9904a,c,unknown,37,plain,"",false,,,,,,,,,"",,
101568849,101568850,89,bb6069477e4defc1ee2b9ada20398c1f3fcedcfa,c,ok,45,plain,"",false,,,,,,,,,"",,
101568849,101568851,89,bb6069477e4defc1ee2b9ada20398c1f3fcedcfa,c,unknown,50,plain,"",false,,,,,,,,,"",,
101568849,101568852,89,bb6069477e4defc1ee2b9ada20398c1f3fcedcfa,c,ok,44,plain,"",false,,,,,,,,,"",,
101568849,101568853,89,bb6069477e4defc1ee2b9ada20398c1f3fcedcfa,c,unknown,39,plain,"",false,,,,,,,,,"",,
98803213,98803214,8,c738fa797fa41723d3fd6916d0f0199c23955b99,python,unknown,2,python,"",false,,,,,,,,,"",,
101568854,101568855,90,5e4c1e2f618c098601e43e6322c6b174f0c7b711,c,ok,50,plain,"",false,,,,,,,,,"",,
101568854,101568856,90,5e4c1e2f618c098601e43e6322c6b174f0c7b711,c,unknown,48,plain,"",false,,,,,,,,,"",,
101568854,101568857,90,5e4c1e2f618c098601e43e6322c6b174f0c7b711,c,ok,43,plain,"",false,,,,,,,,,"",,
101568854,101568858,90,5e4c1e2f618c098601e43e6322c6b174f0c7b711,c,unknown,49,plain,"",false,,,,,,,,,"",,
101568947,101568948,91,a2f4ed52a0a30152480f448f5ab6e6d3ecf62688,c,ok,50,plain,"",false,,,,,,,,,"",,
101568947,101568949,91,a2f4ed52a0a30152480f448f5ab6e6d3ecf62688,c,unknown,51,plain,"",false,,,,,,,,,"",,
101568947,101568953,91,a2f4ed52a0a30152480f448f5ab6e6d3ecf62688,c,ok,42,plain,"",false,,,,,,,,,"",,
101568947,101568955,91,a2f4ed52a0a30152480f448f5ab6e6d3ecf62688,c,unknown,40,plain,"",false,,,,,,,,,"",,
101568958,101568960,92,76f12166c0772ca2d671c0a99e2d0151589c49f9,c,ok,50,plain,"",false,,,,,,,,,"",,
101568958,101568961,92,76f12166c0772ca2d671c0a99e2d0151589c49f9,c,unknown,50,plain,"",false,,,,,,,,,"",,
101568958,101568964,92,76f12166c0772ca2d671c0a99e2d0151589c49f9,c,ok,47,plain,"",false,,,,,,,,,"",,
101568958,101568965,92,76f12166c0772ca2d671c0a99e2d0151589c49f9,c,unknown,37,plain,"",false,,,,,,,,,"",,
101570047,101570048,93,2a40a1d9a2cb2e3aaedfa2e88c43806cb96ae1f1,c,ok,49,plain,"",false,,,,,,,,,"",,
101570047,101570049,93,2a40a1d9a2cb2e3aaedfa2e88c43806cb96ae1f1,c,unknown,52,plain,"",false,,,,,,,,,"",,
101570047,101570050,93,2a40a1d9a2cb2e3aaedfa2e88c43806cb96ae1f1,c,ok,45,plain,"",false,,,,,,,,,"",,
101570047,101570051,93,2a40a1d9a2cb2e3aaedfa2e88c43806cb96ae1f1,c,unknown,40,plain,"",false,,,,,,,,,"",,
101570090,101570094,94,92b2ccb3056c9dac4f9e1ddc2eb0bbd1facaead8,c,ok,49,plain,"",false,,,,,,,,,"",,
101570090,101570097,94,92b2ccb3056c9dac4f9e1ddc2eb0bbd1facaead8,c,unknown,47,plain,"",false,,,,,,,,,"",,
101570090,101570119,94,92b2ccb3056c9dac4f9e1ddc2eb0bbd1facaead8,c,ok,43,plain,"",false,,,,,,,,,"",,
101570090,101570145,94,92b2ccb3056c9dac4f9e1ddc2eb0bbd1facaead8,c,unknown,37,plain,"",false,,,,,,,,,"",,
101580797,101580798,95,f064ff9e97326024f2f5e658f5228566e5858b0e,c,ok,49,plain,"",false,,,,,,,,,"",,
101580797,101580799,95,f064ff9e97326024f2f5e658f5228566e5858b0e,c,unknown,53,plain,"",false,,,,,,,,,"",,
101580797,101580800,95,f064ff9e97326024f2f5e658f5228566e5858b0e,c,ok,41,plain,"",false,,,,,,,,,"",,
101580797,101580802,95,f064ff9e97326024f2f5e658f5228566e5858b0e,c,unknown,42,plain,"",false,,,,,,,,,"",,
101580808,101580809,96,b5693b105277f45e493b25bf84a4c360424f0cc9,c,ok,46,plain,"",false,,,,,,,,,"",,
101580808,101580810,96,b5693b105277f45e493b25bf84a4c360424f0cc9,c,unknown,45,plain,"",false,,,,,,,,,"",,
101580808,101580811,96,b5693b105277f45e493b25bf84a4c360424f0cc9,c,ok,42,plain,"",false,,,,,,,,,"",,
101580808,101580812,96,b5693b105277f45e493b25bf84a4c360424f0cc9,c,unknown,36,plain,"",false,,,,,,,,,"",,
101581851,101581852,97,96d342e03c67b36d67e5f2552e36203243662262,c,ok,48,plain,"",false,,,,,,,,,"",,
101581851,101581853,97,96d342e03c67b36d67e5f2552e36203243662262,c,unknown,53,plain,"",false,,,,,,,,,"",,
101581851,101581854,97,96d342e03c67b36d67e5f2552e36203243662262,c,ok,43,plain,"",false,,,,,,,,,"",,
101581851,101581855,97,96d342e03c67b36d67e5f2552e36203243662262,c,unknown,43,plain,"",false,,,,,,,,,"",,
101581857,101581859,98,1a78b6645b0a5b488ce327debbb3647d1622eea1,c,ok,50,plain,"",false,,,,,,,,,"",,
101581857,101581861,98,1a78b6645b0a5b488ce327debbb3647d1622eea1,c,unknown,50,plain,"",false,,,,,,,,,"",,
101581857,101581864,98,1a78b6645b0a5b488ce327debbb3647d1622eea1,c,ok,43,plain,"",false,,,,,,,,,"",,
101581857,101581867,98,1a78b6645b0a5b488ce327debbb3647d1622eea1,c,unknown,41,plain,"",false,,,,,,,,,"",,
101582236,101582237,99,7933be16099a5496edb901dd34bf3eb46e8922de,c,ok,49,plain,"",false,,,,,,,,,"",,
101582236,101582238,99,7933be16099a5496edb901dd34bf3eb46e8922de,c,unknown,52,plain,"",false,,,,,,,,,"",,
101582236,101582243,99,7933be16099a5496edb901dd34bf3eb46e8922de,c,ok,43,plain,"",false,,,,,,,,,"",,
101582236,101582244,99,7933be16099a5496edb901dd34bf3eb46e8922de,c,unknown,39,plain,"",false,,,,,,,,,"",,
98803462,98803463,9,c6c525b4a57b4d47efb0cd61482e760ee828ed5e,python,unknown,17,python,"",false,,,,,,,,,"",,
