tr_build_id,tr_job_id,tr_build_number,tr_original_commit,tr_log_lan,tr_log_status,tr_log_setup_time,tr_log_analyzer,tr_log_frameworks,tr_log_bool_tests_ran,tr_log_bool_tests_failed,tr_log_num_tests_ok,tr_log_num_tests_failed,tr_log_num_tests_run,tr_log_num_tests_skipped,tr_log_num_test_suites_run,tr_log_num_test_suites_ok,tr_log_num_test_suites_failed,tr_log_tests_failed,tr_log_testduration,tr_log_buildduration
653858050,653858051,2226,d3e9d768e4501af478aa81980e393f779b26bfb0,python,ok,24,python,"",false,,,,,,,,,"",,
653858050,653858052,2226,d3e9d768e4501af478aa81980e393f779b26bfb0,python,ok,21,python,"",false,,,,,,,,,"",,
653858050,653858053,2226,d3e9d768e4501af478aa81980e393f779b26bfb0,python,broken,22,python,"",false,,,,,,,,,"",,
654652576,654652577,2233,3d2b55651f6d05db48713206477dbd0af4fd2890,python,broken,23,python,pytest,true,false,119,0,119,0,,,,"",91.17,
654652576,654652578,2233,3d2b55651f6d05db48713206477dbd0af4fd2890,python,broken,24,python,pytest,true,false,119,0,119,0,,,,"",92.49,
656010836,656010839,2234,0fe4782a86a837576f4fbc214e823a41b970c36f,python,ok,25,python,"",false,,,,,,,,,"",,
656010836,656010840,2234,0fe4782a86a837576f4fbc214e823a41b970c36f,python,ok,21,python,"",false,,,,,,,,,"",,
656299517,656299518,2235,e76c1f7bc1ef9f3e13d3484ed484fac8f35965e8,python,ok,24,python,"",false,,,,,,,,,"",,
656299517,656299519,2235,e76c1f7bc1ef9f3e13d3484ed484fac8f35965e8,python,ok,23,python,"",false,,,,,,,,,"",,
656417031,656417032,2236,b82e2ddc02dcadc00cd5a3ee0f195c85f9b5e5e5,python,broken,24,python,"",false,,,,,,,,,"",,
656417031,656417033,2236,b82e2ddc02dcadc00cd5a3ee0f195c85f9b5e5e5,python,broken,23,python,"",false,,,,,,,,,"",,
656421613,656421614,2237,d67ceb8c9128b6922eb7ab96f4d73d1ae5fb38a0,python,ok,25,python,"",false,,,,,,,,,"",,
656421613,656421615,2237,d67ceb8c9128b6922eb7ab96f4d73d1ae5fb38a0,python,ok,24,python,"",false,,,,,,,,,"",,
656424690,656424691,2238,3438cf94cfb9def8832cdda3aa4ef4c214d7d335,python,broken,23,python,pytest,true,true,118,1,119,0,,,,TestBoto3Cache.test_session_no_profile,97.97,
656424690,656424692,2238,3438cf94cfb9def8832cdda3aa4ef4c214d7d335,python,broken,22,python,pytest,true,true,118,1,119,0,,,,TestBoto3Cache.test_session_no_profile,91.75,
656430843,656430844,2239,e20d95ae41fcd4016e1856c520b7194045c5a346,python,ok,26,python,"",false,,,,,,,,,"",,
656430843,656430845,2239,e20d95ae41fcd4016e1856c520b7194045c5a346,python,ok,23,python,"",false,,,,,,,,,"",,
656430843,656430846,2239,e20d95ae41fcd4016e1856c520b7194045c5a346,python,ok,23,python,"",false,,,,,,,,,"",,
656430843,656430847,2239,e20d95ae41fcd4016e1856c520b7194045c5a346,python,ok,24,python,"",false,,,,,,,,,"",,
656430843,656430848,2239,e20d95ae41fcd4016e1856c520b7194045c5a346,python,ok,26,python,"",false,,,,,,,,,"",,
656432449,656432450,2240,7e98ce393d1ead5f304b25a85b5239e53577a52d,python,ok,24,python,"",false,,,,,,,,,"",,
656432449,656432451,2240,7e98ce393d1ead5f304b25a85b5239e53577a52d,python,ok,22,python,"",false,,,,,,,,,"",,
656463558,656463559,2241,ce2ab64d2faa09aae8d719b25e72ce20d9740f97,python,ok,24,python,"",false,,,,,,,,,"",,
656463558,656463560,2241,ce2ab64d2faa09aae8d719b25e72ce20d9740f97,python,ok,23,python,"",false,,,,,,,,,"",,
657410682,657410683,2242,12404ddba864cd949b95cc2857bf224bfcc9ffa2,python,ok,25,python,"",false,,,,,,,,,"",,
657410682,657410684,2242,12404ddba864cd949b95cc2857bf224bfcc9ffa2,python,ok,24,python,"",false,,,,,,,,,"",,
657410682,657410685,2242,12404ddba864cd949b95cc2857bf224bfcc9ffa2,python,ok,23,python,"",false,,,,,,,,,"",,
657410682,657410686,2242,12404ddba864cd949b95cc2857bf224bfcc9ffa2,python,ok,24,python,"",false,,,,,,,,,"",,
657410682,657410687,2242,12404ddba864cd949b95cc2857bf224bfcc9ffa2,python,ok,23,python,"",false,,,,,,,,,"",,
657412628,657412629,2243,1b6badf907a46c6bf1b703b298a5f9c1515709a4,python,ok,22,python,"",false,,,,,,,,,"",,
657412628,657412630,2243,1b6badf907a46c6bf1b703b298a5f9c1515709a4,python,ok,25,python,"",false,,,,,,,,,"",,
657418945,657418947,2244,b252b9f16650a16345de5097131770f760057ead,python,ok,23,python,"",false,,,,,,,,,"",,
657418945,657418948,2244,b252b9f16650a16345de5097131770f760057ead,python,ok,23,python,"",false,,,,,,,,,"",,
657449148,657449149,2245,836f852e89076e86fff901a681c28e3db2bd78d4,python,ok,23,python,"",false,,,,,,,,,"",,
657449148,657449150,2245,836f852e89076e86fff901a681c28e3db2bd78d4,python,ok,22,python,"",false,,,,,,,,,"",,
657449148,657449151,2245,836f852e89076e86fff901a681c28e3db2bd78d4,python,ok,23,python,"",false,,,,,,,,,"",,
657449148,657449152,2245,836f852e89076e86fff901a681c28e3db2bd78d4,python,ok,25,python,"",false,,,,,,,,,"",,
657449148,657449153,2245,836f852e89076e86fff901a681c28e3db2bd78d4,python,ok,24,python,"",false,,,,,,,,,"",,
657450847,657450848,2246,2f44050ea72baca6a993cc8dc34054aeec139095,python,ok,25,python,"",false,,,,,,,,,"",,
657450847,657450849,2246,2f44050ea72baca6a993cc8dc34054aeec139095,python,ok,24,python,"",false,,,,,,,,,"",,
657484347,657484348,2247,74c20633c0221c031b09a2c20b2cc7cf72df206a,python,broken,24,python,"",false,,,,,,,,,"",,
657484347,657484349,2247,74c20633c0221c031b09a2c20b2cc7cf72df206a,python,broken,21,python,"",false,,,,,,,,,"",,
657484347,657484350,2247,74c20633c0221c031b09a2c20b2cc7cf72df206a,python,broken,23,python,"",false,,,,,,,,,"",,
657507108,657507109,2248,7854a7ea80f57be82d1f8212039e3aa2fb6d06b4,python,ok,23,python,"",false,,,,,,,,,"",,
657507108,657507110,2248,7854a7ea80f57be82d1f8212039e3aa2fb6d06b4,python,ok,21,python,"",false,,,,,,,,,"",,
657507108,657507111,2248,7854a7ea80f57be82d1f8212039e3aa2fb6d06b4,python,ok,21,python,"",false,,,,,,,,,"",,
657583261,657583262,2249,0a3b574d655482a1acce4ab343ca357dc1a74ff1,python,ok,23,python,"",false,,,,,,,,,"",,
657583261,657583263,2249,0a3b574d655482a1acce4ab343ca357dc1a74ff1,python,ok,22,python,"",false,,,,,,,,,"",,
657583261,657583264,2249,0a3b574d655482a1acce4ab343ca357dc1a74ff1,python,ok,22,python,"",false,,,,,,,,,"",,
657583261,657583265,2249,0a3b574d655482a1acce4ab343ca357dc1a74ff1,python,ok,23,python,"",false,,,,,,,,,"",,
657583261,657583266,2249,0a3b574d655482a1acce4ab343ca357dc1a74ff1,python,ok,24,python,"",false,,,,,,,,,"",,
657583261,657583267,2249,0a3b574d655482a1acce4ab343ca357dc1a74ff1,python,ok,25,python,"",false,,,,,,,,,"",,
657584266,657584267,2250,72f596028c6987fe788054ab592246d058bd0991,python,ok,24,python,"",false,,,,,,,,,"",,
657584266,657584268,2250,72f596028c6987fe788054ab592246d058bd0991,python,ok,22,python,"",false,,,,,,,,,"",,
657584266,657584269,2250,72f596028c6987fe788054ab592246d058bd0991,python,ok,21,python,"",false,,,,,,,,,"",,
657917195,657917196,2251,fd9e083cc9dbff0f42ce431603be77ea11bb5d1a,python,ok,25,python,"",false,,,,,,,,,"",,
657917195,657917197,2251,fd9e083cc9dbff0f42ce431603be77ea11bb5d1a,python,ok,24,python,"",false,,,,,,,,,"",,
657917195,657917198,2251,fd9e083cc9dbff0f42ce431603be77ea11bb5d1a,python,ok,23,python,"",false,,,,,,,,,"",,
657922366,657922367,2252,3384f566a7760a93ee2a93610846a31956cd7e5f,python,ok,25,python,"",false,,,,,,,,,"",,
657922366,657922368,2252,3384f566a7760a93ee2a93610846a31956cd7e5f,python,ok,25,python,"",false,,,,,,,,,"",,
657922366,657922369,2252,3384f566a7760a93ee2a93610846a31956cd7e5f,python,ok,23,python,"",false,,,,,,,,,"",,
657922366,657922370,2252,3384f566a7760a93ee2a93610846a31956cd7e5f,python,ok,27,python,"",false,,,,,,,,,"",,
657922366,657922371,2252,3384f566a7760a93ee2a93610846a31956cd7e5f,python,ok,24,python,"",false,,,,,,,,,"",,
657922366,657922372,2252,3384f566a7760a93ee2a93610846a31956cd7e5f,python,ok,25,python,"",false,,,,,,,,,"",,
657924103,657924104,2253,62350f3e91bbb7a39bb82cea93c7c7d962c273c1,python,ok,22,python,"",false,,,,,,,,,"",,
657924103,657924105,2253,62350f3e91bbb7a39bb82cea93c7c7d962c273c1,python,ok,21,python,"",false,,,,,,,,,"",,
657924103,657924106,2253,62350f3e91bbb7a39bb82cea93c7c7d962c273c1,python,ok,20,python,"",false,,,,,,,,,"",,
658010626,658010627,2254,5bebc93115314ce2db25fad035dff4cef286f372,python,ok,23,python,"",false,,,,,,,,,"",,
658010626,658010628,2254,5bebc93115314ce2db25fad035dff4cef286f372,python,ok,24,python,"",false,,,,,,,,,"",,
658010626,658010629,2254,5bebc93115314ce2db25fad035dff4cef286f372,python,ok,22,python,"",false,,,,,,,,,"",,
660209382,660209383,2255,acb67334584928bee3632036981604b1ce35d7c7,python,ok,24,python,"",false,,,,,,,,,"",,
660209382,660209384,2255,acb67334584928bee3632036981604b1ce35d7c7,python,ok,21,python,"",false,,,,,,,,,"",,
660209382,660209385,2255,acb67334584928bee3632036981604b1ce35d7c7,python,ok,22,python,"",false,,,,,,,,,"",,
660355648,660355650,2256,906783c5612c127dea90ab2e8354c4dd800663ed,python,ok,24,python,"",false,,,,,,,,,"",,
660355648,660355651,2256,906783c5612c127dea90ab2e8354c4dd800663ed,python,ok,23,python,"",false,,,,,,,,,"",,
660355648,660355653,2256,906783c5612c127dea90ab2e8354c4dd800663ed,python,ok,28,python,"",false,,,,,,,,,"",,
660392053,660392054,2257,7c4769c998b2597b045c66413e4b72492d272f12,python,ok,23,python,"",false,,,,,,,,,"",,
660392053,660392055,2257,7c4769c998b2597b045c66413e4b72492d272f12,python,ok,22,python,"",false,,,,,,,,,"",,
660392053,660392056,2257,7c4769c998b2597b045c66413e4b72492d272f12,python,ok,21,python,"",false,,,,,,,,,"",,
660392053,660392057,2257,7c4769c998b2597b045c66413e4b72492d272f12,python,ok,26,python,"",false,,,,,,,,,"",,
660392053,660392058,2257,7c4769c998b2597b045c66413e4b72492d272f12,python,ok,23,python,"",false,,,,,,,,,"",,
660392053,660392059,2257,7c4769c998b2597b045c66413e4b72492d272f12,python,ok,25,python,"",false,,,,,,,,,"",,
660392464,660392465,2258,6890f016de09c138a4fe7e4791d56896814ff9f7,python,ok,25,python,"",false,,,,,,,,,"",,
660392464,660392466,2258,6890f016de09c138a4fe7e4791d56896814ff9f7,python,ok,22,python,"",false,,,,,,,,,"",,
660392464,660392467,2258,6890f016de09c138a4fe7e4791d56896814ff9f7,python,ok,25,python,"",false,,,,,,,,,"",,
660392464,660392468,2258,6890f016de09c138a4fe7e4791d56896814ff9f7,python,ok,23,python,"",false,,,,,,,,,"",,
660392464,660392469,2258,6890f016de09c138a4fe7e4791d56896814ff9f7,python,ok,23,python,"",false,,,,,,,,,"",,
660392464,660392470,2258,6890f016de09c138a4fe7e4791d56896814ff9f7,python,ok,24,python,"",false,,,,,,,,,"",,
660393766,660393767,2259,d1ef2cba6624991235d73db05ffbea0282cf8fd3,python,ok,25,python,"",false,,,,,,,,,"",,
660393766,660393768,2259,d1ef2cba6624991235d73db05ffbea0282cf8fd3,python,ok,23,python,"",false,,,,,,,,,"",,
660393766,660393769,2259,d1ef2cba6624991235d73db05ffbea0282cf8fd3,python,ok,22,python,"",false,,,,,,,,,"",,
660394712,660394713,2260,c08620fa116a9fa095cb72e9f974dded49714ec8,python,ok,23,python,"",false,,,,,,,,,"",,
660394712,660394714,2260,c08620fa116a9fa095cb72e9f974dded49714ec8,python,ok,22,python,"",false,,,,,,,,,"",,
660394712,660394715,2260,c08620fa116a9fa095cb72e9f974dded49714ec8,python,ok,23,python,"",false,,,,,,,,,"",,
660399810,660399811,2261,3bb232a987e669a9fcf89e7c955ad7a622bcf9cb,python,ok,25,python,"",false,,,,,,,,,"",,
660399810,660399812,2261,3bb232a987e669a9fcf89e7c955ad7a622bcf9cb,python,ok,22,python,"",false,,,,,,,,,"",,
660399810,660399813,2261,3bb232a987e669a9fcf89e7c955ad7a622bcf9cb,python,ok,22,python,"",false,,,,,,,,,"",,
660399810,660399814,2261,3bb232a987e669a9fcf89e7c955ad7a622bcf9cb,python,ok,24,python,"",false,,,,,,,,,"",,
660399810,660399815,2261,3bb232a987e669a9fcf89e7c955ad7a622bcf9cb,python,ok,25,python,"",false,,,,,,,,,"",,
660399810,660399816,2261,3bb232a987e669a9fcf89e7c955ad7a622bcf9cb,python,ok,23,python,"",false,,,,,,,,,"",,
660401219,660401220,2262,b9a32c74417755d0a1b090c6f46be56e0e426c20,python,ok,25,python,"",false,,,,,,,,,"",,
660401219,660401221,2262,b9a32c74417755d0a1b090c6f46be56e0e426c20,python,ok,21,python,"",false,,,,,,,,,"",,
660401219,660401222,2262,b9a32c74417755d0a1b090c6f46be56e0e426c20,python,ok,22,python,"",false,,,,,,,,,"",,
660664179,660664180,2263,f70d8bf5b6f4253a482851f62fc1c9b59fd649cb,python,ok,25,python,"",false,,,,,,,,,"",,
660664179,660664181,2263,f70d8bf5b6f4253a482851f62fc1c9b59fd649cb,python,ok,23,python,"",false,,,,,,,,,"",,
660664179,660664182,2263,f70d8bf5b6f4253a482851f62fc1c9b59fd649cb,python,ok,22,python,"",false,,,,,,,,,"",,
660664179,660664183,2263,f70d8bf5b6f4253a482851f62fc1c9b59fd649cb,python,ok,23,python,"",false,,,,,,,,,"",,
660664179,660664184,2263,f70d8bf5b6f4253a482851f62fc1c9b59fd649cb,python,ok,23,python,"",false,,,,,,,,,"",,
660747340,660747341,2264,dfa54babfba0a7f50426cacf55c358e0cbab2b64,python,ok,24,python,"",false,,,,,,,,,"",,
660747340,660747342,2264,dfa54babfba0a7f50426cacf55c358e0cbab2b64,python,ok,21,python,"",false,,,,,,,,,"",,
660747340,660747343,2264,dfa54babfba0a7f50426cacf55c358e0cbab2b64,python,ok,25,python,"",false,,,,,,,,,"",,
660783669,660783670,2265,2a245d91769fb0253d3a9aaf626e798e27a8b5b9,python,ok,24,python,"",false,,,,,,,,,"",,
660783669,660783671,2265,2a245d91769fb0253d3a9aaf626e798e27a8b5b9,python,ok,22,python,"",false,,,,,,,,,"",,
660783669,660783672,2265,2a245d91769fb0253d3a9aaf626e798e27a8b5b9,python,ok,24,python,"",false,,,,,,,,,"",,
660785322,660785323,2266,cee02e9193a1f981a6615c387b09b2966d615fac,python,ok,23,python,"",false,,,,,,,,,"",,
660785322,660785324,2266,cee02e9193a1f981a6615c387b09b2966d615fac,python,ok,21,python,"",false,,,,,,,,,"",,
660785322,660785325,2266,cee02e9193a1f981a6615c387b09b2966d615fac,python,ok,22,python,"",false,,,,,,,,,"",,
660795202,660795203,2267,87ced9db06fe1d9b73cec7e3b94564b7d5ae8928,python,ok,25,python,"",false,,,,,,,,,"",,
660795202,660795204,2267,87ced9db06fe1d9b73cec7e3b94564b7d5ae8928,python,ok,23,python,"",false,,,,,,,,,"",,
660795202,660795205,2267,87ced9db06fe1d9b73cec7e3b94564b7d5ae8928,python,ok,23,python,"",false,,,,,,,,,"",,
660795202,660795206,2267,87ced9db06fe1d9b73cec7e3b94564b7d5ae8928,python,ok,23,python,"",false,,,,,,,,,"",,
660795202,660795207,2267,87ced9db06fe1d9b73cec7e3b94564b7d5ae8928,python,ok,25,python,"",false,,,,,,,,,"",,
660795202,660795208,2267,87ced9db06fe1d9b73cec7e3b94564b7d5ae8928,python,ok,26,python,"",false,,,,,,,,,"",,
660796992,660796993,2268,0472b643cd7c149a965acb2e9c5e927f90a88ff8,python,ok,24,python,"",false,,,,,,,,,"",,
660796992,660796994,2268,0472b643cd7c149a965acb2e9c5e927f90a88ff8,python,ok,21,python,"",false,,,,,,,,,"",,
660796992,660797001,2268,0472b643cd7c149a965acb2e9c5e927f90a88ff8,python,ok,23,python,"",false,,,,,,,,,"",,
660801148,660801150,2269,d5758ea1ac25c9468869c926d939dc27cc9f9dc1,python,ok,23,python,"",false,,,,,,,,,"",,
660801148,660801152,2269,d5758ea1ac25c9468869c926d939dc27cc9f9dc1,python,ok,22,python,"",false,,,,,,,,,"",,
660801148,660801154,2269,d5758ea1ac25c9468869c926d939dc27cc9f9dc1,python,ok,22,python,"",false,,,,,,,,,"",,
660801148,660801155,2269,d5758ea1ac25c9468869c926d939dc27cc9f9dc1,python,ok,26,python,"",false,,,,,,,,,"",,
660801148,660801156,2269,d5758ea1ac25c9468869c926d939dc27cc9f9dc1,python,ok,25,python,"",false,,,,,,,,,"",,
660801148,660801157,2269,d5758ea1ac25c9468869c926d939dc27cc9f9dc1,python,ok,25,python,"",false,,,,,,,,,"",,
660803024,660803025,2270,1e596fbb18c57f4b5bef15f1a26266b063e87354,python,ok,22,python,"",false,,,,,,,,,"",,
660803024,660803026,2270,1e596fbb18c57f4b5bef15f1a26266b063e87354,python,ok,22,python,"",false,,,,,,,,,"",,
660803024,660803027,2270,1e596fbb18c57f4b5bef15f1a26266b063e87354,python,ok,25,python,"",false,,,,,,,,,"",,
660804764,660804765,2271,e5ea7b43ec695761cd216d6f79038ce7ae4e8bd0,python,ok,26,python,"",false,,,,,,,,,"",,
660804764,660804766,2271,e5ea7b43ec695761cd216d6f79038ce7ae4e8bd0,python,ok,22,python,"",false,,,,,,,,,"",,
660804764,660804767,2271,e5ea7b43ec695761cd216d6f79038ce7ae4e8bd0,python,ok,22,python,"",false,,,,,,,,,"",,
660804764,660804768,2271,e5ea7b43ec695761cd216d6f79038ce7ae4e8bd0,python,ok,26,python,"",false,,,,,,,,,"",,
660804764,660804769,2271,e5ea7b43ec695761cd216d6f79038ce7ae4e8bd0,python,ok,25,python,"",false,,,,,,,,,"",,
660837027,660837028,2272,4b81dbc0069340a555d07659b61efc38c54f5c39,python,broken,22,python,"",false,,,,,,,,,"",,
660837027,660837029,2272,4b81dbc0069340a555d07659b61efc38c54f5c39,python,broken,21,python,"",false,,,,,,,,,"",,
660837027,660837030,2272,4b81dbc0069340a555d07659b61efc38c54f5c39,python,broken,23,python,"",false,,,,,,,,,"",,
660858699,660858700,2273,b7123a2d3f261e27f4f6b64f5a2047d6bba79145,python,ok,22,python,"",false,,,,,,,,,"",,
660858699,660858701,2273,b7123a2d3f261e27f4f6b64f5a2047d6bba79145,python,ok,21,python,"",false,,,,,,,,,"",,
660858699,660858702,2273,b7123a2d3f261e27f4f6b64f5a2047d6bba79145,python,ok,21,python,"",false,,,,,,,,,"",,
660862644,660862645,2274,8d3495b68248c432b55e5d81f4e5ecc7c0229cea,python,ok,23,python,"",false,,,,,,,,,"",,
660862644,660862646,2274,8d3495b68248c432b55e5d81f4e5ecc7c0229cea,python,ok,22,python,"",false,,,,,,,,,"",,
660862644,660862647,2274,8d3495b68248c432b55e5d81f4e5ecc7c0229cea,python,ok,22,python,"",false,,,,,,,,,"",,
660863596,660863597,2275,92838200421695938ec96eb4c2027e8e26c2314b,python,ok,24,python,"",false,,,,,,,,,"",,
660863596,660863598,2275,92838200421695938ec96eb4c2027e8e26c2314b,python,ok,22,python,"",false,,,,,,,,,"",,
660863596,660863599,2275,92838200421695938ec96eb4c2027e8e26c2314b,python,ok,21,python,"",false,,,,,,,,,"",,
660888257,660888258,2276,30acb731608a2f798e5bf86548a6e0c9c49fc4ff,python,ok,23,python,"",false,,,,,,,,,"",,
660888257,660888259,2276,30acb731608a2f798e5bf86548a6e0c9c49fc4ff,python,ok,20,python,"",false,,,,,,,,,"",,
660888257,660888260,2276,30acb731608a2f798e5bf86548a6e0c9c49fc4ff,python,ok,23,python,"",false,,,,,,,,,"",,
660907756,660907757,2277,6e8e2f8bb78100bfe955092cc5bf29b2e0758907,python,ok,25,python,"",false,,,,,,,,,"",,
660907756,660907758,2277,6e8e2f8bb78100bfe955092cc5bf29b2e0758907,python,ok,21,python,"",false,,,,,,,,,"",,
660907756,660907759,2277,6e8e2f8bb78100bfe955092cc5bf29b2e0758907,python,ok,22,python,"",false,,,,,,,,,"",,
660907756,660907760,2277,6e8e2f8bb78100bfe955092cc5bf29b2e0758907,python,ok,26,python,"",false,,,,,,,,,"",,
660907756,660907761,2277,6e8e2f8bb78100bfe955092cc5bf29b2e0758907,python,ok,24,python,"",false,,,,,,,,,"",,
660907756,660907762,2277,6e8e2f8bb78100bfe955092cc5bf29b2e0758907,python,ok,23,python,"",false,,,,,,,,,"",,
660908642,660908643,2278,161def4c0a22ce29531ce319a5292e47ff714563,python,ok,23,python,"",false,,,,,,,,,"",,
660908642,660908644,2278,161def4c0a22ce29531ce319a5292e47ff714563,python,ok,21,python,"",false,,,,,,,,,"",,
660908642,660908645,2278,161def4c0a22ce29531ce319a5292e47ff714563,python,ok,21,python,"",false,,,,,,,,,"",,
661247507,661247508,2279,5e4fbd162fd5acfc61c8decd7dead1979e8e06e6,python,ok,23,python,"",false,,,,,,,,,"",,
661247507,661247509,2279,5e4fbd162fd5acfc61c8decd7dead1979e8e06e6,python,ok,22,python,"",false,,,,,,,,,"",,
661247507,661247510,2279,5e4fbd162fd5acfc61c8decd7dead1979e8e06e6,python,ok,23,python,"",false,,,,,,,,,"",,
661247507,661247511,2279,5e4fbd162fd5acfc61c8decd7dead1979e8e06e6,python,ok,25,python,"",false,,,,,,,,,"",,
661247507,661247512,2279,5e4fbd162fd5acfc61c8decd7dead1979e8e06e6,python,ok,23,python,"",false,,,,,,,,,"",,
661558721,661558722,2280,836d9722c98e864c411de038ee844a7499aad8ff,python,ok,22,python,"",false,,,,,,,,,"",,
661558721,661558723,2280,836d9722c98e864c411de038ee844a7499aad8ff,python,ok,22,python,"",false,,,,,,,,,"",,
661558721,661558724,2280,836d9722c98e864c411de038ee844a7499aad8ff,python,ok,20,python,"",false,,,,,,,,,"",,
661637777,661637778,2281,2674a2e0a2affbed25e0f6d31afbf6c21841e192,python,ok,26,python,"",false,,,,,,,,,"",,
661637777,661637779,2281,2674a2e0a2affbed25e0f6d31afbf6c21841e192,python,ok,22,python,"",false,,,,,,,,,"",,
661637777,661637780,2281,2674a2e0a2affbed25e0f6d31afbf6c21841e192,python,ok,25,python,"",false,,,,,,,,,"",,
661637777,661637781,2281,2674a2e0a2affbed25e0f6d31afbf6c21841e192,python,ok,25,python,"",false,,,,,,,,,"",,
661637777,661637782,2281,2674a2e0a2affbed25e0f6d31afbf6c21841e192,python,ok,25,python,"",false,,,,,,,,,"",,
661637777,661637783,2281,2674a2e0a2affbed25e0f6d31afbf6c21841e192,python,ok,25,python,"",false,,,,,,,,,"",,
661639982,661639983,2282,169aa565e1fe460531f361e90e6de6daa7327a87,python,ok,23,python,"",false,,,,,,,,,"",,
661639982,661639984,2282,169aa565e1fe460531f361e90e6de6daa7327a87,python,ok,20,python,"",false,,,,,,,,,"",,
661639982,661639985,2282,169aa565e1fe460531f361e90e6de6daa7327a87,python,ok,23,python,"",false,,,,,,,,,"",,
662549613,662549614,2283,baaadfa8b5be6d50e77a4fd47825a30d0c075cbc,python,ok,21,python,"",false,,,,,,,,,"",,
662549613,662549615,2283,baaadfa8b5be6d50e77a4fd47825a30d0c075cbc,python,ok,21,python,"",false,,,,,,,,,"",,
662549613,662549616,2283,baaadfa8b5be6d50e77a4fd47825a30d0c075cbc,python,ok,21,python,"",false,,,,,,,,,"",,
662599783,662599784,2284,3abaa6aac9a67379d65df80b9d3bb1e6a2e944ae,python,ok,23,python,"",false,,,,,,,,,"",,
662599783,662599785,2284,3abaa6aac9a67379d65df80b9d3bb1e6a2e944ae,python,ok,22,python,"",false,,,,,,,,,"",,
662599783,662599786,2284,3abaa6aac9a67379d65df80b9d3bb1e6a2e944ae,python,ok,22,python,"",false,,,,,,,,,"",,
662599783,662599787,2284,3abaa6aac9a67379d65df80b9d3bb1e6a2e944ae,python,ok,23,python,"",false,,,,,,,,,"",,
662599783,662599788,2284,3abaa6aac9a67379d65df80b9d3bb1e6a2e944ae,python,ok,23,python,"",false,,,,,,,,,"",,
662599783,662599789,2284,3abaa6aac9a67379d65df80b9d3bb1e6a2e944ae,python,ok,23,python,"",false,,,,,,,,,"",,
662600616,662600617,2285,ac51d09492df9a35c0dd3176759417f6b45a7921,python,ok,22,python,"",false,,,,,,,,,"",,
662600616,662600618,2285,ac51d09492df9a35c0dd3176759417f6b45a7921,python,ok,21,python,"",false,,,,,,,,,"",,
662600616,662600619,2285,ac51d09492df9a35c0dd3176759417f6b45a7921,python,ok,22,python,"",false,,,,,,,,,"",,
663170786,663170787,2286,37751ce2a0e0401758271d7fdfd82cd587fca238,python,ok,23,python,"",false,,,,,,,,,"",,
663170786,663170788,2286,37751ce2a0e0401758271d7fdfd82cd587fca238,python,ok,22,python,"",false,,,,,,,,,"",,
663170786,663170789,2286,37751ce2a0e0401758271d7fdfd82cd587fca238,python,ok,22,python,"",false,,,,,,,,,"",,
663170786,663170790,2286,37751ce2a0e0401758271d7fdfd82cd587fca238,python,ok,23,python,"",false,,,,,,,,,"",,
663170786,663170791,2286,37751ce2a0e0401758271d7fdfd82cd587fca238,python,ok,25,python,"",false,,,,,,,,,"",,
663667400,663667401,2287,14312bb8c2f2bbf94c4d9f53d76be4da2b144fde,python,ok,24,python,"",false,,,,,,,,,"",,
663667400,663667402,2287,14312bb8c2f2bbf94c4d9f53d76be4da2b144fde,python,ok,23,python,"",false,,,,,,,,,"",,
663667400,663667403,2287,14312bb8c2f2bbf94c4d9f53d76be4da2b144fde,python,ok,24,python,"",false,,,,,,,,,"",,
663700099,663700100,2288,c8cbe1d263d1a50f7fe0141c379e825c8396c22f,python,ok,24,python,"",false,,,,,,,,,"",,
663700099,663700101,2288,c8cbe1d263d1a50f7fe0141c379e825c8396c22f,python,ok,24,python,"",false,,,,,,,,,"",,
663700099,663700102,2288,c8cbe1d263d1a50f7fe0141c379e825c8396c22f,python,ok,25,python,"",false,,,,,,,,,"",,
663700099,663700103,2288,c8cbe1d263d1a50f7fe0141c379e825c8396c22f,python,ok,24,python,"",false,,,,,,,,,"",,
663700099,663700104,2288,c8cbe1d263d1a50f7fe0141c379e825c8396c22f,python,ok,26,python,"",false,,,,,,,,,"",,
663700099,663700105,2288,c8cbe1d263d1a50f7fe0141c379e825c8396c22f,python,ok,27,python,"",false,,,,,,,,,"",,
663701689,663701690,2289,d28754e8b30d21ac94ae4a2498b23324cdc0bea8,python,ok,25,python,"",false,,,,,,,,,"",,
663701689,663701691,2289,d28754e8b30d21ac94ae4a2498b23324cdc0bea8,python,ok,22,python,"",false,,,,,,,,,"",,
663701689,663701692,2289,d28754e8b30d21ac94ae4a2498b23324cdc0bea8,python,ok,25,python,"",false,,,,,,,,,"",,
664588563,664588564,2290,f883af019c63ec5efe8dee3b1d898f94062bb388,python,ok,26,python,"",false,,,,,,,,,"",,
664588563,664588565,2290,f883af019c63ec5efe8dee3b1d898f94062bb388,python,ok,23,python,"",false,,,,,,,,,"",,
664588563,664588566,2290,f883af019c63ec5efe8dee3b1d898f94062bb388,python,ok,23,python,"",false,,,,,,,,,"",,
664595397,664595398,2291,55d6e9fbe1726eddb0f9818e2e5636dbdc144f0d,python,ok,26,python,"",false,,,,,,,,,"",,
664595397,664595399,2291,55d6e9fbe1726eddb0f9818e2e5636dbdc144f0d,python,ok,24,python,"",false,,,,,,,,,"",,
664595397,664595400,2291,55d6e9fbe1726eddb0f9818e2e5636dbdc144f0d,python,ok,23,python,"",false,,,,,,,,,"",,
664595397,664595401,2291,55d6e9fbe1726eddb0f9818e2e5636dbdc144f0d,python,ok,26,python,"",false,,,,,,,,,"",,
664595397,664595402,2291,55d6e9fbe1726eddb0f9818e2e5636dbdc144f0d,python,ok,26,python,"",false,,,,,,,,,"",,
664595397,664595403,2291,55d6e9fbe1726eddb0f9818e2e5636dbdc144f0d,python,ok,26,python,"",false,,,,,,,,,"",,
664597337,664597338,2292,2ad3d472f7835f044bb18f51813652d0e72023b3,python,ok,25,python,"",false,,,,,,,,,"",,
664597337,664597339,2292,2ad3d472f7835f044bb18f51813652d0e72023b3,python,ok,24,python,"",false,,,,,,,,,"",,
664597337,664597340,2292,2ad3d472f7835f044bb18f51813652d0e72023b3,python,ok,23,python,"",false,,,,,,,,,"",,
671147551,671147552,2293,91432da009728c371c4fe1ce2dd973fa2bce3ca5,python,ok,22,python,"",false,,,,,,,,,"",,
671147551,671147553,2293,91432da009728c371c4fe1ce2dd973fa2bce3ca5,python,ok,22,python,"",false,,,,,,,,,"",,
671147551,671147554,2293,91432da009728c371c4fe1ce2dd973fa2bce3ca5,python,ok,22,python,"",false,,,,,,,,,"",,
674961791,674961792,2294,f0e29c848100970cf3fc2fa5ca38cf1a05c14940,python,ok,24,python,"",false,,,,,,,,,"",,
674961791,674961793,2294,f0e29c848100970cf3fc2fa5ca38cf1a05c14940,python,ok,23,python,"",false,,,,,,,,,"",,
674961791,674961794,2294,f0e29c848100970cf3fc2fa5ca38cf1a05c14940,python,ok,23,python,"",false,,,,,,,,,"",,
675154547,675154548,2295,9d570cf4359c690631fe9c390ea080c99edc7606,python,ok,25,python,"",false,,,,,,,,,"",,
675154547,675154550,2295,9d570cf4359c690631fe9c390ea080c99edc7606,python,ok,23,python,"",false,,,,,,,,,"",,
675154547,675154551,2295,9d570cf4359c690631fe9c390ea080c99edc7606,python,ok,23,python,"",false,,,,,,,,,"",,
675154547,675154555,2295,9d570cf4359c690631fe9c390ea080c99edc7606,python,ok,26,python,"",false,,,,,,,,,"",,
675154547,675154558,2295,9d570cf4359c690631fe9c390ea080c99edc7606,python,ok,23,python,"",false,,,,,,,,,"",,
675154547,675154561,2295,9d570cf4359c690631fe9c390ea080c99edc7606,python,ok,23,python,"",false,,,,,,,,,"",,
675155459,675155460,2296,366adfc1824ec2fdc04a52f9645d67a06884651a,python,ok,24,python,"",false,,,,,,,,,"",,
675155459,675155461,2296,366adfc1824ec2fdc04a52f9645d67a06884651a,python,ok,23,python,"",false,,,,,,,,,"",,
675155459,675155462,2296,366adfc1824ec2fdc04a52f9645d67a06884651a,python,ok,21,python,"",false,,,,,,,,,"",,
675474939,675474940,2297,ee36e68fea1eb5bc26e7d085e287e38d5410136e,python,ok,23,python,"",false,,,,,,,,,"",,
675474939,675474941,2297,ee36e68fea1eb5bc26e7d085e287e38d5410136e,python,ok,22,python,"",false,,,,,,,,,"",,
675474939,675474942,2297,ee36e68fea1eb5bc26e7d085e287e38d5410136e,python,ok,23,python,"",false,,,,,,,,,"",,
675480404,675480405,2298,e08778d4ce1cf0763f5841b76b0d077cea4e968e,python,ok,25,python,"",false,,,,,,,,,"",,
675480404,675480406,2298,e08778d4ce1cf0763f5841b76b0d077cea4e968e,python,ok,23,python,"",false,,,,,,,,,"",,
675480404,675480407,2298,e08778d4ce1cf0763f5841b76b0d077cea4e968e,python,ok,23,python,"",false,,,,,,,,,"",,
675480404,675480408,2298,e08778d4ce1cf0763f5841b76b0d077cea4e968e,python,ok,24,python,"",false,,,,,,,,,"",,
675480404,675480409,2298,e08778d4ce1cf0763f5841b76b0d077cea4e968e,python,ok,24,python,"",false,,,,,,,,,"",,
675480404,675480410,2298,e08778d4ce1cf0763f5841b76b0d077cea4e968e,python,ok,26,python,"",false,,,,,,,,,"",,
675482072,675482073,2299,535e8040f759a9f14381fa1dbbf94fa43a43ffab,python,ok,24,python,"",false,,,,,,,,,"",,
675482072,675482074,2299,535e8040f759a9f14381fa1dbbf94fa43a43ffab,python,ok,22,python,"",false,,,,,,,,,"",,
675482072,675482075,2299,535e8040f759a9f14381fa1dbbf94fa43a43ffab,python,ok,25,python,"",false,,,,,,,,,"",,
675541136,675541137,2300,32627df63e028248f38cd601b78048d449e9893f,python,broken,23,python,"",false,,,,,,,,,"",,
675541136,675541138,2300,32627df63e028248f38cd601b78048d449e9893f,python,broken,22,python,"",false,,,,,,,,,"",,
675541136,675541139,2300,32627df63e028248f38cd601b78048d449e9893f,python,broken,27,python,"",false,,,,,,,,,"",,
675568892,675568893,2301,f486a61e18e588f04315ea2551fc0671a01d48c8,python,broken,24,python,"",false,,,,,,,,,"",,
675568892,675568894,2301,f486a61e18e588f04315ea2551fc0671a01d48c8,python,broken,21,python,"",false,,,,,,,,,"",,
675568892,675568895,2301,f486a61e18e588f04315ea2551fc0671a01d48c8,python,broken,22,python,"",false,,,,,,,,,"",,
675598199,675598200,2302,3e1b58facd3912c7b3f583235b87a08c8645b05f,python,broken,24,python,"",false,,,,,,,,,"",,
675598199,675598201,2302,3e1b58facd3912c7b3f583235b87a08c8645b05f,python,broken,23,python,"",false,,,,,,,,,"",,
675598199,675598202,2302,3e1b58facd3912c7b3f583235b87a08c8645b05f,python,broken,23,python,"",false,,,,,,,,,"",,
675598199,675598203,2302,3e1b58facd3912c7b3f583235b87a08c8645b05f,unknown,unknown,,plain,"",false,,,,,,,,,"",,
675598199,675598204,2302,3e1b58facd3912c7b3f583235b87a08c8645b05f,unknown,unknown,,plain,"",false,,,,,,,,,"",,
675598199,675598205,2302,3e1b58facd3912c7b3f583235b87a08c8645b05f,unknown,unknown,,plain,"",false,,,,,,,,,"",,
676069380,676069381,2303,2fbce114f68e9ed691adbf7d8595e0fff67445e3,python,broken,24,python,"",false,,,,,,,,,"",,
676069380,676069382,2303,2fbce114f68e9ed691adbf7d8595e0fff67445e3,python,broken,22,python,"",false,,,,,,,,,"",,
676069380,676069383,2303,2fbce114f68e9ed691adbf7d8595e0fff67445e3,python,broken,22,python,"",false,,,,,,,,,"",,
676071825,676071826,2304,ea2da4cdf25467c2d18f66a02b3cd6aa4a3b39d9,python,broken,23,python,"",false,,,,,,,,,"",,
676071825,676071827,2304,ea2da4cdf25467c2d18f66a02b3cd6aa4a3b39d9,python,broken,22,python,"",false,,,,,,,,,"",,
676071825,676071828,2304,ea2da4cdf25467c2d18f66a02b3cd6aa4a3b39d9,python,broken,22,python,"",false,,,,,,,,,"",,
676072788,676072789,2305,b493efb8bc533ece983f5137b3dbe64f0a91bd3c,python,broken,23,python,"",false,,,,,,,,,"",,
676072788,676072790,2305,b493efb8bc533ece983f5137b3dbe64f0a91bd3c,python,broken,21,python,"",false,,,,,,,,,"",,
676072788,676072791,2305,b493efb8bc533ece983f5137b3dbe64f0a91bd3c,python,broken,25,python,"",false,,,,,,,,,"",,
676074617,676074618,2306,0785c5ebcb6e6c54ad4370927703525bc41ee044,python,broken,23,python,"",false,,,,,,,,,"",,
676074617,676074619,2306,0785c5ebcb6e6c54ad4370927703525bc41ee044,python,broken,22,python,"",false,,,,,,,,,"",,
676074617,676074620,2306,0785c5ebcb6e6c54ad4370927703525bc41ee044,python,broken,22,python,"",false,,,,,,,,,"",,
677084658,677084661,2307,459f7a102f94e59b31b277a21cbaf0e8cb870ceb,python,unknown,4,python,"",false,,,,,,,,,"",,
677084658,677084662,2307,459f7a102f94e59b31b277a21cbaf0e8cb870ceb,python,unknown,4,python,"",false,,,,,,,,,"",,
677084658,677084663,2307,459f7a102f94e59b31b277a21cbaf0e8cb870ceb,python,unknown,4,python,"",false,,,,,,,,,"",,
677111501,677111502,2308,8dce195b11a6b51e9e182624ec47a3f92ce75ae4,python,broken,22,python,"",false,,,,,,,,,"",,
677111501,677111503,2308,8dce195b11a6b51e9e182624ec47a3f92ce75ae4,python,broken,22,python,"",false,,,,,,,,,"",,
677111501,677111504,2308,8dce195b11a6b51e9e182624ec47a3f92ce75ae4,python,broken,22,python,"",false,,,,,,,,,"",,
677361885,677361886,2309,ade0d7efa20740040fbae4576f29ab534e12c67a,python,broken,25,python,"",false,,,,,,,,,"",,
677361885,677361887,2309,ade0d7efa20740040fbae4576f29ab534e12c67a,python,unknown,6,python,"",false,,,,,,,,,"",,
677361885,677361888,2309,ade0d7efa20740040fbae4576f29ab534e12c67a,python,ok,16,python,"",false,,,,,,,,,"",,
677436826,677436827,2310,6193bbc5abb5494fe5f604b01fa6e78a07fd46e0,unknown,unknown,,plain,"",false,,,,,,,,,"",,
677436826,677436828,2310,6193bbc5abb5494fe5f604b01fa6e78a07fd46e0,python,broken,23,python,"",false,,,,,,,,,"",,
677436826,677436829,2310,6193bbc5abb5494fe5f604b01fa6e78a07fd46e0,python,ok,23,python,"",false,,,,,,,,,"",,
677437283,677437284,2311,a78151dd10e102360422cb0906e29afdb498c778,python,broken,0,python,"",false,,,,,,,,,"",,
677437283,677437285,2311,a78151dd10e102360422cb0906e29afdb498c778,python,unknown,24,python,"",false,,,,,,,,,"",,
677437283,677437286,2311,a78151dd10e102360422cb0906e29afdb498c778,python,broken,6,python,"",false,,,,,,,,,"",,
677439449,677439450,2312,6051048ec078bf675dbbed82fc47547d1db60fa7,python,broken,7,python,"",false,,,,,,,,,"",,
677439449,677439451,2312,6051048ec078bf675dbbed82fc47547d1db60fa7,unknown,unknown,,plain,"",false,,,,,,,,,"",,
677439449,677439452,2312,6051048ec078bf675dbbed82fc47547d1db60fa7,python,broken,7,python,"",false,,,,,,,,,"",,
677439449,677439453,2312,6051048ec078bf675dbbed82fc47547d1db60fa7,unknown,unknown,,plain,"",false,,,,,,,,,"",,
677439449,677439454,2312,6051048ec078bf675dbbed82fc47547d1db60fa7,unknown,unknown,,plain,"",false,,,,,,,,,"",,
677439449,677439455,2312,6051048ec078bf675dbbed82fc47547d1db60fa7,unknown,unknown,,plain,"",false,,,,,,,,,"",,
677439516,677439517,2313,e0de7c1e5efe12e075523630cc0e49d6cb8fdfe8,python,broken,25,python,"",false,,,,,,,,,"",,
677439516,677439518,2313,e0de7c1e5efe12e075523630cc0e49d6cb8fdfe8,python,unknown,18,python,"",false,,,,,,,,,"",,
677439516,677439519,2313,e0de7c1e5efe12e075523630cc0e49d6cb8fdfe8,python,broken,23,python,"",false,,,,,,,,,"",,
677439516,677439520,2313,e0de7c1e5efe12e075523630cc0e49d6cb8fdfe8,unknown,unknown,,plain,"",false,,,,,,,,,"",,
677439516,677439521,2313,e0de7c1e5efe12e075523630cc0e49d6cb8fdfe8,unknown,unknown,,plain,"",false,,,,,,,,,"",,
677439516,677439522,2313,e0de7c1e5efe12e075523630cc0e49d6cb8fdfe8,unknown,unknown,,plain,"",false,,,,,,,,,"",,
677500348,677500349,2314,3535e3a92b04a3042f2ad0138480bbd5d6ed0e4e,python,broken,25,python,"",false,,,,,,,,,"",,
677500348,677500350,2314,3535e3a92b04a3042f2ad0138480bbd5d6ed0e4e,python,broken,23,python,"",false,,,,,,,,,"",,
677500348,677500351,2314,3535e3a92b04a3042f2ad0138480bbd5d6ed0e4e,python,broken,23,python,"",false,,,,,,,,,"",,
677500348,677500352,2314,3535e3a92b04a3042f2ad0138480bbd5d6ed0e4e,unknown,unknown,,plain,"",false,,,,,,,,,"",,
677500348,677500353,2314,3535e3a92b04a3042f2ad0138480bbd5d6ed0e4e,unknown,unknown,,plain,"",false,,,,,,,,,"",,
677500348,677500354,2314,3535e3a92b04a3042f2ad0138480bbd5d6ed0e4e,unknown,unknown,,plain,"",false,,,,,,,,,"",,
678043357,678043358,2315,21ce44dfd29036983c67d6ff7ea5a6fa5c52b294,python,broken,23,python,"",false,,,,,,,,,"",,
678043357,678043359,2315,21ce44dfd29036983c67d6ff7ea5a6fa5c52b294,python,broken,22,python,"",false,,,,,,,,,"",,
678043357,678043360,2315,21ce44dfd29036983c67d6ff7ea5a6fa5c52b294,python,broken,22,python,"",false,,,,,,,,,"",,
678230907,678230908,2316,1fbbb15ffaab3fbed27423161a3f708fce1189ae,python,broken,25,python,"",false,,,,,,,,,"",,
678230907,678230911,2316,1fbbb15ffaab3fbed27423161a3f708fce1189ae,python,broken,23,python,"",false,,,,,,,,,"",,
678230907,678230912,2316,1fbbb15ffaab3fbed27423161a3f708fce1189ae,python,broken,23,python,"",false,,,,,,,,,"",,
678230907,678230913,2316,1fbbb15ffaab3fbed27423161a3f708fce1189ae,unknown,unknown,,plain,"",false,,,,,,,,,"",,
678230907,678230914,2316,1fbbb15ffaab3fbed27423161a3f708fce1189ae,unknown,unknown,,plain,"",false,,,,,,,,,"",,
678230907,678230915,2316,1fbbb15ffaab3fbed27423161a3f708fce1189ae,unknown,unknown,,plain,"",false,,,,,,,,,"",,
678485597,678485598,2317,383df9b67f782f7f0d686ca7f55720b9b9b780c0,python,broken,45,python,"",false,,,,,,,,,"",,
678485597,678485599,2317,383df9b67f782f7f0d686ca7f55720b9b9b780c0,python,broken,22,python,"",false,,,,,,,,,"",,
678485597,678485600,2317,383df9b67f782f7f0d686ca7f55720b9b9b780c0,python,broken,22,python,"",false,,,,,,,,,"",,
679515554,679515555,2318,85b8b9be98bee04f8659e3c1501cdd1984d15b05,python,broken,24,python,"",false,,,,,,,,,"",,
679515554,679515556,2318,85b8b9be98bee04f8659e3c1501cdd1984d15b05,python,broken,23,python,"",false,,,,,,,,,"",,
679515554,679515557,2318,85b8b9be98bee04f8659e3c1501cdd1984d15b05,python,broken,23,python,"",false,,,,,,,,,"",,
679903649,679903650,2319,a5e00dc5dd191b855cc717b9fad1bbe2844cd40d,python,broken,24,python,"",false,,,,,,,,,"",,
679903649,679903651,2319,a5e00dc5dd191b855cc717b9fad1bbe2844cd40d,python,broken,22,python,"",false,,,,,,,,,"",,
679903649,679903652,2319,a5e00dc5dd191b855cc717b9fad1bbe2844cd40d,python,broken,22,python,"",false,,,,,,,,,"",,
679907489,679907490,2320,2d921374ace96d1d005ca62f6d54928e237789d9,python,broken,23,python,"",false,,,,,,,,,"",,
679907489,679907491,2320,2d921374ace96d1d005ca62f6d54928e237789d9,python,broken,22,python,"",false,,,,,,,,,"",,
679907489,679907492,2320,2d921374ace96d1d005ca62f6d54928e237789d9,python,broken,22,python,"",false,,,,,,,,,"",,
680234657,680234658,2321,2d921374ace96d1d005ca62f6d54928e237789d9,python,broken,24,python,"",false,,,,,,,,,"",,
680234657,680234659,2321,2d921374ace96d1d005ca62f6d54928e237789d9,python,broken,23,python,"",false,,,,,,,,,"",,
680234657,680234660,2321,2d921374ace96d1d005ca62f6d54928e237789d9,python,broken,23,python,"",false,,,,,,,,,"",,
680247517,680247518,2322,2d0837607c4ec6c21f1012adbf63a8976fdca6b7,python,ok,26,python,"",false,,,,,,,,,"",,
680247517,680247519,2322,2d0837607c4ec6c21f1012adbf63a8976fdca6b7,python,ok,23,python,"",false,,,,,,,,,"",,
680247517,680247520,2322,2d0837607c4ec6c21f1012adbf63a8976fdca6b7,python,ok,23,python,"",false,,,,,,,,,"",,
680307543,680307544,2323,6a31e480d2ec2780b40d885394d2202f99a05bef,python,ok,26,python,"",false,,,,,,,,,"",,
680307543,680307545,2323,6a31e480d2ec2780b40d885394d2202f99a05bef,python,ok,23,python,"",false,,,,,,,,,"",,
680307543,680307546,2323,6a31e480d2ec2780b40d885394d2202f99a05bef,python,ok,25,python,"",false,,,,,,,,,"",,
680610379,680610380,2324,f996ccd996b96f1ffe0c97e6c308614c98f12d59,python,ok,23,python,"",false,,,,,,,,,"",,
680610379,680610381,2324,f996ccd996b96f1ffe0c97e6c308614c98f12d59,python,ok,23,python,"",false,,,,,,,,,"",,
680610379,680610382,2324,f996ccd996b96f1ffe0c97e6c308614c98f12d59,python,ok,23,python,"",false,,,,,,,,,"",,
680776521,680776522,2325,eb7ece29b033b7c01ccffb573111b1958143d2ff,python,broken,25,python,"",false,,,,,,,,,"",,
680776521,680776523,2325,eb7ece29b033b7c01ccffb573111b1958143d2ff,python,broken,22,python,"",false,,,,,,,,,"",,
680776521,680776524,2325,eb7ece29b033b7c01ccffb573111b1958143d2ff,python,broken,21,python,"",false,,,,,,,,,"",,
680785239,680785240,2326,c0adafa0ae7d4a0ea595099138ef9d073b292429,python,broken,22,python,"",false,,,,,,,,,"",,
680785239,680785241,2326,c0adafa0ae7d4a0ea595099138ef9d073b292429,python,broken,21,python,"",false,,,,,,,,,"",,
680785239,680785242,2326,c0adafa0ae7d4a0ea595099138ef9d073b292429,python,broken,22,python,"",false,,,,,,,,,"",,
681114333,681114334,2327,0b293919b55556f7d54d5323eedf600cce23b20b,python,broken,24,python,"",false,,,,,,,,,"",,
681114333,681114335,2327,0b293919b55556f7d54d5323eedf600cce23b20b,python,broken,23,python,"",false,,,,,,,,,"",,
681114333,681114336,2327,0b293919b55556f7d54d5323eedf600cce23b20b,python,broken,30,python,"",false,,,,,,,,,"",,
681115410,681115411,2328,4cb04835e2d64d42e9973100192b0a3bbf55d832,python,broken,25,python,"",false,,,,,,,,,"",,
681115410,681115412,2328,4cb04835e2d64d42e9973100192b0a3bbf55d832,python,broken,21,python,"",false,,,,,,,,,"",,
681115410,681115413,2328,4cb04835e2d64d42e9973100192b0a3bbf55d832,python,broken,22,python,"",false,,,,,,,,,"",,
681120924,681120925,2329,d9d196df0f7930f9ebff841cd6f6762a0076442f,python,ok,24,python,"",false,,,,,,,,,"",,
681120924,681120926,2329,d9d196df0f7930f9ebff841cd6f6762a0076442f,python,ok,23,python,"",false,,,,,,,,,"",,
681120924,681120927,2329,d9d196df0f7930f9ebff841cd6f6762a0076442f,python,ok,22,python,"",false,,,,,,,,,"",,
681131314,681131315,2330,d5bda4e62168b79c8bda0c5375819e0a544c19c2,python,ok,25,python,"",false,,,,,,,,,"",,
681131314,681131316,2330,d5bda4e62168b79c8bda0c5375819e0a544c19c2,python,ok,23,python,"",false,,,,,,,,,"",,
681131314,681131317,2330,d5bda4e62168b79c8bda0c5375819e0a544c19c2,python,ok,24,python,"",false,,,,,,,,,"",,
681131314,681131318,2330,d5bda4e62168b79c8bda0c5375819e0a544c19c2,python,ok,26,python,"",false,,,,,,,,,"",,
681131314,681131319,2330,d5bda4e62168b79c8bda0c5375819e0a544c19c2,python,ok,25,python,"",false,,,,,,,,,"",,
681131314,681131320,2330,d5bda4e62168b79c8bda0c5375819e0a544c19c2,python,ok,26,python,"",false,,,,,,,,,"",,
681132718,681132719,2331,608bd2dc899edba294ed0b33d8b16471e88a5acd,python,ok,25,python,"",false,,,,,,,,,"",,
681132718,681132720,2331,608bd2dc899edba294ed0b33d8b16471e88a5acd,python,ok,23,python,"",false,,,,,,,,,"",,
681132718,681132721,2331,608bd2dc899edba294ed0b33d8b16471e88a5acd,python,ok,23,python,"",false,,,,,,,,,"",,
681235460,681235461,2332,08a2dc82a1f6974c86488a380e949e7800620508,python,broken,24,python,"",false,,,,,,,,,"",,
681235460,681235462,2332,08a2dc82a1f6974c86488a380e949e7800620508,python,broken,23,python,"",false,,,,,,,,,"",,
681235460,681235463,2332,08a2dc82a1f6974c86488a380e949e7800620508,python,broken,22,python,"",false,,,,,,,,,"",,
681237859,681237860,2333,f796e67ff0cc24594b97b23e18990872cd8af77d,python,ok,25,python,"",false,,,,,,,,,"",,
681237859,681237862,2333,f796e67ff0cc24594b97b23e18990872cd8af77d,python,ok,23,python,"",false,,,,,,,,,"",,
681237859,681237863,2333,f796e67ff0cc24594b97b23e18990872cd8af77d,python,ok,23,python,"",false,,,,,,,,,"",,
681478284,681478285,2334,bf7efdfab8a997397fb366c4f8322dccfec4e5d1,python,ok,24,python,"",false,,,,,,,,,"",,
681478284,681478286,2334,bf7efdfab8a997397fb366c4f8322dccfec4e5d1,python,ok,22,python,"",false,,,,,,,,,"",,
681478284,681478287,2334,bf7efdfab8a997397fb366c4f8322dccfec4e5d1,python,ok,23,python,"",false,,,,,,,,,"",,
681478284,681478288,2334,bf7efdfab8a997397fb366c4f8322dccfec4e5d1,python,ok,25,python,"",false,,,,,,,,,"",,
681478284,681478289,2334,bf7efdfab8a997397fb366c4f8322dccfec4e5d1,python,ok,25,python,"",false,,,,,,,,,"",,
681478284,681478290,2334,bf7efdfab8a997397fb366c4f8322dccfec4e5d1,python,ok,25,python,"",false,,,,,,,,,"",,
681481100,681481101,2335,46131cb91722162296bee275f79d02d0c36ad7d3,python,ok,26,python,"",false,,,,,,,,,"",,
681481100,681481102,2335,46131cb91722162296bee275f79d02d0c36ad7d3,python,ok,22,python,"",false,,,,,,,,,"",,
681481100,681481103,2335,46131cb91722162296bee275f79d02d0c36ad7d3,python,ok,22,python,"",false,,,,,,,,,"",,
681533930,681533931,2336,1904100c92e0bdabfd903272580fccf0a7c84e7b,python,ok,23,python,"",false,,,,,,,,,"",,
681533930,681533932,2336,1904100c92e0bdabfd903272580fccf0a7c84e7b,python,ok,22,python,"",false,,,,,,,,,"",,
681533930,681533933,2336,1904100c92e0bdabfd903272580fccf0a7c84e7b,python,ok,23,python,"",false,,,,,,,,,"",,
681693861,681693862,2337,e52b5894d07b7c86761b3314f2f47e815def17ea,python,ok,24,python,"",false,,,,,,,,,"",,
681693861,681693863,2337,e52b5894d07b7c86761b3314f2f47e815def17ea,python,ok,23,python,"",false,,,,,,,,,"",,
681693861,681693864,2337,e52b5894d07b7c86761b3314f2f47e815def17ea,python,ok,22,python,"",false,,,,,,,,,"",,
682009328,682009329,2338,317dd61488a813586c056039f96d1092cd9d10d5,python,ok,23,python,"",false,,,,,,,,,"",,
682009328,682009330,2338,317dd61488a813586c056039f96d1092cd9d10d5,python,ok,22,python,"",false,,,,,,,,,"",,
682009328,682009331,2338,317dd61488a813586c056039f96d1092cd9d10d5,python,ok,25,python,"",false,,,,,,,,,"",,
682015611,682015612,2339,759253f61fc2979746815c13003a888c6ee66700,python,ok,24,python,"",false,,,,,,,,,"",,
682015611,682015613,2339,759253f61fc2979746815c13003a888c6ee66700,python,ok,23,python,"",false,,,,,,,,,"",,
682015611,682015614,2339,759253f61fc2979746815c13003a888c6ee66700,python,ok,22,python,"",false,,,,,,,,,"",,
682015615,682015616,2340,759253f61fc2979746815c13003a888c6ee66700,python,ok,23,python,"",false,,,,,,,,,"",,
682015615,682015617,2340,759253f61fc2979746815c13003a888c6ee66700,python,ok,22,python,"",false,,,,,,,,,"",,
682015615,682015618,2340,759253f61fc2979746815c13003a888c6ee66700,python,ok,22,python,"",false,,,,,,,,,"",,
682089520,682089521,2341,806ec6c1ab2b116f279d70d97adc0e111781716b,python,ok,23,python,"",false,,,,,,,,,"",,
682089520,682089522,2341,806ec6c1ab2b116f279d70d97adc0e111781716b,python,ok,23,python,"",false,,,,,,,,,"",,
682089520,682089523,2341,806ec6c1ab2b116f279d70d97adc0e111781716b,python,ok,22,python,"",false,,,,,,,,,"",,
682096676,682096677,2342,11db3f2b7882850beed0ad8a0bfb133dac350dfb,python,ok,22,python,"",false,,,,,,,,,"",,
682096676,682096678,2342,11db3f2b7882850beed0ad8a0bfb133dac350dfb,python,ok,21,python,"",false,,,,,,,,,"",,
682096676,682096679,2342,11db3f2b7882850beed0ad8a0bfb133dac350dfb,python,ok,27,python,"",false,,,,,,,,,"",,
682114126,682114127,2343,62620edf3feee647eff7fd2dcef4ad7d620cdba3,python,ok,23,python,"",false,,,,,,,,,"",,
682114126,682114128,2343,62620edf3feee647eff7fd2dcef4ad7d620cdba3,python,ok,23,python,"",false,,,,,,,,,"",,
682114126,682114129,2343,62620edf3feee647eff7fd2dcef4ad7d620cdba3,python,ok,25,python,"",false,,,,,,,,,"",,
682114126,682114130,2343,62620edf3feee647eff7fd2dcef4ad7d620cdba3,python,ok,25,python,"",false,,,,,,,,,"",,
682114126,682114131,2343,62620edf3feee647eff7fd2dcef4ad7d620cdba3,python,ok,25,python,"",false,,,,,,,,,"",,
682114126,682114132,2343,62620edf3feee647eff7fd2dcef4ad7d620cdba3,python,ok,25,python,"",false,,,,,,,,,"",,
682115540,682115541,2344,5fc8accb67f9b0a27abcb6244b7867807fb2e74c,python,ok,26,python,"",false,,,,,,,,,"",,
682115540,682115542,2344,5fc8accb67f9b0a27abcb6244b7867807fb2e74c,python,ok,25,python,"",false,,,,,,,,,"",,
682115540,682115543,2344,5fc8accb67f9b0a27abcb6244b7867807fb2e74c,python,ok,23,python,"",false,,,,,,,,,"",,
682117759,682117760,2345,6aff46f1aff240f01e12ab927617a4db1395d4b0,python,ok,23,python,"",false,,,,,,,,,"",,
682117759,682117761,2345,6aff46f1aff240f01e12ab927617a4db1395d4b0,python,ok,22,python,"",false,,,,,,,,,"",,
682117759,682117762,2345,6aff46f1aff240f01e12ab927617a4db1395d4b0,python,ok,23,python,"",false,,,,,,,,,"",,
682117759,682117763,2345,6aff46f1aff240f01e12ab927617a4db1395d4b0,python,ok,26,python,"",false,,,,,,,,,"",,
682117759,682117764,2345,6aff46f1aff240f01e12ab927617a4db1395d4b0,python,ok,26,python,"",false,,,,,,,,,"",,
682117759,682117765,2345,6aff46f1aff240f01e12ab927617a4db1395d4b0,python,ok,25,python,"",false,,,,,,,,,"",,
682119293,682119294,2346,06d3e6070ca4728d418262ca29a9f58580d3b013,python,ok,23,python,"",false,,,,,,,,,"",,
682119293,682119295,2346,06d3e6070ca4728d418262ca29a9f58580d3b013,python,ok,22,python,"",false,,,,,,,,,"",,
682119293,682119296,2346,06d3e6070ca4728d418262ca29a9f58580d3b013,python,ok,23,python,"",false,,,,,,,,,"",,
684373998,684373999,2347,ea6b295351384a2aab4eff9c771b653f7e802953,python,ok,23,python,"",false,,,,,,,,,"",,
684373998,684374000,2347,ea6b295351384a2aab4eff9c771b653f7e802953,python,ok,22,python,"",false,,,,,,,,,"",,
684373998,684374001,2347,ea6b295351384a2aab4eff9c771b653f7e802953,python,ok,26,python,"",false,,,,,,,,,"",,
684398901,684398902,2348,a4687589109c52ed2d09cbe5487692c9f9246fc9,python,ok,25,python,"",false,,,,,,,,,"",,
684398901,684398903,2348,a4687589109c52ed2d09cbe5487692c9f9246fc9,python,ok,22,python,"",false,,,,,,,,,"",,
684398901,684398904,2348,a4687589109c52ed2d09cbe5487692c9f9246fc9,python,ok,22,python,"",false,,,,,,,,,"",,
684433816,684433817,2349,c30acb54a4afe77a2abd62ddb12be6c29c3fd7d9,python,ok,24,python,"",false,,,,,,,,,"",,
684433816,684433818,2349,c30acb54a4afe77a2abd62ddb12be6c29c3fd7d9,python,ok,23,python,"",false,,,,,,,,,"",,
684433816,684433819,2349,c30acb54a4afe77a2abd62ddb12be6c29c3fd7d9,python,ok,23,python,"",false,,,,,,,,,"",,
684471317,684471318,2350,eeedf7103b48e8ea59a75e1bc52f65dc857b2ba2,python,ok,24,python,"",false,,,,,,,,,"",,
684471317,684471319,2350,eeedf7103b48e8ea59a75e1bc52f65dc857b2ba2,python,ok,22,python,"",false,,,,,,,,,"",,
684471317,684471320,2350,eeedf7103b48e8ea59a75e1bc52f65dc857b2ba2,python,ok,22,python,"",false,,,,,,,,,"",,
684471317,684471321,2350,eeedf7103b48e8ea59a75e1bc52f65dc857b2ba2,python,unknown,25,python,"",false,,,,,,,,,"",,
684471317,684471322,2350,eeedf7103b48e8ea59a75e1bc52f65dc857b2ba2,unknown,unknown,,plain,"",false,,,,,,,,,"",,
684471317,684471323,2350,eeedf7103b48e8ea59a75e1bc52f65dc857b2ba2,unknown,unknown,,plain,"",false,,,,,,,,,"",,
684476083,684476084,2351,eeedf7103b48e8ea59a75e1bc52f65dc857b2ba2,python,ok,25,python,"",false,,,,,,,,,"",,
684476083,684476085,2351,eeedf7103b48e8ea59a75e1bc52f65dc857b2ba2,python,ok,22,python,"",false,,,,,,,,,"",,
684476083,684476086,2351,eeedf7103b48e8ea59a75e1bc52f65dc857b2ba2,python,ok,26,python,"",false,,,,,,,,,"",,
684477378,684477379,2352,eeedf7103b48e8ea59a75e1bc52f65dc857b2ba2,python,ok,24,python,"",false,,,,,,,,,"",,
684477378,684477380,2352,eeedf7103b48e8ea59a75e1bc52f65dc857b2ba2,python,ok,22,python,"",false,,,,,,,,,"",,
684477378,684477381,2352,eeedf7103b48e8ea59a75e1bc52f65dc857b2ba2,python,ok,24,python,"",false,,,,,,,,,"",,
684872237,684872238,2353,2c10e9a85c881e7c05c56b07e67d9d7850435ac8,python,broken,24,python,pytest,true,false,125,0,125,0,,,,"",92.62,
684872237,684872239,2353,2c10e9a85c881e7c05c56b07e67d9d7850435ac8,python,broken,23,python,pytest,true,false,125,0,125,0,,,,"",91.88,
684872237,684872240,2353,2c10e9a85c881e7c05c56b07e67d9d7850435ac8,python,ok,23,python,"",false,,,,,,,,,"",,
685901095,685901096,2354,05d1ddc39c9ae7fd89ffdb49eb6748421737d275,python,broken,24,python,"",false,,,,,,,,,"",,
685901095,685901097,2354,05d1ddc39c9ae7fd89ffdb49eb6748421737d275,python,broken,22,python,"",false,,,,,,,,,"",,
685901095,685901098,2354,05d1ddc39c9ae7fd89ffdb49eb6748421737d275,python,broken,21,python,"",false,,,,,,,,,"",,
686175001,686175006,2355,68acb83bf7e4be61553a39b52c5b79950983ff3b,python,broken,23,python,"",false,,,,,,,,,"",,
686175001,686175007,2355,68acb83bf7e4be61553a39b52c5b79950983ff3b,python,broken,23,python,"",false,,,,,,,,,"",,
686175001,686175008,2355,68acb83bf7e4be61553a39b52c5b79950983ff3b,python,broken,23,python,"",false,,,,,,,,,"",,
686669649,686669650,2356,c23338404d173da179a51295fb8197b5918b50ca,python,broken,24,python,"",false,,,,,,,,,"",,
686669649,686669651,2356,c23338404d173da179a51295fb8197b5918b50ca,python,broken,23,python,"",false,,,,,,,,,"",,
686669649,686669652,2356,c23338404d173da179a51295fb8197b5918b50ca,python,broken,22,python,"",false,,,,,,,,,"",,
686695628,686695629,2357,47c4694a8c653e5ed374411963268b99572d6753,python,ok,23,python,"",false,,,,,,,,,"",,
686695628,686695630,2357,47c4694a8c653e5ed374411963268b99572d6753,python,ok,23,python,"",false,,,,,,,,,"",,
686695628,686695631,2357,47c4694a8c653e5ed374411963268b99572d6753,python,ok,23,python,"",false,,,,,,,,,"",,
686715907,686715908,2358,a695ec1b8d78e1034a684f74aa2dcd35df1a217d,python,ok,26,python,"",false,,,,,,,,,"",,
686715907,686715909,2358,a695ec1b8d78e1034a684f74aa2dcd35df1a217d,python,ok,23,python,"",false,,,,,,,,,"",,
686715907,686715910,2358,a695ec1b8d78e1034a684f74aa2dcd35df1a217d,python,ok,24,python,"",false,,,,,,,,,"",,
686715907,686715911,2358,a695ec1b8d78e1034a684f74aa2dcd35df1a217d,python,ok,26,python,"",false,,,,,,,,,"",,
686715907,686715912,2358,a695ec1b8d78e1034a684f74aa2dcd35df1a217d,python,ok,25,python,"",false,,,,,,,,,"",,
686715907,686715913,2358,a695ec1b8d78e1034a684f74aa2dcd35df1a217d,python,ok,27,python,"",false,,,,,,,,,"",,
686718154,686718155,2359,11eb49bc2ac60a31e1da252e122e842f055cd06d,python,ok,25,python,"",false,,,,,,,,,"",,
686718154,686718156,2359,11eb49bc2ac60a31e1da252e122e842f055cd06d,python,ok,26,python,"",false,,,,,,,,,"",,
686718154,686718157,2359,11eb49bc2ac60a31e1da252e122e842f055cd06d,python,ok,24,python,"",false,,,,,,,,,"",,
686718566,686718569,2360,ee53fefd96c940ee39b2cfa1ef6d62afe016a827,python,broken,24,python,"",false,,,,,,,,,"",,
686718566,686718570,2360,ee53fefd96c940ee39b2cfa1ef6d62afe016a827,python,broken,23,python,"",false,,,,,,,,,"",,
686718566,686718572,2360,ee53fefd96c940ee39b2cfa1ef6d62afe016a827,python,broken,23,python,"",false,,,,,,,,,"",,
686755937,686755938,2361,0602ee8232a0a66005375af36a36f535c05c5ba5,python,ok,25,python,"",false,,,,,,,,,"",,
686755937,686755939,2361,0602ee8232a0a66005375af36a36f535c05c5ba5,python,ok,23,python,"",false,,,,,,,,,"",,
686755937,686755940,2361,0602ee8232a0a66005375af36a36f535c05c5ba5,python,ok,24,python,"",false,,,,,,,,,"",,
686766539,686766540,2362,b71b424bd7002b75e9e79c0848d7c784274f8720,python,ok,25,python,"",false,,,,,,,,,"",,
686766539,686766541,2362,b71b424bd7002b75e9e79c0848d7c784274f8720,python,ok,23,python,"",false,,,,,,,,,"",,
686766539,686766542,2362,b71b424bd7002b75e9e79c0848d7c784274f8720,python,ok,23,python,"",false,,,,,,,,,"",,
686766539,686766543,2362,b71b424bd7002b75e9e79c0848d7c784274f8720,python,ok,24,python,"",false,,,,,,,,,"",,
686766539,686766544,2362,b71b424bd7002b75e9e79c0848d7c784274f8720,python,ok,26,python,"",false,,,,,,,,,"",,
686766539,686766545,2362,b71b424bd7002b75e9e79c0848d7c784274f8720,python,ok,25,python,"",false,,,,,,,,,"",,
686767502,686767503,2363,e27af981356ca70effd1e65d83a480084cea22f0,python,ok,24,python,"",false,,,,,,,,,"",,
686767502,686767504,2363,e27af981356ca70effd1e65d83a480084cea22f0,python,ok,24,python,"",false,,,,,,,,,"",,
686767502,686767505,2363,e27af981356ca70effd1e65d83a480084cea22f0,python,ok,23,python,"",false,,,,,,,,,"",,
686767502,686767506,2363,e27af981356ca70effd1e65d83a480084cea22f0,python,ok,25,python,"",false,,,,,,,,,"",,
686767502,686767507,2363,e27af981356ca70effd1e65d83a480084cea22f0,python,ok,26,python,"",false,,,,,,,,,"",,
686768060,686768061,2364,0ec345d375cc9613030f9a323a54d3b82a730f96,python,ok,24,python,"",false,,,,,,,,,"",,
686768060,686768062,2364,0ec345d375cc9613030f9a323a54d3b82a730f96,python,ok,23,python,"",false,,,,,,,,,"",,
686768060,686768063,2364,0ec345d375cc9613030f9a323a54d3b82a730f96,python,ok,22,python,"",false,,,,,,,,,"",,
687097374,687097375,2365,6693d2cef3d80d55ee0c793f5744a28bfa7b411a,python,broken,25,python,"",false,,,,,,,,,"",,
687097374,687097376,2365,6693d2cef3d80d55ee0c793f5744a28bfa7b411a,python,broken,22,python,"",false,,,,,,,,,"",,
687097374,687097377,2365,6693d2cef3d80d55ee0c793f5744a28bfa7b411a,python,broken,24,python,"",false,,,,,,,,,"",,
687112308,687112309,2366,fe5f893a64e766cd3875560e36e38adf8d079f5c,python,ok,24,python,"",false,,,,,,,,,"",,
687112308,687112310,2366,fe5f893a64e766cd3875560e36e38adf8d079f5c,python,ok,24,python,"",false,,,,,,,,,"",,
687112308,687112311,2366,fe5f893a64e766cd3875560e36e38adf8d079f5c,python,ok,26,python,"",false,,,,,,,,,"",,
687123567,687123568,2367,e4e3604dffb932f0777fa313baf3a2e125b2c0c0,python,ok,25,python,"",false,,,,,,,,,"",,
687123567,687123569,2367,e4e3604dffb932f0777fa313baf3a2e125b2c0c0,python,ok,23,python,"",false,,,,,,,,,"",,
687123567,687123570,2367,e4e3604dffb932f0777fa313baf3a2e125b2c0c0,python,ok,23,python,"",false,,,,,,,,,"",,
687123567,687123571,2367,e4e3604dffb932f0777fa313baf3a2e125b2c0c0,python,ok,25,python,"",false,,,,,,,,,"",,
687123567,687123572,2367,e4e3604dffb932f0777fa313baf3a2e125b2c0c0,python,ok,26,python,"",false,,,,,,,,,"",,
687123567,687123573,2367,e4e3604dffb932f0777fa313baf3a2e125b2c0c0,python,ok,26,python,"",false,,,,,,,,,"",,
687125278,687125279,2368,72b32af5a3df08becec6a4de3659cba37b59db84,python,ok,26,python,"",false,,,,,,,,,"",,
687125278,687125280,2368,72b32af5a3df08becec6a4de3659cba37b59db84,python,ok,23,python,"",false,,,,,,,,,"",,
687125278,687125281,2368,72b32af5a3df08becec6a4de3659cba37b59db84,python,ok,26,python,"",false,,,,,,,,,"",,
687600330,687600331,2369,bdcf85e0a5559b6326b66aab04e5655c60c6ab53,python,ok,23,python,"",false,,,,,,,,,"",,
687600330,687600332,2369,bdcf85e0a5559b6326b66aab04e5655c60c6ab53,python,ok,48,python,"",false,,,,,,,,,"",,
687600330,687600333,2369,bdcf85e0a5559b6326b66aab04e5655c60c6ab53,python,ok,33,python,"",false,,,,,,,,,"",,
689494104,689494105,2370,90d7b5c4e0b20fbd4211522e74ed3a44b41f42b8,python,ok,24,python,"",false,,,,,,,,,"",,
689494104,689494106,2370,90d7b5c4e0b20fbd4211522e74ed3a44b41f42b8,python,ok,24,python,"",false,,,,,,,,,"",,
689494104,689494107,2370,90d7b5c4e0b20fbd4211522e74ed3a44b41f42b8,python,ok,23,python,"",false,,,,,,,,,"",,
689494104,689494108,2370,90d7b5c4e0b20fbd4211522e74ed3a44b41f42b8,python,ok,24,python,"",false,,,,,,,,,"",,
689494104,689494109,2370,90d7b5c4e0b20fbd4211522e74ed3a44b41f42b8,python,ok,25,python,"",false,,,,,,,,,"",,
689494104,689494110,2370,90d7b5c4e0b20fbd4211522e74ed3a44b41f42b8,python,ok,25,python,"",false,,,,,,,,,"",,
689495111,689495112,2371,68e1cbdbb8823614d5049b8a704ba803e59d75d7,python,ok,26,python,"",false,,,,,,,,,"",,
689495111,689495113,2371,68e1cbdbb8823614d5049b8a704ba803e59d75d7,python,ok,24,python,"",false,,,,,,,,,"",,
689495111,689495114,2371,68e1cbdbb8823614d5049b8a704ba803e59d75d7,python,ok,23,python,"",false,,,,,,,,,"",,
689849621,689849622,2372,7f5f7745dc4ac1c5bcad8b40ed797defdb6ebfb3,python,ok,25,python,"",false,,,,,,,,,"",,
689849621,689849623,2372,7f5f7745dc4ac1c5bcad8b40ed797defdb6ebfb3,python,ok,22,python,"",false,,,,,,,,,"",,
689849621,689849624,2372,7f5f7745dc4ac1c5bcad8b40ed797defdb6ebfb3,python,ok,24,python,"",false,,,,,,,,,"",,
690164048,690164049,2373,c6979abd8ba9357411619583fb3a4409fa0403c1,python,ok,25,python,"",false,,,,,,,,,"",,
690164048,690164050,2373,c6979abd8ba9357411619583fb3a4409fa0403c1,python,ok,25,python,"",false,,,,,,,,,"",,
690164048,690164051,2373,c6979abd8ba9357411619583fb3a4409fa0403c1,python,ok,25,python,"",false,,,,,,,,,"",,
690164048,690164052,2373,c6979abd8ba9357411619583fb3a4409fa0403c1,python,ok,26,python,"",false,,,,,,,,,"",,
690164048,690164053,2373,c6979abd8ba9357411619583fb3a4409fa0403c1,python,ok,26,python,"",false,,,,,,,,,"",,
690164048,690164054,2373,c6979abd8ba9357411619583fb3a4409fa0403c1,python,ok,24,python,"",false,,,,,,,,,"",,
690165212,690165213,2374,4b92009db5bfe7b426b11ff5eb3872b0e0ad2585,python,ok,24,python,"",false,,,,,,,,,"",,
690165212,690165214,2374,4b92009db5bfe7b426b11ff5eb3872b0e0ad2585,python,ok,24,python,"",false,,,,,,,,,"",,
690165212,690165215,2374,4b92009db5bfe7b426b11ff5eb3872b0e0ad2585,python,ok,24,python,"",false,,,,,,,,,"",,
710555783,710555785,2375,0367bfeda14d0b5c37f6ef0773456c82b2dbce00,python,ok,27,python,"",false,,,,,,,,,"",,
710555783,710555787,2375,0367bfeda14d0b5c37f6ef0773456c82b2dbce00,python,ok,24,python,"",false,,,,,,,,,"",,
710555783,710555788,2375,0367bfeda14d0b5c37f6ef0773456c82b2dbce00,python,ok,22,python,"",false,,,,,,,,,"",,
710640821,710640822,2376,19efd610878c3e5b0f7b81d372566f9221e1af1d,python,ok,25,python,"",false,,,,,,,,,"",,
710640821,710640823,2376,19efd610878c3e5b0f7b81d372566f9221e1af1d,python,ok,26,python,"",false,,,,,,,,,"",,
710640821,710640824,2376,19efd610878c3e5b0f7b81d372566f9221e1af1d,python,ok,29,python,"",false,,,,,,,,,"",,
710640821,710640825,2376,19efd610878c3e5b0f7b81d372566f9221e1af1d,python,ok,30,python,"",false,,,,,,,,,"",,
710640821,710640826,2376,19efd610878c3e5b0f7b81d372566f9221e1af1d,python,ok,29,python,"",false,,,,,,,,,"",,
710640821,710640827,2376,19efd610878c3e5b0f7b81d372566f9221e1af1d,python,ok,29,python,"",false,,,,,,,,,"",,
710641634,710641635,2377,f560cbabc76b760410194ed418ac6ae67b289d64,python,ok,27,python,"",false,,,,,,,,,"",,
710641634,710641636,2377,f560cbabc76b760410194ed418ac6ae67b289d64,python,ok,26,python,"",false,,,,,,,,,"",,
710641634,710641637,2377,f560cbabc76b760410194ed418ac6ae67b289d64,python,ok,28,python,"",false,,,,,,,,,"",,
712341622,712341623,2378,b16fab68e4042dfe9252decc3da5ed51022796c2,python,ok,28,python,"",false,,,,,,,,,"",,
712341622,712341624,2378,b16fab68e4042dfe9252decc3da5ed51022796c2,python,ok,33,python,"",false,,,,,,,,,"",,
712341622,712341625,2378,b16fab68e4042dfe9252decc3da5ed51022796c2,python,ok,23,python,"",false,,,,,,,,,"",,
712342366,712342367,2379,bed2504ef3842dd83467b9de0fe08c7f99a134c9,python,ok,29,python,"",false,,,,,,,,,"",,
712342366,712342368,2379,bed2504ef3842dd83467b9de0fe08c7f99a134c9,python,ok,29,python,"",false,,,,,,,,,"",,
712342366,712342369,2379,bed2504ef3842dd83467b9de0fe08c7f99a134c9,python,ok,25,python,"",false,,,,,,,,,"",,
712342366,712342370,2379,bed2504ef3842dd83467b9de0fe08c7f99a134c9,python,ok,30,python,"",false,,,,,,,,,"",,
712342366,712342371,2379,bed2504ef3842dd83467b9de0fe08c7f99a134c9,python,ok,29,python,"",false,,,,,,,,,"",,
712342366,712342372,2379,bed2504ef3842dd83467b9de0fe08c7f99a134c9,python,ok,30,python,"",false,,,,,,,,,"",,
712343743,712343744,2380,eb96c7ef3831a075e4c7f28bc50d19ec799d9a33,python,ok,28,python,"",false,,,,,,,,,"",,
712343743,712343745,2380,eb96c7ef3831a075e4c7f28bc50d19ec799d9a33,python,ok,25,python,"",false,,,,,,,,,"",,
712343743,712343746,2380,eb96c7ef3831a075e4c7f28bc50d19ec799d9a33,python,ok,24,python,"",false,,,,,,,,,"",,
713423482,713423483,2381,20e604600575c8fc5dcc8488116df24189e0fdff,python,ok,29,python,"",false,,,,,,,,,"",,
713423482,713423484,2381,20e604600575c8fc5dcc8488116df24189e0fdff,python,ok,26,python,"",false,,,,,,,,,"",,
713423482,713423485,2381,20e604600575c8fc5dcc8488116df24189e0fdff,python,ok,23,python,"",false,,,,,,,,,"",,
713427206,713427207,2382,cb28831c2df33fa1844e0fbd9f96548acff92d63,python,ok,29,python,"",false,,,,,,,,,"",,
713427206,713427208,2382,cb28831c2df33fa1844e0fbd9f96548acff92d63,python,ok,28,python,"",false,,,,,,,,,"",,
713427206,713427210,2382,cb28831c2df33fa1844e0fbd9f96548acff92d63,python,ok,25,python,"",false,,,,,,,,,"",,
713427206,713427213,2382,cb28831c2df33fa1844e0fbd9f96548acff92d63,python,ok,30,python,"",false,,,,,,,,,"",,
713427206,713427217,2382,cb28831c2df33fa1844e0fbd9f96548acff92d63,python,ok,30,python,"",false,,,,,,,,,"",,
713427206,713427218,2382,cb28831c2df33fa1844e0fbd9f96548acff92d63,python,ok,30,python,"",false,,,,,,,,,"",,
713429058,713429059,2383,9733bfb245edcb80039b375e458f856f7b5024ab,python,ok,29,python,"",false,,,,,,,,,"",,
713429058,713429060,2383,9733bfb245edcb80039b375e458f856f7b5024ab,python,ok,27,python,"",false,,,,,,,,,"",,
713429058,713429061,2383,9733bfb245edcb80039b375e458f856f7b5024ab,python,ok,23,python,"",false,,,,,,,,,"",,
715663190,715663191,2384,e166faee8646e1b104208ec922cef522720c87fb,python,broken,29,python,"",false,,,,,,,,,"",,
715663190,715663192,2384,e166faee8646e1b104208ec922cef522720c87fb,python,broken,29,python,"",false,,,,,,,,,"",,
715663190,715663193,2384,e166faee8646e1b104208ec922cef522720c87fb,python,broken,22,python,"",false,,,,,,,,,"",,
715868765,715868766,2385,1749b133fe1f0b9013573547d8418daebfe89cd1,python,ok,30,python,"",false,,,,,,,,,"",,
715868765,715868767,2385,1749b133fe1f0b9013573547d8418daebfe89cd1,python,ok,29,python,"",false,,,,,,,,,"",,
715868765,715868768,2385,1749b133fe1f0b9013573547d8418daebfe89cd1,python,ok,25,python,"",false,,,,,,,,,"",,
715968437,715968438,2386,f152b0b00f977df2e9b9a3172c209b8e00506bee,python,ok,28,python,"",false,,,,,,,,,"",,
715968437,715968439,2386,f152b0b00f977df2e9b9a3172c209b8e00506bee,python,ok,28,python,"",false,,,,,,,,,"",,
715968437,715968440,2386,f152b0b00f977df2e9b9a3172c209b8e00506bee,python,ok,24,python,"",false,,,,,,,,,"",,
716562253,716562254,2387,cbbf7519283041072e11198253c46d2098d54e90,python,ok,30,python,"",false,,,,,,,,,"",,
716562253,716562256,2387,cbbf7519283041072e11198253c46d2098d54e90,python,ok,25,python,"",false,,,,,,,,,"",,
716562253,716562257,2387,cbbf7519283041072e11198253c46d2098d54e90,python,ok,23,python,"",false,,,,,,,,,"",,
716562952,716562953,2388,0066d33819210e483b16fc789b839ad15ed5c8b1,python,ok,29,python,"",false,,,,,,,,,"",,
716562952,716562954,2388,0066d33819210e483b16fc789b839ad15ed5c8b1,python,ok,27,python,"",false,,,,,,,,,"",,
716562952,716562955,2388,0066d33819210e483b16fc789b839ad15ed5c8b1,python,ok,25,python,"",false,,,,,,,,,"",,
716562952,716562956,2388,0066d33819210e483b16fc789b839ad15ed5c8b1,python,ok,30,python,"",false,,,,,,,,,"",,
716562952,716562957,2388,0066d33819210e483b16fc789b839ad15ed5c8b1,python,ok,29,python,"",false,,,,,,,,,"",,
716562952,716562958,2388,0066d33819210e483b16fc789b839ad15ed5c8b1,python,ok,30,python,"",false,,,,,,,,,"",,
716564994,716564995,2389,33131694c892e08edebdfc590d5bb28e43a59917,python,ok,28,python,"",false,,,,,,,,,"",,
716564994,716564996,2389,33131694c892e08edebdfc590d5bb28e43a59917,python,ok,29,python,"",false,,,,,,,,,"",,
716564994,716564997,2389,33131694c892e08edebdfc590d5bb28e43a59917,python,ok,25,python,"",false,,,,,,,,,"",,
716631599,716631600,2390,fd35ab1a29e3bf9576d8d90c40649f52b4aa6692,python,ok,31,python,"",false,,,,,,,,,"",,
716631599,716631601,2390,fd35ab1a29e3bf9576d8d90c40649f52b4aa6692,python,ok,30,python,"",false,,,,,,,,,"",,
716631599,716631602,2390,fd35ab1a29e3bf9576d8d90c40649f52b4aa6692,python,ok,42,python,"",false,,,,,,,,,"",,
716631599,716631603,2390,fd35ab1a29e3bf9576d8d90c40649f52b4aa6692,python,ok,29,python,"",false,,,,,,,,,"",,
716631599,716631604,2390,fd35ab1a29e3bf9576d8d90c40649f52b4aa6692,python,ok,34,python,"",false,,,,,,,,,"",,
716631599,716631605,2390,fd35ab1a29e3bf9576d8d90c40649f52b4aa6692,python,ok,29,python,"",false,,,,,,,,,"",,
716633208,716633209,2391,1ad5175e985dd8baeaba43e824e593500fe90b33,python,ok,33,python,"",false,,,,,,,,,"",,
716633208,716633210,2391,1ad5175e985dd8baeaba43e824e593500fe90b33,python,ok,29,python,"",false,,,,,,,,,"",,
716633208,716633211,2391,1ad5175e985dd8baeaba43e824e593500fe90b33,python,ok,25,python,"",false,,,,,,,,,"",,
716658795,716658796,2392,22ac5214a312f9f2d6b76b55825f18b5e3df75f3,python,broken,30,python,"",false,,,,,,,,,TestLambdaPackage.test_nested_submodules,,
716658795,716658797,2392,22ac5214a312f9f2d6b76b55825f18b5e3df75f3,python,broken,27,python,"",false,,,,,,,,,TestLambdaPackage.test_nested_submodules,,
716658795,716658798,2392,22ac5214a312f9f2d6b76b55825f18b5e3df75f3,python,broken,25,python,"",false,,,,,,,,,TestLambdaPackage.test_nested_submodules,,
716658795,716658799,2392,22ac5214a312f9f2d6b76b55825f18b5e3df75f3,unknown,unknown,,plain,"",false,,,,,,,,,"",,
716658795,716658800,2392,22ac5214a312f9f2d6b76b55825f18b5e3df75f3,unknown,unknown,,plain,"",false,,,,,,,,,"",,
716664387,716664388,2393,22ac5214a312f9f2d6b76b55825f18b5e3df75f3,python,broken,30,python,"",false,,,,,,,,,TestLambdaPackage.test_nested_submodules,,
716664387,716664389,2393,22ac5214a312f9f2d6b76b55825f18b5e3df75f3,python,broken,43,python,"",false,,,,,,,,,TestLambdaPackage.test_nested_submodules,,
716664387,716664390,2393,22ac5214a312f9f2d6b76b55825f18b5e3df75f3,python,broken,22,python,"",false,,,,,,,,,TestLambdaPackage.test_nested_submodules,,
716680269,716680270,2394,1db83fc3b1149574e797929a4d7a4fcb806b3646,python,ok,29,python,"",false,,,,,,,,,"",,
716680269,716680271,2394,1db83fc3b1149574e797929a4d7a4fcb806b3646,python,ok,27,python,"",false,,,,,,,,,"",,
716680269,716680272,2394,1db83fc3b1149574e797929a4d7a4fcb806b3646,python,ok,22,python,"",false,,,,,,,,,"",,
716686160,716686161,2395,76b92cee078db2c7fd1435b63eb379bf4796a4c2,python,ok,31,python,"",false,,,,,,,,,"",,
716686160,716686162,2395,76b92cee078db2c7fd1435b63eb379bf4796a4c2,python,ok,29,python,"",false,,,,,,,,,"",,
716686160,716686163,2395,76b92cee078db2c7fd1435b63eb379bf4796a4c2,python,ok,29,python,"",false,,,,,,,,,"",,
716686160,716686164,2395,76b92cee078db2c7fd1435b63eb379bf4796a4c2,python,ok,30,python,"",false,,,,,,,,,"",,
716686160,716686165,2395,76b92cee078db2c7fd1435b63eb379bf4796a4c2,python,ok,30,python,"",false,,,,,,,,,"",,
716686160,716686166,2395,76b92cee078db2c7fd1435b63eb379bf4796a4c2,python,ok,31,python,"",false,,,,,,,,,"",,
716688049,716688050,2396,6bc857c0ed324caba3727be5e860bcb04c27e4d2,python,ok,30,python,"",false,,,,,,,,,"",,
716688049,716688051,2396,6bc857c0ed324caba3727be5e860bcb04c27e4d2,python,ok,26,python,"",false,,,,,,,,,"",,
716688049,716688052,2396,6bc857c0ed324caba3727be5e860bcb04c27e4d2,python,ok,25,python,"",false,,,,,,,,,"",,
716690627,716690628,2397,a5d23a4b05592250c2ec0304d77571675628b00d,python,ok,30,python,"",false,,,,,,,,,"",,
716690627,716690629,2397,a5d23a4b05592250c2ec0304d77571675628b00d,python,ok,31,python,"",false,,,,,,,,,"",,
716690627,716690630,2397,a5d23a4b05592250c2ec0304d77571675628b00d,python,ok,26,python,"",false,,,,,,,,,"",,
716690627,716690631,2397,a5d23a4b05592250c2ec0304d77571675628b00d,python,ok,30,python,"",false,,,,,,,,,"",,
716690627,716690632,2397,a5d23a4b05592250c2ec0304d77571675628b00d,python,ok,30,python,"",false,,,,,,,,,"",,
717047107,717047108,2398,d1f601e04b845c8af9ba9b8f7b1b69ca3b10d4bc,python,ok,43,python,"",false,,,,,,,,,"",,
717047107,717047109,2398,d1f601e04b845c8af9ba9b8f7b1b69ca3b10d4bc,python,ok,27,python,"",false,,,,,,,,,"",,
717047107,717047110,2398,d1f601e04b845c8af9ba9b8f7b1b69ca3b10d4bc,python,ok,24,python,"",false,,,,,,,,,"",,
723234237,723234238,2399,3341888cf1a3480a65761279ce9b1c422652e5d0,python,broken,29,python,"",false,,,,,,,,,"",,
723234237,723234239,2399,3341888cf1a3480a65761279ce9b1c422652e5d0,python,broken,27,python,"",false,,,,,,,,,"",,
723234237,723234240,2399,3341888cf1a3480a65761279ce9b1c422652e5d0,python,broken,25,python,"",false,,,,,,,,,"",,
723246236,723246237,2400,6f1a75d9f65e3e2393a5124a93d31634f1d1b926,python,ok,29,python,"",false,,,,,,,,,"",,
723246236,723246238,2400,6f1a75d9f65e3e2393a5124a93d31634f1d1b926,python,broken,28,python,"",false,,,,,,,,,"",,
723246236,723246239,2400,6f1a75d9f65e3e2393a5124a93d31634f1d1b926,python,ok,23,python,"",false,,,,,,,,,"",,
723248138,723248139,2401,e587816ff557076b1d7505c40a0fdca80e899d8a,python,ok,30,python,"",false,,,,,,,,,"",,
723248138,723248140,2401,e587816ff557076b1d7505c40a0fdca80e899d8a,python,ok,27,python,"",false,,,,,,,,,"",,
723248138,723248141,2401,e587816ff557076b1d7505c40a0fdca80e899d8a,python,ok,22,python,"",false,,,,,,,,,"",,
723254503,723254504,2402,58a574ed575ae7d9f57ab74baf3d38a5248a8abd,python,ok,30,python,"",false,,,,,,,,,"",,
723254503,723254505,2402,58a574ed575ae7d9f57ab74baf3d38a5248a8abd,python,ok,29,python,"",false,,,,,,,,,"",,
723254503,723254506,2402,58a574ed575ae7d9f57ab74baf3d38a5248a8abd,python,ok,25,python,"",false,,,,,,,,,"",,
723254503,723254507,2402,58a574ed575ae7d9f57ab74baf3d38a5248a8abd,python,ok,30,python,"",false,,,,,,,,,"",,
723254503,723254508,2402,58a574ed575ae7d9f57ab74baf3d38a5248a8abd,python,ok,31,python,"",false,,,,,,,,,"",,
723254503,723254509,2402,58a574ed575ae7d9f57ab74baf3d38a5248a8abd,python,ok,29,python,"",false,,,,,,,,,"",,
723255955,723255956,2403,95e429e26dc7c3958e28c15f04a29e8cbff57a43,python,ok,32,python,"",false,,,,,,,,,"",,
723255955,723255957,2403,95e429e26dc7c3958e28c15f04a29e8cbff57a43,python,ok,30,python,"",false,,,,,,,,,"",,
723255955,723255958,2403,95e429e26dc7c3958e28c15f04a29e8cbff57a43,python,ok,23,python,"",false,,,,,,,,,"",,
723277987,723277988,2404,b9059b392095d788657ff1b4ade2929b3e60d516,python,ok,29,python,"",false,,,,,,,,,"",,
723277987,723277989,2404,b9059b392095d788657ff1b4ade2929b3e60d516,python,ok,28,python,"",false,,,,,,,,,"",,
723277987,723277990,2404,b9059b392095d788657ff1b4ade2929b3e60d516,python,ok,24,python,"",false,,,,,,,,,"",,
723277987,723277991,2404,b9059b392095d788657ff1b4ade2929b3e60d516,python,ok,31,python,"",false,,,,,,,,,"",,
723277987,723277992,2404,b9059b392095d788657ff1b4ade2929b3e60d516,python,ok,30,python,"",false,,,,,,,,,"",,
726458194,726458195,2405,3242f699dd109048c20ff79b1ed2d0238edcba2c,python,ok,30,python,"",false,,,,,,,,,"",,
726458194,726458196,2405,3242f699dd109048c20ff79b1ed2d0238edcba2c,python,ok,26,python,"",false,,,,,,,,,"",,
726458194,726458197,2405,3242f699dd109048c20ff79b1ed2d0238edcba2c,python,ok,24,python,"",false,,,,,,,,,"",,
726458194,726458198,2405,3242f699dd109048c20ff79b1ed2d0238edcba2c,python,ok,29,python,"",false,,,,,,,,,"",,
726458194,726458199,2405,3242f699dd109048c20ff79b1ed2d0238edcba2c,python,ok,29,python,"",false,,,,,,,,,"",,
726458194,726458200,2405,3242f699dd109048c20ff79b1ed2d0238edcba2c,python,ok,29,python,"",false,,,,,,,,,"",,
726458989,726458990,2406,86ac546843fec1dcf17b0694980bb49f2c6d725a,python,ok,28,python,"",false,,,,,,,,,"",,
726458989,726458991,2406,86ac546843fec1dcf17b0694980bb49f2c6d725a,python,ok,25,python,"",false,,,,,,,,,"",,
726458989,726458992,2406,86ac546843fec1dcf17b0694980bb49f2c6d725a,python,ok,24,python,"",false,,,,,,,,,"",,
734639842,734639843,2407,93778e32983fa1e5d986ad715701dd805571719e,python,ok,28,python,"",false,,,,,,,,,"",,
734639842,734639844,2407,93778e32983fa1e5d986ad715701dd805571719e,python,ok,25,python,"",false,,,,,,,,,"",,
734639842,734639845,2407,93778e32983fa1e5d986ad715701dd805571719e,python,ok,25,python,"",false,,,,,,,,,"",,
735020509,735020510,2408,3bf1012bdb5cec5bdfaf0bdb3bc3b104fe5224e2,python,ok,30,python,"",false,,,,,,,,,"",,
735020509,735020511,2408,3bf1012bdb5cec5bdfaf0bdb3bc3b104fe5224e2,python,ok,27,python,"",false,,,,,,,,,"",,
735020509,735020512,2408,3bf1012bdb5cec5bdfaf0bdb3bc3b104fe5224e2,python,ok,22,python,"",false,,,,,,,,,"",,
735020509,735020513,2408,3bf1012bdb5cec5bdfaf0bdb3bc3b104fe5224e2,python,ok,29,python,"",false,,,,,,,,,"",,
735020509,735020514,2408,3bf1012bdb5cec5bdfaf0bdb3bc3b104fe5224e2,python,ok,30,python,"",false,,,,,,,,,"",,
735020509,735020515,2408,3bf1012bdb5cec5bdfaf0bdb3bc3b104fe5224e2,python,ok,28,python,"",false,,,,,,,,,"",,
735021515,735021516,2409,a81fceef220df911f8638ee90f423af7cac3e87c,python,ok,29,python,"",false,,,,,,,,,"",,
735021515,735021517,2409,a81fceef220df911f8638ee90f423af7cac3e87c,python,ok,27,python,"",false,,,,,,,,,"",,
735021515,735021518,2409,a81fceef220df911f8638ee90f423af7cac3e87c,python,ok,23,python,"",false,,,,,,,,,"",,
735022475,735022476,2410,46a261e918fd8ba25bcafa58f0a35e9b692f40bb,python,ok,29,python,"",false,,,,,,,,,"",,
735022475,735022477,2410,46a261e918fd8ba25bcafa58f0a35e9b692f40bb,python,ok,26,python,"",false,,,,,,,,,"",,
735022475,735022478,2410,46a261e918fd8ba25bcafa58f0a35e9b692f40bb,python,ok,24,python,"",false,,,,,,,,,"",,
735023088,735023089,2411,a1cb2bf55816b7b71e14e49692de1de564c97c4a,python,ok,29,python,"",false,,,,,,,,,"",,
735023088,735023090,2411,a1cb2bf55816b7b71e14e49692de1de564c97c4a,python,ok,26,python,"",false,,,,,,,,,"",,
735023088,735023091,2411,a1cb2bf55816b7b71e14e49692de1de564c97c4a,python,ok,25,python,"",false,,,,,,,,,"",,
735062016,735062017,2412,b70167a7cb4e144fb76a4b21193ec8fc35902096,python,ok,29,python,"",false,,,,,,,,,"",,
735062016,735062018,2412,b70167a7cb4e144fb76a4b21193ec8fc35902096,python,ok,26,python,"",false,,,,,,,,,"",,
735062016,735062019,2412,b70167a7cb4e144fb76a4b21193ec8fc35902096,python,ok,24,python,"",false,,,,,,,,,"",,
735062016,735062020,2412,b70167a7cb4e144fb76a4b21193ec8fc35902096,python,ok,28,python,"",false,,,,,,,,,"",,
735062016,735062021,2412,b70167a7cb4e144fb76a4b21193ec8fc35902096,python,ok,27,python,"",false,,,,,,,,,"",,
735062016,735062022,2412,b70167a7cb4e144fb76a4b21193ec8fc35902096,python,ok,31,python,"",false,,,,,,,,,"",,
735067620,735067621,2413,d48ae879e24ba7ef98f0836f56042d1cebd854ea,python,ok,29,python,"",false,,,,,,,,,"",,
735067620,735067622,2413,d48ae879e24ba7ef98f0836f56042d1cebd854ea,python,ok,30,python,"",false,,,,,,,,,"",,
735067620,735067623,2413,d48ae879e24ba7ef98f0836f56042d1cebd854ea,python,ok,24,python,"",false,,,,,,,,,"",,
735627105,735627106,2414,f53e6256991a0bf0d9e17038b364e86cb256eb5a,python,ok,27,python,"",false,,,,,,,,,"",,
735627105,735627107,2414,f53e6256991a0bf0d9e17038b364e86cb256eb5a,python,ok,24,python,"",false,,,,,,,,,"",,
735627105,735627108,2414,f53e6256991a0bf0d9e17038b364e86cb256eb5a,python,ok,22,python,"",false,,,,,,,,,"",,
737068908,737068916,2415,388f076c2d3207f1f626fabb5aa8ea11ae5205c9,python,ok,27,python,"",false,,,,,,,,,"",,
737068908,737068917,2415,388f076c2d3207f1f626fabb5aa8ea11ae5205c9,python,ok,27,python,"",false,,,,,,,,,"",,
737068908,737068918,2415,388f076c2d3207f1f626fabb5aa8ea11ae5205c9,python,ok,23,python,"",false,,,,,,,,,"",,
739153933,739153934,2416,65368c589ce629083a51261e77ad3322b321fd22,python,ok,30,python,"",false,,,,,,,,,"",,
739153933,739153935,2416,65368c589ce629083a51261e77ad3322b321fd22,python,ok,27,python,"",false,,,,,,,,,"",,
739153933,739153936,2416,65368c589ce629083a51261e77ad3322b321fd22,python,ok,24,python,"",false,,,,,,,,,"",,
739153933,739153937,2416,65368c589ce629083a51261e77ad3322b321fd22,python,ok,28,python,"",false,,,,,,,,,"",,
739153933,739153938,2416,65368c589ce629083a51261e77ad3322b321fd22,python,ok,30,python,"",false,,,,,,,,,"",,
739153933,739153939,2416,65368c589ce629083a51261e77ad3322b321fd22,python,ok,34,python,"",false,,,,,,,,,"",,
739153957,739153958,2417,a03467ee2889643213eb12bb1b66a1fe769c5950,python,ok,30,python,"",false,,,,,,,,,"",,
739153957,739153959,2417,a03467ee2889643213eb12bb1b66a1fe769c5950,python,ok,28,python,"",false,,,,,,,,,"",,
739153957,739153960,2417,a03467ee2889643213eb12bb1b66a1fe769c5950,python,ok,23,python,"",false,,,,,,,,,"",,
739153957,739153961,2417,a03467ee2889643213eb12bb1b66a1fe769c5950,python,ok,30,python,"",false,,,,,,,,,"",,
739153957,739153962,2417,a03467ee2889643213eb12bb1b66a1fe769c5950,python,ok,27,python,"",false,,,,,,,,,"",,
739153957,739153963,2417,a03467ee2889643213eb12bb1b66a1fe769c5950,python,ok,30,python,"",false,,,,,,,,,"",,
739168127,739168128,2418,a0fc92ca159cb14e5570c37a071f542529efc946,python,ok,29,python,"",false,,,,,,,,,"",,
739168127,739168129,2418,a0fc92ca159cb14e5570c37a071f542529efc946,python,ok,26,python,"",false,,,,,,,,,"",,
739168127,739168130,2418,a0fc92ca159cb14e5570c37a071f542529efc946,python,ok,23,python,"",false,,,,,,,,,"",,
739174399,739174400,2419,e2cbc009b0782ab9048ad19da61a3903177d90eb,python,ok,27,python,"",false,,,,,,,,,"",,
739174399,739174401,2419,e2cbc009b0782ab9048ad19da61a3903177d90eb,python,ok,27,python,"",false,,,,,,,,,"",,
739174399,739174402,2419,e2cbc009b0782ab9048ad19da61a3903177d90eb,python,ok,22,python,"",false,,,,,,,,,"",,
745626952,745626953,2420,24d48b170c5fa51eb8eef0586cb438daca6fccd9,python,broken,27,python,"",false,,,,,,,,,"",,
745626952,745626954,2420,24d48b170c5fa51eb8eef0586cb438daca6fccd9,python,broken,26,python,"",false,,,,,,,,,"",,
745626952,745626955,2420,24d48b170c5fa51eb8eef0586cb438daca6fccd9,python,broken,22,python,"",false,,,,,,,,,"",,
746968617,746968618,2421,809171b715a3ed4f81a240c2cbf079d71b2fd7ad,python,broken,27,python,"",false,,,,,,,,,"",,
746968617,746968619,2421,809171b715a3ed4f81a240c2cbf079d71b2fd7ad,python,broken,26,python,"",false,,,,,,,,,"",,
746968617,746968620,2421,809171b715a3ed4f81a240c2cbf079d71b2fd7ad,python,broken,22,python,"",false,,,,,,,,,"",,
746968648,746968649,2422,7c738341d998ba8c4d11cb6d3693f998167bbfaa,python,broken,26,python,"",false,,,,,,,,,"",,
746968648,746968650,2422,7c738341d998ba8c4d11cb6d3693f998167bbfaa,python,broken,28,python,"",false,,,,,,,,,"",,
746968648,746968651,2422,7c738341d998ba8c4d11cb6d3693f998167bbfaa,python,broken,20,python,"",false,,,,,,,,,"",,
746969158,746969159,2423,f6bf9414c3dd5956c289851a8b6855c7f0ebceeb,python,broken,30,python,"",false,,,,,,,,,"",,
746969158,746969160,2423,f6bf9414c3dd5956c289851a8b6855c7f0ebceeb,python,broken,25,python,"",false,,,,,,,,,"",,
746969158,746969161,2423,f6bf9414c3dd5956c289851a8b6855c7f0ebceeb,python,broken,21,python,"",false,,,,,,,,,"",,
747045790,747045791,2424,6f80e945e7a163a6cd51697a541a6880ab1bd145,python,broken,27,python,"",false,,,,,,,,,"",,
747045790,747045792,2424,6f80e945e7a163a6cd51697a541a6880ab1bd145,python,broken,27,python,"",false,,,,,,,,,"",,
747045790,747045793,2424,6f80e945e7a163a6cd51697a541a6880ab1bd145,python,broken,23,python,"",false,,,,,,,,,"",,
747196917,747196918,2425,f6efcb1e173b14b92874182a54fb9e2bf6733234,python,ok,27,python,"",false,,,,,,,,,"",,
747196917,747196919,2425,f6efcb1e173b14b92874182a54fb9e2bf6733234,python,ok,27,python,"",false,,,,,,,,,"",,
747196917,747196920,2425,f6efcb1e173b14b92874182a54fb9e2bf6733234,python,ok,23,python,"",false,,,,,,,,,"",,
748833442,748833443,2426,6fdb0d250b83b3b65db739599e57399eded1731a,python,broken,29,python,"",false,,,,,,,,,"",,
748833442,748833444,2426,6fdb0d250b83b3b65db739599e57399eded1731a,python,broken,27,python,"",false,,,,,,,,,"",,
748833442,748833445,2426,6fdb0d250b83b3b65db739599e57399eded1731a,python,broken,22,python,"",false,,,,,,,,,"",,
748833442,748833446,2426,6fdb0d250b83b3b65db739599e57399eded1731a,python,broken,28,python,"",false,,,,,,,,,"",,
749201088,749201089,2427,247d3b244019d7720c809d2eb5f8d8372e93ff5e,python,broken,26,python,"",false,,,,,,,,,"",,
749201088,749201090,2427,247d3b244019d7720c809d2eb5f8d8372e93ff5e,python,broken,23,python,"",false,,,,,,,,,"",,
749201088,749201091,2427,247d3b244019d7720c809d2eb5f8d8372e93ff5e,python,broken,21,python,"",false,,,,,,,,,"",,
749201088,749201092,2427,247d3b244019d7720c809d2eb5f8d8372e93ff5e,python,broken,25,python,"",false,,,,,,,,,"",,
749269878,749269879,2428,ebb9a34c6199cb2cc62101cc68c32e6eb7d5d692,python,broken,25,python,"",false,,,,,,,,,"",,
749269878,749269880,2428,ebb9a34c6199cb2cc62101cc68c32e6eb7d5d692,python,broken,25,python,"",false,,,,,,,,,"",,
749269878,749269881,2428,ebb9a34c6199cb2cc62101cc68c32e6eb7d5d692,python,broken,24,python,"",false,,,,,,,,,"",,
749269878,749269882,2428,ebb9a34c6199cb2cc62101cc68c32e6eb7d5d692,python,broken,25,python,"",false,,,,,,,,,"",,
749297278,749297279,2429,263225743736aaee93559d64acb5600bed0fd089,python,broken,26,python,"",false,,,,,,,,,"",,
749297278,749297280,2429,263225743736aaee93559d64acb5600bed0fd089,python,broken,23,python,"",false,,,,,,,,,"",,
749297278,749297281,2429,263225743736aaee93559d64acb5600bed0fd089,python,broken,20,python,"",false,,,,,,,,,"",,
749297278,749297282,2429,263225743736aaee93559d64acb5600bed0fd089,python,broken,27,python,"",false,,,,,,,,,"",,
749308051,749308052,2430,bb25e31b970afc026918007b54fae0f4f08c5477,python,ok,28,python,"",false,,,,,,,,,"",,
749308051,749308053,2430,bb25e31b970afc026918007b54fae0f4f08c5477,python,ok,26,python,"",false,,,,,,,,,"",,
749308051,749308054,2430,bb25e31b970afc026918007b54fae0f4f08c5477,python,ok,22,python,"",false,,,,,,,,,"",,
749308051,749308055,2430,bb25e31b970afc026918007b54fae0f4f08c5477,python,broken,27,python,"",false,,,,,,,,,"",,
749398221,749398222,2431,81094917b282effba5af56897c5ccd9dc830131b,python,ok,28,python,"",false,,,,,,,,,"",,
749398221,749398223,2431,81094917b282effba5af56897c5ccd9dc830131b,python,ok,25,python,"",false,,,,,,,,,"",,
749398221,749398224,2431,81094917b282effba5af56897c5ccd9dc830131b,python,ok,21,python,"",false,,,,,,,,,"",,
749501713,749501715,2432,42599f94acf57db4312d8040272a8bee06e43913,python,ok,27,python,"",false,,,,,,,,,"",,
749501713,749501716,2432,42599f94acf57db4312d8040272a8bee06e43913,python,ok,26,python,"",false,,,,,,,,,"",,
749501713,749501717,2432,42599f94acf57db4312d8040272a8bee06e43913,python,ok,22,python,"",false,,,,,,,,,"",,
749501713,749501718,2432,42599f94acf57db4312d8040272a8bee06e43913,python,broken,27,python,"",false,,,,,,,,,"",,
749694232,749694233,2433,5519511e25ad67c7b7740976f6673d89271154fd,python,broken,26,python,"",false,,,,,,,,,"",,
749694232,749694234,2433,5519511e25ad67c7b7740976f6673d89271154fd,python,broken,25,python,"",false,,,,,,,,,"",,
749694232,749694235,2433,5519511e25ad67c7b7740976f6673d89271154fd,python,broken,22,python,"",false,,,,,,,,,"",,
749727277,749727278,2434,55b8da06090ef7c2aab4d33d77fbe267d046af17,python,ok,27,python,"",false,,,,,,,,,"",,
749727277,749727279,2434,55b8da06090ef7c2aab4d33d77fbe267d046af17,python,ok,25,python,"",false,,,,,,,,,"",,
749727277,749727280,2434,55b8da06090ef7c2aab4d33d77fbe267d046af17,python,ok,21,python,"",false,,,,,,,,,"",,
749806649,749806650,2435,30f743142b0ee0be954d011e4341decbf1f28754,python,ok,30,python,"",false,,,,,,,,,"",,
749806649,749806651,2435,30f743142b0ee0be954d011e4341decbf1f28754,python,ok,27,python,"",false,,,,,,,,,"",,
749806649,749806652,2435,30f743142b0ee0be954d011e4341decbf1f28754,python,ok,22,python,"",false,,,,,,,,,"",,
749813843,749813844,2436,b5a3d6b7b30ada1997ccbe773b89c89382496bdd,python,ok,27,python,"",false,,,,,,,,,"",,
749813843,749813845,2436,b5a3d6b7b30ada1997ccbe773b89c89382496bdd,python,ok,27,python,"",false,,,,,,,,,"",,
749813843,749813846,2436,b5a3d6b7b30ada1997ccbe773b89c89382496bdd,python,ok,22,python,"",false,,,,,,,,,"",,
749813843,749813847,2436,b5a3d6b7b30ada1997ccbe773b89c89382496bdd,python,ok,28,python,"",false,,,,,,,,,"",,
749813843,749813848,2436,b5a3d6b7b30ada1997ccbe773b89c89382496bdd,python,ok,29,python,"",false,,,,,,,,,"",,
749813843,749813849,2436,b5a3d6b7b30ada1997ccbe773b89c89382496bdd,python,ok,28,python,"",false,,,,,,,,,"",,
749822197,749822200,2437,b07944e1ab11fbe9818aa01d738f2e4ce94fd430,python,ok,29,python,"",false,,,,,,,,,"",,
749822197,749822201,2437,b07944e1ab11fbe9818aa01d738f2e4ce94fd430,python,ok,24,python,"",false,,,,,,,,,"",,
749822197,749822202,2437,b07944e1ab11fbe9818aa01d738f2e4ce94fd430,python,ok,21,python,"",false,,,,,,,,,"",,
