build_id,commit,pull_req,branch,status,duration,started_at,jobs,event_type
739711518,7a7794f63d1c57e3c074f5f1bd744e921b15668c,,main,passed,2718,2020-10-28 20:40:41 UTC,739711519,739711520,739711521,739711522,739711523,push
739662313,ccb7c3b028b190bc881d4c4971afeadf1ab1557a,631,main,passed,2748,2020-10-28 17:42:58 UTC,739662314,739662315,739662316,739662317,739662318,pull_request
739632650,f95045530a141ec21c759a693fe7515dc21252a7,631,main,passed,2729,2020-10-28 16:00:49 UTC,739632651,739632652,739632653,739632654,739632655,pull_request
739483865,5649b7ed9003ecb4c12ecae0b3e009dedddb3bdf,631,main,failed,2156,2020-10-28 02:46:08 UTC,739483866,739483867,739483868,739483869,739483870,pull_request
739464848,6fd5281e28e022b2ce28e0ec98a3135653be601b,631,main,failed,2151,2020-10-28 01:19:54 UTC,739464849,739464850,739464851,739464852,739464853,pull_request
739463888,6cd18cbe39e276a42fe211227435473a0335c350,631,main,canceled,-4846,2020-10-28 00:54:15 UTC,739463889,739463890,739463891,739463893,739463895,pull_request
739434145,2add4bf06ce9cacd66f527065f3cb22451b00b45,,main,passed,2785,2020-10-27 22:56:52 UTC,739434149,739434150,739434151,739434152,739434153,push
739371156,6d6e990ed4676155f0fc334707a2ada8293e7263,631,main,passed,2752,2020-10-27 19:15:07 UTC,739371157,739371158,739371159,739371160,739371161,pull_request
739349244,85c16c37377136b466da2214a681fb8030530fab,631,main,canceled,0,,739349245,739349246,739349247,739349248,739349249,pull_request
739347252,b4c95f29e2db341790bb88139bbc7712832568c3,631,main,canceled,0,,739347253,739347254,739347255,739347256,739347257,pull_request
739345975,a7c93291024261bd6635a8d934e224f3af4f26e8,631,main,canceled,0,,739345976,739345977,739345978,739345979,739345980,pull_request
739345118,28b402f014e3423e16cfbf3f9675e43adbda9189,631,main,canceled,0,,739345119,739345120,739345121,739345122,739345123,pull_request
739344452,8ca65b4d1929833b5d266af38b6903238aa53b04,631,main,canceled,0,,739344453,739344454,739344455,739344456,739344457,pull_request
739343431,9ed0b626a33c76f1521240d6f8b794ae0b415c32,631,main,canceled,0,,739343432,739343433,739343434,739343435,739343436,pull_request
739328428,a530509e5631a24c0ecd6241e70ab305bbf79b1b,632,main,passed,2802,2020-10-27 16:40:00 UTC,739328429,739328430,739328431,739328432,739328433,pull_request
739243040,e04e5ce9d1652217210e016ae9598804e441fb0d,632,main,passed,2736,2020-10-27 10:52:10 UTC,739243041,739243042,739243043,739243044,739243045,pull_request
739242015,b003675472880acd81646d505d81e7d902856345,632,main,canceled,0,,739242016,739242017,739242018,739242019,739242020,pull_request
739234207,325a07c9b29613ae2be45a7721f45a3c06882671,632,main,canceled,0,,739234208,739234209,739234210,739234211,739234212,pull_request
739228276,4d0bc9fd269484876ecb0aaf08840defdfd825df,631,main,passed,2683,2020-10-27 09:41:57 UTC,739228277,739228278,739228279,739228280,739228281,pull_request
737720415,3b634038d6ff8fcf513f5c19d6d14794e78a2ff8,,main,passed,2677,2020-10-21 13:47:02 UTC,737720416,737720417,737720418,737720419,737720420,push
737546418,58df24cc18bc9c14fc656f48f5636841f262f881,629,main,passed,2762,2020-10-20 21:45:01 UTC,737546419,737546420,737546421,737546422,737546423,pull_request
737521414,a23d85331bf401c37b025199256fad1c5e9d55c0,629,main,passed,2841,2020-10-20 19:55:43 UTC,737521415,737521416,737521417,737521418,737521419,pull_request
737175643,2a4892a0a558698a6da6d6435d01fc503ac354a5,629,main,passed,2713,2020-10-19 18:57:45 UTC,737175644,737175645,737175646,737175647,737175648,pull_request
736175420,d02187bbcd1543cd9a4c1b91e268388366da0be2,,main,passed,2743,2020-10-15 20:55:57 UTC,736175421,736175422,736175423,736175424,736175425,push
736163037,846f1a993ebcacf884b585217e5bcad78a48b38a,628,main,passed,2737,2020-10-15 20:28:40 UTC,736163038,736163039,736163040,736163041,736163042,pull_request
736162888,492188f83a9cec67a9d637dd5ac28c3acdf58b5a,,fix-broken-links,passed,2788,2020-10-15 20:15:56 UTC,736162889,736162890,736162891,736162892,736162893,push
736162300,b622c956cb245f89e656fe7be47a9a6f571e9919,,fix-broken-links,passed,2830,2020-10-15 20:07:10 UTC,736162301,736162302,736162303,736162304,736162305,push
736148712,43127e2a0194b5694fff3b4eeb71ab1949ba11b7,,main,passed,2717,2020-10-15 19:16:56 UTC,736148713,736148714,736148715,736148716,736148717,push
736139739,38a8461cc585da9251371bf23ff1be271ac73461,627,main,passed,2745,2020-10-15 18:52:52 UTC,736139740,736139741,736139742,736139743,736139744,pull_request
736139366,e836f923c66f105a9234375088093a83e1867911,,update-badges,passed,2768,2020-10-15 18:42:51 UTC,736139368,736139369,736139371,736139372,736139373,push
736121473,09ff6b9044a7902dff78de1e914cdee573771f66,,main,passed,2708,2020-10-15 17:44:28 UTC,736121474,736121475,736121476,736121477,736121478,push
736049023,d8249617dae981cc3342d4cd138caf094061e084,,main,passed,2781,2020-10-15 14:03:44 UTC,736049024,736049025,736049026,736049027,736049028,push
735948283,59bccc8a4884603e4af14fcf4aa88b60c8025b4f,626,master,passed,2773,2020-10-15 06:25:42 UTC,735948284,735948285,735948286,735948287,735948288,pull_request
704017807,d8249617dae981cc3342d4cd138caf094061e084,,master,passed,2687,2020-07-01 17:35:01 UTC,704017808,704017809,704017810,704017811,704017812,push
703998108,159d2fade6b11d38f6dbb913975b7419222f670c,622,master,passed,2634,2020-07-01 17:05:35 UTC,703998109,703998110,703998111,703998112,703998113,pull_request
703998069,e876bbb85d2b0f264490a502e76953b6db4f3591,,refactor-code-for-meta-learners,passed,2683,2020-07-01 16:43:22 UTC,703998070,703998071,703998072,703998073,703998074,push
700234737,cb308cc53c2663fd14a69f799ab38ff237a5fcf2,622,master,passed,2616,2020-06-19 22:43:40 UTC,700234738,700234739,700234740,700234741,700234742,pull_request
700234719,0a026d2ade61f466bb810d7ec844492626675f5b,,refactor-code-for-meta-learners,passed,2623,2020-06-19 22:38:43 UTC,700234720,700234721,700234722,700234723,700234724,push
700231243,114860f92621b083c5fb62392f7ac08881227ec2,622,master,passed,2673,2020-06-19 22:25:17 UTC,700231244,700231245,700231246,700231247,700231248,pull_request
700231237,77e615087ba8f4d2bad75622e108a695e9fffc9f,,refactor-code-for-meta-learners,passed,2782,2020-06-19 22:19:56 UTC,700231238,700231239,700231240,700231241,700231242,push
700212250,a438fe52ea8c4c64064aa3ecc9e0f9675f3909ee,622,master,failed,2649,2020-06-19 21:08:50 UTC,700212251,700212252,700212253,700212254,700212255,pull_request
700212240,9910394cf5a9c794f7829fa227439fd5fcea8899,,refactor-code-for-meta-learners,failed,2612,2020-06-19 21:03:45 UTC,700212241,700212242,700212243,700212244,700212245,push
700094024,585bec3c404a69d73616dbd0beae90df66f8f4ed,622,master,passed,2708,2020-06-19 14:20:11 UTC,700094025,700094026,700094027,700094028,700094029,pull_request
699937806,e2bbc0f6c57ed01eb0f6762d93b208e147976743,,refactor-code-for-meta-learners,passed,2589,2020-06-19 02:36:12 UTC,699937807,699937808,699937809,699937810,699937811,push
699928146,14148af156b9e4500226a7cd3f4661232b59533c,,refactor-code-for-meta-learners,passed,2615,2020-06-19 01:35:02 UTC,699928147,699928148,699928149,699928150,699928151,push
699923713,9afa349c300b6ce1de7f2763e021d2d3f2e64a02,,refactor-code-for-meta-learners,failed,2626,2020-06-19 01:09:19 UTC,699923714,699923715,699923716,699923717,699923718,push
699772986,8d728de846c6ff817781c8dbbf2406a6b45e125d,,refactor-code-for-meta-learners,failed,2626,2020-06-18 16:15:08 UTC,699772987,699772988,699772989,699772990,699772991,push
699771602,34bc40b415a38f927f1a40bb8c88ecb954d38251,,refactor-code-for-meta-learners,canceled,738,2020-06-18 16:11:26 UTC,699771603,699771604,699771605,699771606,699771607,push
699755017,b7ba55b584fbe467e4f39988dfbe003685f94c74,,refactor-code-for-meta-learners,failed,2177,2020-06-18 15:34:17 UTC,699755019,699755022,699755023,699755024,699755025,push
695110818,7e413e8e316041203e626a5af4ea10bdbd7c1584,,master,passed,2609,2020-06-05 16:40:45 UTC,695110819,695110820,695110821,695110822,695110823,push
695047814,5549a3d7ad86905e7ba6cb3ad91466820d77c377,619,master,passed,2600,2020-06-05 14:12:25 UTC,695047815,695047816,695047817,695047818,695047819,pull_request
695047779,5d2b9062377fc4f14aa8a4b608c2a762da8a5354,,618-simplify-default-param-grids,passed,2595,2020-06-05 14:07:28 UTC,695047780,695047781,695047782,695047783,695047784,push
695043508,5885be29d701119fefd81f9bd7045d89a9c125b7,619,master,passed,2588,2020-06-05 14:00:05 UTC,695043509,695043510,695043511,695043512,695043513,pull_request
694871289,19f3257e3389f05bd1d1b3f92fc457f5269e586f,,618-simplify-default-param-grids,passed,2838,2020-06-05 01:41:42 UTC,694871290,694871291,694871292,694871293,694871294,push
694869121,6cc912d0b3582ee58c4fe5d3ebfb610d057bef48,,618-simplify-default-param-grids,failed,2730,2020-06-05 01:27:26 UTC,694869122,694869123,694869124,694869125,694869126,push
694819489,b1efcc9a7be6c29751f6e0cf2b4d98beef4116b4,,618-simplify-default-param-grids,failed,2688,2020-06-04 21:45:00 UTC,694819490,694819491,694819492,694819493,694819494,push
694339009,6bf31ab3cdaf42d56c739b7ff2a621704bfe86c0,,master,passed,2735,2020-06-03 16:54:08 UTC,694339010,694339011,694339012,694339013,694339014,push
694076228,a9d4fb734e91de2f8a60c7a950d67fa13083c642,617,master,passed,2593,2020-06-03 01:02:05 UTC,694076229,694076230,694076231,694076232,694076233,pull_request
694076215,ee957d2e139b9b5c7710ffa11c616498236e064a,,update-sklearn-to-0-23-1,passed,2734,2020-06-03 00:56:20 UTC,694076216,694076217,694076218,694076219,694076220,push
694075671,c44c0d9fd3e401af5868eeeeaafa74b7cd4b8ab7,617,master,canceled,0,,694075672,694075673,694075674,694075675,694075676,pull_request
694075665,e197bf2680db02c31500e49f6e2593a08c697bcd,,update-sklearn-to-0-23-1,passed,2550,2020-06-03 00:51:33 UTC,694075666,694075667,694075668,694075669,694075670,push
693995783,af1161f1fb65b129109b33c8c9ca422fecfa8308,617,master,passed,2581,2020-06-02 19:51:27 UTC,693995784,693995785,693995786,693995787,693995788,pull_request
693990653,d0c97e52066a11c286e4f4b8977eb647c9e8dd14,,update-sklearn-to-0-23-1,passed,2569,2020-06-02 19:35:06 UTC,693990654,693990655,693990656,693990657,693990658,push
693978652,ca2711f46f86034e83e1aedd38a66fc8aa0f859e,,update-sklearn-to-0-23-1,passed,2599,2020-06-02 19:02:10 UTC,693978653,693978654,693978655,693978656,693978657,push
693857024,66c385b7bd1337ef0596bbff3ed5c8900bb0f7ad,,update-sklearn-to-0-23-1,failed,2314,2020-06-02 13:56:17 UTC,693857025,693857026,693857027,693857028,693857029,push
693003346,68c7ec889810083bf16d000416a97a3d641e9734,,master,passed,2707,2020-05-30 22:51:50 UTC,693003347,693003348,693003349,693003350,693003351,push
692320764,cee31dc10d9169f6a0503e9be4d07ccdecd924eb,612,master,passed,2723,2020-05-28 20:43:46 UTC,692320765,692320766,692320767,692320768,692320769,pull_request
692320745,89e4fdc6dbe35b5c3e88b3cd66961e73d098dd9d,,add-support-for-custom-metrics,passed,2678,2020-05-28 20:38:23 UTC,692320746,692320747,692320748,692320749,692320750,push
692314061,8aa8792b04e2f0bf8230a46ca0cf915d26539523,612,master,passed,2693,2020-05-28 20:21:50 UTC,692314062,692314063,692314064,692314065,692314066,pull_request
692314052,026fac8f9bc53a3a476e3604a533837cff951ab0,,add-support-for-custom-metrics,passed,2687,2020-05-28 20:13:00 UTC,692314053,692314054,692314055,692314056,692314057,push
692310546,ffcc54f035da884ed31e319bad06393f6574f6fd,612,master,failed,2638,2020-05-28 20:06:06 UTC,692310547,692310548,692310549,692310550,692310551,pull_request
692310535,bbc4a59459a8f46d802c4b7de70b96223ee4c385,,add-support-for-custom-metrics,failed,2666,2020-05-28 20:00:42 UTC,692310536,692310537,692310538,692310539,692310540,push
692302516,5d53a42072a946f7fa83885a09c27e1573afffea,612,master,failed,2648,2020-05-28 19:38:58 UTC,692302517,692302518,692302519,692302520,692302521,pull_request
692302496,a0eab9f9c1f6b7bd16a8f6c16fd82b33d0165cca,,add-support-for-custom-metrics,failed,2622,2020-05-28 19:33:24 UTC,692302497,692302498,692302499,692302500,692302501,push
691423801,447d158f140080b8b799c2e1d3d0438c09393705,612,master,passed,2684,2020-05-26 18:13:24 UTC,691423803,691423804,691423805,691423806,691423807,pull_request
691423787,3b72eb9d83922bc1c7bf37b002749bd174d53e17,,add-support-for-custom-metrics,passed,2668,2020-05-26 18:07:51 UTC,691423788,691423789,691423790,691423791,691423792,push
690099493,43900db301181eaa4275a442e27a63aac02d49e0,612,master,passed,2758,2020-05-22 16:18:00 UTC,690099494,690099495,690099496,690099497,690099498,pull_request
690099418,13fa633d8795253aed6cccf4c190412c27071984,,add-support-for-custom-metrics,passed,2823,2020-05-22 16:12:31 UTC,690099419,690099420,690099421,690099422,690099423,push
690085426,d83dc4e7bcd7ddc97b97716caf08905577ac3f82,612,master,passed,2678,2020-05-22 15:27:34 UTC,690085427,690085428,690085429,690085430,690085431,pull_request
690065669,63f8ce8f1ac34bf27239da4cf0e2e17740783f05,,add-support-for-custom-metrics,passed,2678,2020-05-22 14:44:06 UTC,690065670,690065671,690065672,690065673,690065674,push
689883153,51cdc1f1713ba7c90ceb00bdbca7bd30b149260a,,add-support-for-custom-metrics,passed,2672,2020-05-22 02:36:28 UTC,689883154,689883155,689883156,689883157,689883158,push
689872216,20fdc340a783ece07a17f1f0d432879a806fcb4b,,add-support-for-custom-metrics,passed,2592,2020-05-22 01:39:50 UTC,689872217,689872218,689872219,689872220,689872221,push
689497527,1f1b957b40699f037013899076f24a17e5c8661e,,add-support-for-custom-metrics,passed,2849,2020-05-21 02:29:46 UTC,689497528,689497529,689497530,689497531,689497532,push
689495124,3d600c53ea88eae1e1b19ffa8c7091c26bfeecb4,,add-support-for-custom-metrics,failed,2791,2020-05-21 02:15:49 UTC,689495125,689495126,689495127,689495128,689495129,push
688554541,89709e3d1ea755906df65c417abff1ff8889025a,,add-support-for-custom-metrics,passed,2615,2020-05-18 20:34:34 UTC,688554543,688554545,688554547,688554548,688554550,push
688551077,a32c994f4e8fc036d12392280e6810ace40ebd00,,add-support-for-custom-metrics,failed,2641,2020-05-18 20:23:56 UTC,688551078,688551079,688551080,688551081,688551082,push
687595734,38c6f267a1b92abd18117147aa47e9dce60633ed,,add-support-for-custom-metrics,passed,2640,2020-05-15 20:39:36 UTC,687595735,687595736,687595738,687595739,687595741,push
687579586,c76f77b37fe60568bc2e3a343d00893f140b3a16,,add-support-for-custom-metrics,failed,2628,2020-05-15 19:41:06 UTC,687579587,687579588,687579589,687579590,687579591,push
687571405,e887f3e9f786eeb1558b9fba9db4716712ac4cd1,,add-support-for-custom-metrics,failed,2643,2020-05-15 19:19:10 UTC,687571406,687571408,687571410,687571413,687571416,push
687552996,9ecc94ecb00f6420632771c9d037784eed8fd63f,,add-support-for-custom-metrics,failed,2644,2020-05-15 19:10:59 UTC,687552997,687552998,687552999,687553000,687553001,push
687543699,fb4bb37321cde6b83d962103e4a435cce76a6a89,,add-support-for-custom-metrics,passed,2658,2020-05-15 17:50:53 UTC,687543700,687543701,687543702,687543703,687543704,push
687539296,acf644f0839f0d110a0ec876a3c38f042180912b,,add-support-for-custom-metrics,failed,2603,2020-05-15 17:37:04 UTC,687539297,687539298,687539299,687539300,687539301,push
687536576,c33ed787a1ee6db5744de2e8befa959f1bf97ccf,,add-support-for-custom-metrics,failed,2705,2020-05-15 17:29:19 UTC,687536577,687536578,687536579,687536580,687536581,push
684916841,7b70f31fe48eeec74156a4a656af3b14d9b67152,,master,passed,2396,2020-05-09 01:13:12 UTC,684916842,684916843,684916846,684916849,684916850,push
684328798,4fda4105b813952473e4bd5c2b00365972399568,607,master,passed,2416,2020-05-07 16:38:47 UTC,684328799,684328800,684328801,684328802,684328803,pull_request
684328754,d1685c4c0b222ffb1fcda1c575ec23c901955728,,486-add-fbeta-0-point-5-metric,passed,2433,2020-05-07 16:32:24 UTC,684328755,684328756,684328757,684328758,684328759,push
684321145,a9599ea93aaee0ada330677307de96aeef3c3b79,,master,passed,2499,2020-05-07 15:52:33 UTC,684321146,684321147,684321148,684321149,684321150,push
684313523,3d73f62f007b886465ffd3d708be3ead30a067a8,607,master,passed,2436,2020-05-07 15:11:38 UTC,684313524,684313525,684313526,684313527,684313528,pull_request
684313507,aa3a59cdc40f0fd2672d964574e9dfa374e7992a,,486-add-fbeta-0-point-5-metric,passed,2408,2020-05-07 15:04:19 UTC,684313508,684313509,684313510,684313511,684313512,push
684305522,208578f178c1b85e8039460dd27589f8d64dd7d4,605,master,passed,2394,2020-05-07 14:55:29 UTC,684305523,684305524,684305525,684305526,684305527,pull_request
684305514,0775aca445ffc8f0b30cee5f12f627a35f7af51e,,565-remove-create-label-dict-argument,passed,2342,2020-05-07 14:50:52 UTC,684305515,684305516,684305517,684305518,684305519,push
683998228,b773dc2c32e3b3e44e6eaed1ba858edc42a29137,607,master,passed,2575,2020-05-06 20:41:06 UTC,683998229,683998230,683998231,683998232,683998233,pull_request
683990997,24f0afe42e019a6c6c244a886761ddd8c9f11d39,,486-add-fbeta-0-point-5-metric,passed,2529,2020-05-06 20:04:54 UTC,683990998,683990999,683991000,683991001,683991002,push
683969081,5b219e46b625942c95641656753d531356d03949,,486-add-fbeta-0-point-5-metric,passed,2459,2020-05-06 19:04:01 UTC,683969082,683969083,683969084,683969085,683969086,push
683093673,1a8c54f76246c8c70da7e2a5c9bce04870cb243c,605,master,passed,2385,2020-05-04 20:13:57 UTC,683093674,683093675,683093676,683093677,683093678,pull_request
683081848,c12dd28af1e548fd8f51813faca44f2b1089ede6,,565-remove-create-label-dict-argument,passed,2402,2020-05-04 19:36:57 UTC,683081849,683081850,683081851,683081852,683081853,push
682944579,547fdd57be764b991d169c2792ca36d46f9ca417,,master,passed,2383,2020-05-04 13:58:40 UTC,682944580,682944581,682944582,682944583,682944584,push
682925615,667f8f111e45675c447f3fdbc3ec1614d3b5524a,604,master,passed,2395,2020-05-04 13:38:25 UTC,682925616,682925617,682925618,682925619,682925620,pull_request
682925601,59cc7afb8e3ce4fca10df74b11e360ba0c66639f,,572-save-models-in-current-dir,passed,2462,2020-05-04 13:33:33 UTC,682925602,682925603,682925604,682925605,682925606,push
682923049,576963acd7dc9e581c9fc219ff34104aa567df5c,604,master,canceled,0,,682923050,682923051,682923052,682923053,682923054,pull_request
682922070,bb0353711680746d30d7ef932ad7ea38049c2915,,master,passed,2435,2020-05-04 13:28:34 UTC,682922071,682922072,682922073,682922074,682922075,push
682911451,5c812697818e2845a4d08eeaec781ba307f2d0dd,,572-save-models-in-current-dir,passed,2466,2020-05-04 13:11:33 UTC,682911452,682911453,682911454,682911455,682911456,push
682108452,d53d0b4dbf5cb7743b61066530156b7b8b926f94,557,master,passed,2408,2020-05-01 20:49:14 UTC,682108453,682108454,682108455,682108456,682108457,pull_request
682108434,a7e068b9f98835c0ffa0698af49f011db4643c6b,,532-remove-megam-reader-writer-classes,passed,2536,2020-05-01 20:44:18 UTC,682108435,682108436,682108437,682108438,682108439,push
682102761,609b7c510bb5ad434399d91d78eddd5cb597a993,,572-save-models-in-current-dir,passed,2554,2020-05-01 20:27:27 UTC,682102762,682102763,682102764,682102765,682102766,push
682088687,790b67835dfcee55eb845e1ed283a07906ea7889,557,master,passed,2389,2020-05-01 19:47:51 UTC,682088688,682088689,682088690,682088691,682088692,pull_request
682088647,3bdd9bf9d1d93bd17173cbb71ba54670a8c55d7d,,532-remove-megam-reader-writer-classes,passed,2386,2020-05-01 19:43:01 UTC,682088648,682088649,682088650,682088651,682088652,push
682081980,a204a90cca24b964b15e413db43aa4e93c3b3de8,,532-remove-megam-reader-writer-classes,failed,2495,2020-05-01 19:27:40 UTC,682081981,682081982,682081983,682081984,682081985,push
682081972,905520fba9b50b07a5682e7bf950f5fbb1bf5aba,557,master,failed,2409,2020-05-01 19:22:38 UTC,682081973,682081974,682081975,682081976,682081977,pull_request
675009037,ee5b4a1300f3ab69e2ea14b4b6315fe9e25740c0,,master,passed,2552,2020-04-14 19:59:19 UTC,675009038,675009039,675009040,675009041,675009042,push
675001866,9f6af669953e4bada1032e31d539a5a72c792ea2,601,master,passed,2542,2020-04-14 19:43:51 UTC,675001867,675001868,675001869,675001870,675001871,pull_request
675001817,996d44fb2c1e214c40947340fe6925814a524a07,,600-make-subpackages,passed,2741,2020-04-14 19:37:11 UTC,675001818,675001819,675001820,675001821,675001822,push
673788308,2bf76d50ccaf6a32053d892157df06379ba551ac,601,master,passed,2549,2020-04-11 14:08:05 UTC,673788309,673788310,673788311,673788312,673788313,pull_request
673788292,8af2d397c433e70e25a1a54231dce7b00161d435,,600-make-subpackages,passed,2553,2020-04-11 14:01:04 UTC,673788293,673788294,673788295,673788296,673788297,push
673788044,7ed46496f4c3cfd590d8934efbe1fc8c5d229856,601,master,canceled,0,,673788045,673788046,673788047,673788048,673788049,pull_request
673788024,52b62d2c7dfc4d547a954f108e0938f41728b7bd,,600-make-subpackages,canceled,0,,673788025,673788026,673788027,673788028,673788029,push
673786447,35752664b3b9e4fb931ac2f4dcfeb4ea140699ec,601,master,passed,2536,2020-04-11 13:54:18 UTC,673786448,673786449,673786450,673786451,673786452,pull_request
673655544,3e755c25278f6b923969ab3c6ae31331eb3c1d60,,600-make-subpackages,passed,2550,2020-04-11 01:34:28 UTC,673655545,673655546,673655547,673655548,673655549,push
673651875,e1e47d7fddaede479171d162a7b71002e80983f3,,600-make-subpackages,failed,2320,2020-04-11 01:12:29 UTC,673651876,673651877,673651878,673651879,673651880,push
673645660,6acb7ee1584229bb9dd8908c1b015e80934cf6e5,,600-make-subpackages,failed,2088,2020-04-11 00:41:56 UTC,673645661,673645662,673645663,673645664,673645665,push
673603589,7e7a8cc66bd895d517554b2c8b3e0fc22631346e,,600-make-subpackages,failed,2095,2020-04-10 21:39:44 UTC,673603590,673603592,673603593,673603594,673603595,push
673602676,24c6a3e5e7594e1df9f296398e8858aa74b08382,,600-make-subpackages,failed,2115,2020-04-10 21:36:30 UTC,673602677,673602678,673602679,673602680,673602681,push
673593233,76d5848e16be063002d115c377bb1fc45da5c80f,,600-make-subpackages,failed,2055,2020-04-10 21:09:59 UTC,673593234,673593235,673593236,673593237,673593238,push
664032891,1d64e25ab47a25dafa861e88bb305151f9e0fbb8,,master,passed,2589,2020-03-18 16:54:18 UTC,664032892,664032893,664032894,664032895,664032896,push
664003486,2abc495c962a0d1074a41873bfee8789fc98d108,588,master,passed,2698,2020-03-18 15:48:01 UTC,664003487,664003488,664003489,664003490,664003491,pull_request
664003459,4d2a9a8480c602beb5262adc8a59dd427cdc0d30,,bugfix/585_correlation,passed,2564,2020-03-18 15:41:13 UTC,664003460,664003461,664003462,664003463,664003464,push
663964810,c95ddfd6f09a6398aa9132d21fdd2661014d9b44,588,master,passed,2603,2020-03-18 14:20:04 UTC,663964811,663964812,663964813,663964814,663964815,pull_request
663964797,1f9d491a001dc2f311801f4c5b7f6d0dc7564afd,,bugfix/585_correlation,passed,2587,2020-03-18 14:13:09 UTC,663964798,663964799,663964800,663964801,663964802,push
663600857,c818f54a2d6aa6bce648e4d9f724a831acf189a4,588,master,failed,2592,2020-03-17 17:18:06 UTC,663600858,663600859,663600860,663600861,663600862,pull_request
663600845,4726a377ea57deb3f8dc59c673acda05a524787a,,bugfix/585_correlation,failed,2571,2020-03-17 17:11:24 UTC,663600846,663600847,663600848,663600849,663600850,push
662057791,1f7a6fa507d1dec1bea91bf3d561c6089883d7cf,,v2.1,passed,2559,2020-03-13 17:20:48 UTC,662057792,662057793,662057794,662057795,662057796,push
662035745,1f7a6fa507d1dec1bea91bf3d561c6089883d7cf,,master,passed,2753,2020-03-13 16:26:49 UTC,662035746,662035747,662035748,662035749,662035750,api
662028305,1f7a6fa507d1dec1bea91bf3d561c6089883d7cf,,master,passed,2732,2020-03-13 16:08:44 UTC,662028306,662028307,662028308,662028309,662028310,push
661622581,475c212d1366d3f553ab9e663a08bd153f57e9b6,597,master,passed,2653,2020-03-12 17:23:14 UTC,661622583,661622585,661622586,661622587,661622588,pull_request
661618366,388a6a4abe1f87aa3cd8353a2e33afd23ec6470e,,release/2.1,passed,2590,2020-03-12 17:14:23 UTC,661618367,661618368,661618369,661618370,661618371,push
661605974,bc5b00308bc70d0d9d5dbedb1852732d4ab32491,,master,passed,2627,2020-03-12 16:41:31 UTC,661605979,661605983,661605988,661605990,661605993,push
661590766,925e4aa2cbb76692c90081dc0c762f29fdebbafd,596,master,passed,2587,2020-03-12 16:07:42 UTC,661590767,661590768,661590769,661590770,661590771,pull_request
661590739,22b57709ac848d4c0a0d6f19e983b4bd447de55e,,make-test-examples-testable-for-pkgs,passed,2617,2020-03-12 16:00:42 UTC,661590740,661590741,661590742,661590743,661590744,push
661577004,d5f62a196fb98fa68d25fcbd2f6a7df8c6c72cce,596,master,passed,2760,2020-03-12 15:36:14 UTC,661577005,661577006,661577007,661577008,661577009,pull_request
661576981,9186338e9c80cb08c540370b49d47f8fdcfd5744,,make-test-examples-testable-for-pkgs,passed,2629,2020-03-12 15:29:23 UTC,661576982,661576983,661576984,661576985,661576986,push
661571709,3f65e9185726f71e6c67f46b29d55b4d0b96482d,596,master,passed,2751,2020-03-12 15:17:22 UTC,661571710,661571711,661571712,661571713,661571714,pull_request
661568417,11b668dbda5322d88a5e45e938d1727b2300c443,,make-test-examples-testable-for-pkgs,passed,2618,2020-03-12 15:07:37 UTC,661568418,661568419,661568420,661568422,661568423,push
661535783,b1a5e141b5b431ac33984dc7eadc007d6d52be3e,,master,passed,2593,2020-03-12 13:40:42 UTC,661535784,661535785,661535786,661535787,661535788,push
660856358,a9c1f2e20f65a0e196709a4398d6db67faba392e,595,master,passed,2573,2020-03-10 23:32:02 UTC,660856359,660856360,660856361,660856362,660856363,pull_request
660856331,34b00def71845f0a437c565dc85cd47c5c48a51b,,update-scikit-learn,passed,2524,2020-03-10 23:25:33 UTC,660856332,660856333,660856334,660856335,660856336,push
660853948,2e385593b290f30f16857a443e543f75b26b38b8,595,master,passed,2576,2020-03-10 23:18:33 UTC,660853949,660853950,660853951,660853952,660853953,pull_request
660853939,33b547a2d4a1e65c0ab1429d3a1b86708c23f2dd,,update-scikit-learn,passed,2556,2020-03-10 23:11:27 UTC,660853940,660853941,660853942,660853943,660853944,push
660778078,47cdfcf040e28ba5cad170bfde74ace13639608b,595,master,passed,2713,2020-03-10 19:45:45 UTC,660778079,660778080,660778081,660778082,660778083,pull_request
660778065,36216310afa9180ab9bdf5ea21c13418ea84a91b,,update-scikit-learn,passed,2588,2020-03-10 19:36:12 UTC,660778066,660778067,660778068,660778069,660778070,push
660769751,400123796435301786d92735cdd281d633de450f,595,master,passed,2725,2020-03-10 19:27:07 UTC,660769752,660769753,660769754,660769755,660769756,pull_request
660769734,2e0b4f1909556ca44feac48c8a88667e36359520,,update-scikit-learn,passed,2642,2020-03-10 19:18:15 UTC,660769735,660769736,660769737,660769738,660769739,push
660767403,7996ed2c6737cff62bcdda043057910704368292,595,master,passed,2579,2020-03-10 19:10:03 UTC,660767404,660767405,660767406,660767407,660767408,pull_request
660767376,8a695621d3c1f4a196b885985e68a131e7b1c57f,,update-scikit-learn,failed,2043,2020-03-10 19:08:25 UTC,660767377,660767378,660767379,660767380,660767381,push
660760958,39af96cb26d5ebb51d69a5bd52fddbddb6f4f15e,,update-scikit-learn,passed,2579,2020-03-10 18:50:38 UTC,660760959,660760960,660760961,660760962,660760963,push
660756958,695ad92a667d7e16f7580a62c328e7b0e67ad680,,update-scikit-learn,passed,2605,2020-03-10 18:42:19 UTC,660756959,660756960,660756961,660756962,660756963,push
660748373,952f82d48e2200bbb4ef848d32c4bcb57fe68b41,,update-scikit-learn,passed,2649,2020-03-10 18:20:06 UTC,660748374,660748375,660748376,660748377,660748378,push
660679076,414aed1a5576ae17f494608d0c16997fe6401b78,,update-scikit-learn,failed,2465,2020-03-10 15:40:16 UTC,660679077,660679078,660679079,660679080,660679081,push
660678955,64721397ea1fbc297f69e947c30c98a595d386a2,,update-scikit-learn,passed,2430,2020-03-10 15:33:16 UTC,660678956,660678957,660678958,660678959,660678960,push
605097384,bb69b1dab07b937ab8bbc2bf98a02e26bd7f7441,588,master,passed,3657,2019-10-30 17:27:56 UTC,605097385,605097386,605097387,605097388,605097389,pull_request
605097359,d74f61612b0de84aeef88f053ec9d065426a4393,,bugfix/585_correlation,passed,3733,2019-10-30 17:18:29 UTC,605097360,605097361,605097362,605097363,605097364,push
605052523,70cd583ed90b090eb71964b985279cfaf295e048,,master,passed,3671,2019-10-30 15:54:36 UTC,605052524,605052525,605052526,605052527,605052528,push
604583470,0afb7cccc816301958ab0c0a08f82d7e35f6574e,578,master,passed,3714,2019-10-29 18:08:44 UTC,604583471,604583472,604583473,604583474,604583475,pull_request
603973057,b40be69e0be3f6d98d531a30c8fd65cc5d56df39,588,master,failed,3715,2019-10-28 15:58:49 UTC,603973058,603973059,603973060,603973061,603973062,pull_request
603972103,76f23037407eb7f01508bd0f2afac3c6fbcf9b78,,bugfix/585_correlation,failed,3661,2019-10-28 15:45:53 UTC,603972104,603972105,603972106,603972107,603972108,push
603968379,0f3bf1cf14a9353574dcc48c3660a2d470c9431d,586,master,passed,3705,2019-10-28 15:35:27 UTC,603968380,603968381,603968382,603968383,603968384,pull_request
603964814,807817945337af1116a9faf3894c0eb37f2ea6b2,,fix-log-warning-test-for-windows-dev,passed,3576,2019-10-28 15:26:45 UTC,603964815,603964816,603964817,603964818,603964819,push
603963754,87781548cca4cbeec36081dca4d3edb90548a985,,fix-log-warning-test-for-windows-dev,canceled,0,,603963755,603963756,603963757,603963758,603963759,push
603963252,12d1522c6ff464b22913ce1f481831b07d20e48c,,fix-log-warning-test-for-windows-dev,canceled,0,,603963253,603963254,603963255,603963256,603963257,push
603961391,dae5e959950b79b793773e1df685b0da60c0bfab,,fix-log-warning-test-for-windows-dev,passed,3618,2019-10-28 15:18:00 UTC,603961392,603961393,603961394,603961395,603961396,push
602520645,6e4f450e8b114b9c59973f1b0ca98fd7ee83faee,,fix-log-warning-test-for-windows-dev,passed,3677,2019-10-24 20:47:43 UTC,602520646,602520647,602520648,602520649,602520650,push
602424391,64721397ea1fbc297f69e947c30c98a595d386a2,,v2.0,passed,3720,2019-10-24 16:58:30 UTC,602424392,602424393,602424394,602424395,602424396,push
602401603,64721397ea1fbc297f69e947c30c98a595d386a2,,master,passed,3648,2019-10-24 16:01:21 UTC,602401604,602401605,602401606,602401607,602401608,push
602370680,84e8d5f2ccd60f3e74901a616a90fbbbf4f8266b,580,master,passed,3721,2019-10-24 15:01:51 UTC,602370681,602370682,602370683,602370684,602370685,pull_request
602370630,6b1e5b5f17ab1447cb4c20b49287cee906d23764,,release/2.0,passed,3624,2019-10-24 14:53:03 UTC,602370633,602370636,602370645,602370648,602370650,push
602107218,3381b6a6359b1c486fe7c4aad70e83e575f4f53f,582,master,passed,3614,2019-10-24 01:42:51 UTC,602107219,602107220,602107221,602107222,602107223,pull_request
602087535,84543e10ab3ec4b2141bc2919f19c66e78d01006,580,master,passed,3617,2019-10-24 00:36:11 UTC,602087536,602087537,602087538,602087539,602087540,pull_request
602077852,f1ececc3395233740e6132e19cb8ce397c87f20b,,release/2.0,passed,3602,2019-10-23 23:42:02 UTC,602077853,602077854,602077855,602077856,602077857,push
602061901,6dfd84eaafa4ab5a5beeda0733dc1599854da7de,,release/2.0,passed,3612,2019-10-23 22:51:17 UTC,602061902,602061903,602061904,602061905,602061906,push
602057477,18bf37221c18b9ba24b532276abc50296d0f3faf,,release/2.0,passed,3572,2019-10-23 22:37:55 UTC,602057478,602057479,602057480,602057481,602057482,push
602049094,26258c6130f585eb3ea6cc6f1d5359f69c021b67,,release/2.0,passed,3636,2019-10-23 22:18:12 UTC,602049095,602049096,602049097,602049098,602049099,push
602038164,42aa68acc3a65f5cbfbd86359f21be2562a26d06,,azure-pipelines,passed,3726,2019-10-23 21:54:12 UTC,602038165,602038166,602038167,602038168,602038169,push
602037585,53d872f05b829895857954bb08e9326e36bc63be,,azure-pipelines,passed,3631,2019-10-23 21:45:26 UTC,602037586,602037587,602037588,602037589,602037590,push
602030166,e617e71fae8e16a0a1f6019517007c4f06599b4c,,azure-pipelines-ets,passed,3580,2019-10-23 21:26:02 UTC,602030167,602030168,602030169,602030170,602030171,push
601978517,13cc31b728b87d3b64c2eeca063201742083e5a6,,azure-pipelines,passed,3792,2019-10-23 19:30:27 UTC,601978518,601978519,601978520,601978521,601978522,push
601937061,0f623dde2d6be0c54c439fc7438094e7dfd4818c,,azure-pipelines,canceled,0,,601937062,601937063,601937064,601937065,601937066,push
601932183,e617e71fae8e16a0a1f6019517007c4f06599b4c,,azure-pipelines,canceled,3314,2019-10-23 17:22:14 UTC,601932184,601932185,601932186,601932187,601932188,push
601872834,115320a6758877b483fe4598dd96de9533da46a2,,release/2.0,passed,3677,2019-10-23 15:07:51 UTC,601872835,601872836,601872837,601872838,601872839,push
601861363,6e4f450e8b114b9c59973f1b0ca98fd7ee83faee,,fix-log-warning-test-for-windows,canceled,3402,2019-10-23 14:42:20 UTC,601861364,601861365,601861366,601861367,601861368,push
601815392,78d3b92b5853fb44d6a9a4006f220bbcfd2c1169,,release/2.0,passed,3595,2019-10-23 13:09:06 UTC,601815393,601815394,601815395,601815396,601815397,push
601598202,cec2e5be5b7c622063e0dd110b890d322e0acb18,,release/2.0,passed,3564,2019-10-23 01:58:31 UTC,601598203,601598204,601598205,601598206,601598207,push
601494870,b02244891aa2b7d8a08fe8c3d56775e7dc9c26ec,,release/2.0,passed,3626,2019-10-22 21:08:15 UTC,601494871,601494872,601494873,601494874,601494876,push
601454502,93fa5bc75cb093a87f8a8ea26ad186babda49f19,,typing,errored,175,2019-10-22 19:44:11 UTC,601454503,601454504,601454505,601454506,601454507,push
601417534,e617e71fae8e16a0a1f6019517007c4f06599b4c,,master,passed,3627,2019-10-22 18:39:14 UTC,601417535,601417536,601417537,601417538,601417539,push
601417318,fd1535264e8953e5b856040b09962e4b03374e2d,,fix-seaborn-documentation,errored,98,2019-10-22 18:19:33 UTC,601417319,601417320,601417321,601417322,601417323,push
601417266,638ad7f968cfcb629eb8d2bb2c5e4696e2ed3963,563,master,passed,3683,2019-10-22 18:10:32 UTC,601417267,601417268,601417269,601417270,601417271,pull_request
601389823,31e18a26960ff2a39e433853318ffd91396dddbd,563,master,passed,3774,2019-10-22 17:25:29 UTC,601389824,601389825,601389826,601389827,601389828,pull_request
601389811,39b9d9716b3d0ca0051fca4aad29202553c588d0,,fix-seaborn-documentation,passed,3631,2019-10-22 17:16:41 UTC,601389812,601389813,601389814,601389815,601389816,push
601386909,a5b59ea6e05f9ce92ad124743bf00228f715c0a6,,master,errored,3549,2019-10-22 17:07:55 UTC,601386910,601386911,601386912,601386913,601386914,push
601386612,4940765649381e4ac9deb3142a30006f8cf2e527,577,master,errored,104,2019-10-22 17:07:10 UTC,601386613,601386614,601386615,601386616,601386617,pull_request
601386605,ddc8b3abf7ba74a8c280dfa73d0d55497d5fc439,,bugfix/escape_sklearn_warnings_regex,errored,96,2019-10-22 17:06:06 UTC,601386607,601386608,601386609,601386610,601386611,push
601377534,43c86fdf8d9162eb84c297a923250c986a86a8ae,577,master,canceled,0,,601377535,601377536,601377537,601377538,601377539,pull_request
601377508,ac9c00179031299ad2d223365f34a66b44eaf3d9,,bugfix/escape_sklearn_warnings_regex,errored,580,2019-10-22 16:55:55 UTC,601377509,601377510,601377511,601377512,601377513,push
601375600,2d3c46dcdd2f4af8d4f8423e0c166adf040eb498,577,master,canceled,0,,601375602,601375603,601375604,601375605,601375606,pull_request
601375589,19b5860540f8cdecbc171a269771ce1b14e80df2,,bugfix/escape_sklearn_warnings_regex,canceled,0,,601375590,601375591,601375592,601375593,601375594,push
601374290,9bfa6b36a7b405655ffb5ab3df6545cc4496d1a5,,master,errored,3387,2019-10-22 16:43:42 UTC,601374291,601374292,601374293,601374295,601374296,push
601373385,e7dd3edb670f1b71769208bc4c2beea0f59cfa53,577,master,canceled,0,,601373387,601373390,601373391,601373393,601373395,pull_request
601373298,9c1ab827deac39f59f81735adddaf155fd57045c,,bugfix/escape_sklearn_warnings_regex,passed,3628,2019-10-22 16:32:03 UTC,601373299,601373300,601373301,601373302,601373303,push
601360229,e82c720acff6ab4e5ef42e2911548b86d6c3da59,577,master,passed,3601,2019-10-22 16:17:30 UTC,601360230,601360231,601360232,601360233,601360234,pull_request
601360208,440d78103b9926c37582541430fd4a2d2dd7f1b4,,bugfix/escape_sklearn_warnings_regex,passed,3793,2019-10-22 16:07:27 UTC,601360209,601360210,601360211,601360212,601360213,push
601357026,1e32dbdcd1bf4346663cc831433767363625ba29,,bugfix/escape_sklearn_warnings_regex,canceled,0,,601357027,601357028,601357029,601357031,601357032,push
601357002,4cc5ce52a095d09f816137bdd83ca60316eca251,577,master,canceled,0,,601357003,601357004,601357005,601357006,601357007,pull_request
601347536,557dfc1003c6c8c716807081c79ebf4d265a920f,577,master,canceled,0,,601347537,601347538,601347539,601347540,601347541,pull_request
601347524,20dd1b5c355f1640e5f2142e1d14908108a1bfb9,,bugfix/escape_sklearn_warnings_regex,passed,3592,2019-10-22 15:53:24 UTC,601347525,601347526,601347527,601347528,601347529,push
601347354,0ab37f242710541811eecf865f9edfbee10803cf,577,master,canceled,0,,601347355,601347356,601347357,601347358,601347359,pull_request
601339057,85b6d07960d803562cb61af697124ccd805b4a7e,574,master,passed,3663,2019-10-22 15:40:48 UTC,601339058,601339059,601339060,601339061,601339062,pull_request
601339045,1bd88f033bb5288348b84842807d0f27d37e3f52,,fix-multinomialnb-loading,passed,3649,2019-10-22 15:27:11 UTC,601339046,601339047,601339048,601339049,601339050,push
601334552,02c7401eba956db44e8cab7f445e6c81a3a279df,574,master,canceled,0,,601334553,601334554,601334555,601334556,601334557,pull_request
601334538,a7fb8f7e0981816fac35b91d62fee70fdde04fee,,fix-multinomialnb-loading,passed,3844,2019-10-22 15:18:27 UTC,601334539,601334540,601334541,601334542,601334543,push
601334260,9a81b14c5dd6dbbea76b6ce1c8c48478f48574f5,,master,passed,3652,2019-10-22 15:09:50 UTC,601334261,601334262,601334263,601334264,601334265,push
601327219,b62a07b1dfcb445eabba88217e7ba93bb275f276,,bugfix/escape_sklearn_warnings_regex,passed,3737,2019-10-22 14:55:38 UTC,601327220,601327221,601327222,601327223,601327224,push
601310215,31837f86a198d1dc9c8dbe28a9f938874b767e9b,571,master,passed,3537,2019-10-22 14:38:12 UTC,601310216,601310217,601310218,601310219,601310220,pull_request
601310192,0109b1f53f7aed77eaf67a52f4e52d48a7ad95ce,,make-pos-label-default-values-consistent,passed,3807,2019-10-22 14:26:40 UTC,601310193,601310194,601310195,601310196,601310197,push
601308333,d70436dfdeb0faa2c63d77d416ca95347b40a700,,master,passed,3674,2019-10-22 14:17:45 UTC,601308334,601308335,601308336,601308337,601308338,push
601292582,160dd0d9e4222643e1613b861e9f9214c04cbc0a,568,master,passed,3947,2019-10-22 14:01:37 UTC,601292583,601292584,601292585,601292586,601292587,pull_request
601292540,81c6f61115dd6bc5f022312f407505064025d5f7,,update-documentation-for-v2.0,passed,3658,2019-10-22 13:46:23 UTC,601292541,601292542,601292543,601292544,601292545,push
601041885,31dcc299ecde8d1405a205e383e7dc52256168cb,568,master,passed,3591,2019-10-22 01:39:15 UTC,601041886,601041887,601041888,601041889,601041890,pull_request
601041874,b821203b7646e94127bef8aa752c3735ffdaafca,,update-documentation-for-v2.0,passed,3738,2019-10-22 01:08:07 UTC,601041875,601041876,601041877,601041878,601041879,push
601041078,1e8fb90580ede47f0e1dde7fe6ca9cef2f675e92,,master,passed,3688,2019-10-22 00:59:10 UTC,601041079,601041080,601041081,601041082,601041083,push
601041020,3b3983081712bbee5a48df8b77fc2b0034eee31a,567,master,errored,106,2019-10-22 00:58:28 UTC,601041021,601041022,601041023,601041024,601041025,pull_request
601041010,ca539b172d863750ed7c9c2753bb0aababdafb99,,564-metric-computation-bug,errored,99,2019-10-22 00:57:46 UTC,601041011,601041012,601041013,601041014,601041015,push
600963875,cfa98d70f10d5feb5dfaaad327c8d2b5271de6d4,568,master,passed,3595,2019-10-21 21:31:57 UTC,600963879,600963881,600963882,600963883,600963884,pull_request
600963836,49d980c05a120ce2ba2df6a8bce4d1dd5aedc3f8,,update-documentation-for-v2.0,passed,3764,2019-10-21 21:17:53 UTC,600963837,600963838,600963839,600963840,600963841,push
600957480,fa047b8470944405cba68601b659c21db61a8d75,568,master,canceled,0,,600957482,600957483,600957484,600957485,600957486,pull_request
600957458,77ed2cd8f6f3b83ebb17d2e34664eab0322cf01c,,update-documentation-for-v2.0,canceled,0,,600957459,600957460,600957461,600957462,600957463,push
600949856,f6b663158d1ced45a1aa8a8ba9fc753758a00d7d,574,master,passed,4165,2019-10-21 20:54:57 UTC,600949857,600949858,600949859,600949860,600949861,pull_request
600949003,caa6bce3c384053710bf8093ad0cbeb6c7fc39ed,,fix-multinomialnb-loading,passed,3636,2019-10-21 20:45:06 UTC,600949004,600949005,600949006,600949007,600949008,push
600931237,f8db24b883c25397c34c8856dd0451fa8f2320df,571,master,passed,3738,2019-10-21 21:01:54 UTC,600931238,600931239,600931240,600931241,600931242,pull_request
600931208,9233c26836e064d8b075d612557179533ec52803,,make-pos-label-default-values-consistent,passed,3751,2019-10-21 20:14:20 UTC,600931209,600931210,600931211,600931212,600931213,push
600931046,c75f2935334a746c71c0b7201b29818f24247acd,571,master,canceled,0,,600931047,600931048,600931049,600931050,600931051,pull_request
600931006,823d87ae36078659910015b1a6a448e933e243cf,,make-pos-label-default-values-consistent,canceled,0,,600931007,600931008,600931009,600931010,600931011,push
600929495,81410952a928bec8627330c9b54c46fab7ea77d8,,update-documentation-for-v2.0,passed,3741,2019-10-21 20:03:09 UTC,600929497,600929499,600929501,600929504,600929507,push
600929480,a49b79d726c34ae6a03ff93e27d8784b0d84aab8,568,master,passed,3679,2019-10-21 20:22:46 UTC,600929481,600929482,600929483,600929484,600929485,pull_request
600927857,9e88f6216b117cd6a2dd27d4def2e50d6baf92b0,571,master,canceled,0,,600927858,600927859,600927860,600927861,600927862,pull_request
600926492,931cb07bba2f96eba3b8cb82b1c330b341c0f7d9,,make-pos-label-default-values-consistent,canceled,0,,600926493,600926496,600926497,600926498,600926499,push
600921376,b54a4a3eb47372c1d40af37b600e84ad70a6b22d,557,master,canceled,0,,600921377,600921378,600921379,600921380,600921381,pull_request
600921343,2811ab665ad7b9128c1e221fb167ed1b07bc0cbf,,532-remove-megam-reader-writer-classes,canceled,0,,600921344,600921345,600921346,600921347,600921348,push
600918061,a9e08b0bf355a6e79b7f452648be186892966fd8,567,master,passed,3771,2019-10-21 19:36:57 UTC,600918062,600918063,600918064,600918065,600918066,pull_request
600918051,d08464ea9f8d3f60de305f9d1f78e02133abd95d,,564-metric-computation-bug,passed,3628,2019-10-21 19:28:00 UTC,600918052,600918053,600918054,600918055,600918056,push
600917896,a3d82d3d331d262a9c49f922c83cfbe1b50d6f61,557,master,canceled,0,,600917899,600917900,600917901,600917902,600917904,pull_request
600917869,fb75e05f856d8eb1ad1b19a763448a50c7c9ecf5,,532-remove-megam-reader-writer-classes,canceled,155,2019-10-21 19:25:40 UTC,600917870,600917871,600917872,600917873,600917874,push
600907975,788aa7e67ffdf8af785e51bc05214ead27e6b3c1,567,master,errored,3294,2019-10-21 19:14:29 UTC,600907976,600907977,600907978,600907979,600907980,pull_request
600907939,837e0838dab87677daef34693d8f77609d356b73,,564-metric-computation-bug,failed,3160,2019-10-21 19:05:35 UTC,600907940,600907941,600907942,600907943,600907944,push
600906217,e6da3cae3ba165ffd7e27d7ca9c0ba2191b7c447,,master,passed,3823,2019-10-21 18:56:27 UTC,600906218,600906219,600906220,600906221,600906222,push
600858045,b3fde8402f908f3c95c55f3601a66c686157e660,,typing,errored,184,2019-10-21 17:18:31 UTC,600858046,600858047,600858048,600858049,600858050,push
600528949,23ed76701435f2a70327f37a162fcb8a88c5b44e,568,master,passed,3667,2019-10-21 03:09:43 UTC,600528950,600528951,600528952,600528953,600528954,pull_request
600528843,931cb07bba2f96eba3b8cb82b1c330b341c0f7d9,,update-documentation-for-v2.0,passed,3697,2019-10-21 02:58:50 UTC,600528844,600528845,600528846,600528847,600528848,push
600517600,ec76b752070c043c143168eea7a94536cd420959,,update-documentation-for-v2.0,passed,3796,2019-10-21 02:02:20 UTC,600517601,600517602,600517603,600517604,600517605,push
600467574,a051d5f50c681ef21d89c41a354079ba56bd70ad,,update-documentation-for-v2.0,passed,3828,2019-10-20 22:05:50 UTC,600467575,600467576,600467577,600467578,600467579,push
600467066,3eb534a94aa594b20e458aacbe5e4599f78029e4,,update-documentation-for-v2.0,passed,3741,2019-10-20 21:57:11 UTC,600467067,600467068,600467069,600467070,600467071,push
600413314,28c6af1fd8cec34904bd3fc7eef6de67fb326c9a,566,master,passed,3602,2019-10-20 19:16:53 UTC,600413315,600413316,600413317,600413318,600413319,pull_request
600413308,8e8bd114c2f124916c5be235ef55b11021eb1bdd,,pos-label-str-tests-and-fixes,passed,3549,2019-10-20 18:46:01 UTC,600413309,600413310,600413311,600413312,600413313,push
600407896,901d45b3e358dc0286f745d0788c7622592c8d09,566,master,failed,3507,2019-10-20 18:33:30 UTC,600407897,600407898,600407899,600407900,600407901,pull_request
600407888,9f5ab78d396a6e72fadf59c0b5d6646cdb771f13,,pos-label-str-tests-and-fixes,failed,3547,2019-10-20 18:24:57 UTC,600407889,600407890,600407891,600407892,600407893,push
600327710,db9c92aa4e03c2d1c0160ea5cb6533d403ccdd72,567,master,passed,3541,2019-10-20 13:12:26 UTC,600327711,600327712,600327713,600327714,600327715,pull_request
600321414,ccc5d40cbb6fe31f37c52d369fbf9419a4b83e7f,,564-metric-computation-bug,passed,3567,2019-10-20 12:47:03 UTC,600321415,600321416,600321417,600321418,600321419,push
600170522,902819ac9bfdba7c32b276221e644bccd1239465,,564-metric-computation-bug,failed,3448,2019-10-19 22:10:49 UTC,600170523,600170524,600170525,600170526,600170527,push
600089051,2332789ad5eb8323d00df4ca80cbb969edf48290,566,master,passed,3729,2019-10-19 16:32:28 UTC,600089052,600089053,600089054,600089055,600089056,pull_request
600089043,f431603692214801131f219f955ae2f42d2d8dae,,pos-label-str-tests-and-fixes,passed,3736,2019-10-19 16:23:21 UTC,600089044,600089045,600089046,600089047,600089048,push
600054598,74799351b9cb68be1e2ec184ffd96e8721b2acd0,566,master,passed,3718,2019-10-19 15:40:08 UTC,600054599,600054600,600054601,600054602,600054603,pull_request
600054586,d152d2db59b327d8a8fb88f6b469d1255e005002,,pos-label-str-tests-and-fixes,passed,3555,2019-10-19 14:19:22 UTC,600054587,600054588,600054589,600054590,600054591,push
600054060,bd293d9697a86da7dc17ffce0380ba2b9829eeed,566,master,passed,3511,2019-10-19 14:10:32 UTC,600054061,600054062,600054063,600054064,600054065,pull_request
599946425,c3e3092c67e438d6227d31e217d1164aa1271ae4,,pos-label-str-tests-and-fixes,passed,3555,2019-10-19 03:50:54 UTC,599946426,599946427,599946428,599946429,599946430,push
599180249,116850efe83c659f888e79ab9dbe3ee52cbab26e,563,master,passed,3640,2019-10-17 14:23:26 UTC,599180250,599180251,599180252,599180253,599180254,pull_request
599177041,6ac288c618e78c4b9ae5f466b4b98f0be9d1b85b,,fix-seaborn-documentation,passed,3653,2019-10-17 14:13:17 UTC,599177042,599177043,599177044,599177045,599177046,push
598979106,02184bee859dfd80d2b8a35b8a6a9d49ed61e0e8,,pos-label-str-tests-and-fixes,passed,3633,2019-10-17 04:17:19 UTC,598979107,598979108,598979109,598979110,598979111,push
598928345,b450a9f1e1315fc2057348bc371cc123c5e761be,,master,passed,3639,2019-10-17 00:22:38 UTC,598928346,598928347,598928348,598928349,598928350,push
598892680,4c17c444cdb282a57ac9e38796e751d40da513fe,552,master,passed,3775,2019-10-16 22:35:22 UTC,598892681,598892682,598892683,598892684,598892685,pull_request
598892672,604c2ebee6244789906a65b670b2a9d2464bc7c3,,feature/448-interactive-binder,passed,3835,2019-10-16 22:22:58 UTC,598892673,598892674,598892675,598892676,598892677,push
598882866,a09e425898d0bc27044ba9e739ff8d059f69d2d4,552,master,passed,3534,2019-10-16 22:06:17 UTC,598882867,598882868,598882869,598882870,598882871,pull_request
598882708,6cd300485ac82108364307ec42082f923c897bb2,,feature/448-interactive-binder,passed,3578,2019-10-16 21:56:40 UTC,598882709,598882710,598882711,598882712,598882713,push
598780793,0761f14ef768545575cc5d7de65a91063ecfc181,557,master,passed,3601,2019-10-16 17:59:20 UTC,598780794,598780795,598780796,598780797,598780798,pull_request
598780783,0c80d8f3d84da95fb530740c97235c79fa7709dd,,532-remove-megam-reader-writer-classes,passed,3515,2019-10-16 17:50:34 UTC,598780784,598780785,598780786,598780787,598780788,push
598768218,487e69e08ba8e7c4c100b0ba9979ce249af9b3f4,,master,passed,3704,2019-10-16 17:21:44 UTC,598768219,598768220,598768221,598768222,598768223,push
598756263,b19161764ff83acddc77167048b31b62915d04ce,559,master,passed,3746,2019-10-16 16:52:09 UTC,598756264,598756265,598756266,598756267,598756268,pull_request
598756253,3f0c1adf352db6b2426e3e6ba6ee621d6ee6cf7a,,update-scikit-learn-0213,passed,3707,2019-10-16 16:52:09 UTC,598756254,598756255,598756256,598756257,598756258,push
598732253,4cfa2335c9f27bda6ef38a4b05ec4865d48b9d37,,master,passed,3510,2019-10-16 16:09:27 UTC,598732254,598732255,598732256,598732257,598732258,push
598713942,dc464a685033990629e310205fea4f83c9d204d6,546,master,passed,3501,2019-10-16 15:37:45 UTC,598713943,598713944,598713945,598713946,598713947,pull_request
598713931,78dcf2cf7a9cc8351a310a9a80508bb27beb1b9e,,update-examples,passed,3424,2019-10-16 15:28:52 UTC,598713932,598713933,598713934,598713935,598713936,push
598713383,319fbf047e20555b424dc7f110d2debe94323a45,546,master,canceled,0,,598713385,598713386,598713387,598713388,598713389,pull_request
598713364,1f8c639ec1808f31b28f25962a95eb50dc9f6c48,,update-examples,passed,3485,2019-10-16 15:19:39 UTC,598713365,598713366,598713367,598713368,598713369,push
598695848,6f2e0068b429e088db8ed5944f0e75590021485d,560,master,errored,200,2019-10-16 15:07:15 UTC,598695849,598695850,598695851,598695852,598695853,pull_request
598694548,86dc8b1f27f9f12b330fb30db8a220285605c636,,typing,errored,202,2019-10-16 15:04:36 UTC,598694549,598694550,598694551,598694552,598694553,push
598692530,22c067e2e4a6b300a350e4a94efde86812d844c7,552,master,passed,2977,2019-10-16 14:53:23 UTC,598692531,598692532,598692533,598692534,598692535,pull_request
598692496,16d6fbb47b511c45c89b41183b18ffda1abd9ea1,,feature/448-interactive-binder,passed,2947,2019-10-16 14:48:26 UTC,598692497,598692498,598692499,598692500,598692501,push
598674529,a43ebf71bcdf03f11c8ad48c6c2882b041991534,559,master,passed,2999,2019-10-16 14:04:48 UTC,598674530,598674531,598674532,598674533,598674534,pull_request
598668835,5620791c079e808183bb8761facebb6edc29e126,,update-scikit-learn-0213,passed,2981,2019-10-16 13:53:45 UTC,598668836,598668837,598668838,598668839,598668840,push
598661232,765950776731ac48a14559b9d7242d55e16aeb3f,546,master,passed,3455,2019-10-16 13:44:58 UTC,598661233,598661234,598661235,598661236,598661237,pull_request
598661220,e10cff9984bdf39b015974789e763e7cf158c3b2,,update-examples,passed,3399,2019-10-16 13:35:54 UTC,598661221,598661222,598661223,598661224,598661225,push
598654519,366bf5d3c39a7a90204ed543415f9c7f6376dc14,,update-scikit-learn-0213,passed,2950,2019-10-16 13:20:44 UTC,598654520,598654521,598654523,598654524,598654525,push
598639502,c1ac691d4fb131d5d83f1d20f00a7b60d5c51821,546,master,failed,3268,2019-10-16 13:01:51 UTC,598639503,598639504,598639505,598639506,598639507,pull_request
598639490,238b09c3d9a5e043f8126c277e757be551c411de,,update-examples,failed,3532,2019-10-16 12:52:14 UTC,598639491,598639492,598639493,598639494,598639495,push
598633815,aed0c9eabaa0ae2803a193dcd932f818b9a5bd26,,fix-seaborn-documentation,passed,3103,2019-10-16 12:40:26 UTC,598633816,598633817,598633818,598633819,598633820,push
598629024,d41414f04f3538f8fff9701e68f483bc9fac6810,546,master,failed,2978,2019-10-16 12:25:41 UTC,598629025,598629026,598629027,598629028,598629029,pull_request
598629011,dc126d8449c8f249aa7e9afe81e41055c5259fab,,update-examples,failed,3028,2019-10-16 12:25:42 UTC,598629012,598629013,598629015,598629016,598629018,push
598439137,697ea910ebcf93c42c559a3ba75ea6b9b0092d92,557,master,passed,2960,2019-10-16 01:53:14 UTC,598439138,598439139,598439140,598439141,598439142,pull_request
598439125,e8c74f5d8885b63bcb38c1394dee0cf88d83f4c9,,532-remove-megam-reader-writer-classes,passed,3006,2019-10-16 01:53:09 UTC,598439126,598439127,598439128,598439129,598439130,push
598372507,4cbbdd308753c788e0783dfde1c5b6cac10853d4,,update-scikit-learn-0213,failed,2994,2019-10-15 22:08:25 UTC,598372508,598372509,598372510,598372511,598372512,push
598369104,4c443d433fc045e4f5b2abdc5fbdbef72255675b,,master,passed,3036,2019-10-15 21:59:14 UTC,598369105,598369106,598369107,598369108,598369109,push
598358571,f2bd7ce79becfd20e49c25c6b2e52a3290d56a46,551,master,passed,2924,2019-10-15 21:34:53 UTC,598358572,598358573,598358574,598358575,598358576,pull_request
598358553,b1fb24e983f2b467b67563276e15709026aada04,,streamline-objectives,passed,3126,2019-10-15 21:31:56 UTC,598358554,598358555,598358556,598358557,598358558,push
598328290,3b3b6aaa248e587a6a68c92590648146ee0b05fd,,master,passed,2511,2019-10-15 20:16:26 UTC,598328291,598328292,598328293,598328294,598328295,push
598318772,587aeac0ecbfdab423eebd1f95fe6adad082b0af,558,master,passed,2786,2019-10-15 19:55:35 UTC,598318773,598318774,598318775,598318776,598318777,pull_request
598318760,902cb63bc4e89aefe004207c463dcfcd00c27939,,conda-update-hotfix,passed,2607,2019-10-15 19:52:16 UTC,598318761,598318762,598318763,598318764,598318765,push
598317743,47f6be5fc4fdf6a75d3ab0648d4eb21ff47e9428,558,master,canceled,0,,598317744,598317745,598317746,598317747,598317748,pull_request
598317714,f3c55233de17e84d38442db95f1063ab8b4b9134,,conda-update-hotfix,canceled,127,2019-10-15 19:49:39 UTC,598317715,598317716,598317717,598317718,598317719,push
598309071,a2587962960fb16a54585321a1fc2a078d3efcd9,558,master,passed,2769,2019-10-15 19:35:03 UTC,598309072,598309073,598309074,598309075,598309076,pull_request
598309050,3a09f89148c35d8089be29db13d7c25412931801,,conda-update-hotfix,passed,3048,2019-10-15 19:26:34 UTC,598309051,598309052,598309053,598309054,598309055,push
598305888,e6de2b37756996e1a7b9711a4c62912fdf42609b,558,master,canceled,1029,2019-10-15 19:21:50 UTC,598305889,598305890,598305891,598305892,598305893,pull_request
598305878,072a8b528e45963f8a7297b07840579f5bfdad86,,conda-update-hotfix,canceled,599,2019-10-15 19:19:04 UTC,598305879,598305880,598305881,598305882,598305883,push
598303930,0c52c2e778c6ab82aa99d3a5ade7c24825d2700f,558,master,canceled,758,2019-10-15 19:13:35 UTC,598303931,598303932,598303933,598303934,598303935,pull_request
598291966,c06dbb20f4e6f755c71a4fd925919315174ae9f5,,conda-update-hotfix,passed,2421,2019-10-15 18:54:59 UTC,598291967,598291968,598291969,598291970,598291971,push
598282277,f1789b76f973729f940ac8819dea21184fa8d897,557,master,errored,312,2019-10-15 18:24:51 UTC,598282278,598282279,598282280,598282281,598282282,pull_request
598281648,2f76541216bab7fc57651cce0265c2d6d58fbd99,,532-remove-megam-reader-writer-classes,errored,174,2019-10-15 18:23:37 UTC,598281649,598281650,598281651,598281652,598281653,push
598273530,08ee4f5a5a2855731f5421b7f6bfc6505e85f987,,update-scikit-learn-0213,failed,2867,2019-10-15 18:04:10 UTC,598273531,598273532,598273533,598273534,598273535,push
598271850,b33bba83b02a503f554be11e2615c5c42e153d30,,update-scikit-learn-0213,canceled,1076,2019-10-15 17:59:27 UTC,598271851,598271852,598271853,598271854,598271855,push
598271198,09795f13c8a913efcd5c2a0b3c02402643e4a695,,update-scikit-learn-0213,canceled,297,2019-10-15 17:57:31 UTC,598271199,598271200,598271201,598271202,598271203,push
598250768,abc95dab15dc3d2ed021cd3219a8cd1ec3457a63,546,master,errored,202,2019-10-15 17:04:58 UTC,598250769,598250770,598250771,598250772,598250773,pull_request
598250692,6f541f20e623de4d3d5fa2b0498f8567b0eec9c1,,update-examples,errored,176,2019-10-15 17:40:33 UTC,598250693,598250694,598250695,598250696,598250697,push
598228466,15df4f7ffdf25d36d4a615d1859e022777347e22,,update-scikit-learn-0213,errored,167,2019-10-15 17:44:18 UTC,598228467,598228468,598228469,598228470,598228471,push
598213158,5c8ca32712777abe3c66c46b80e8a4bffb1d52b1,,update-scikit-learn-0213,failed,3000,2019-10-15 15:34:26 UTC,598213159,598213160,598213161,598213162,598213163,push
598140895,25df0bf79d9b45efff064441ec09c7173d7141b1,551,master,passed,2939,2019-10-15 13:12:55 UTC,598140896,598140897,598140898,598140899,598140900,pull_request
598140882,e0cd7ec23a42c83e48338c07bf7f35263a15bc2e,,streamline-objectives,passed,2874,2019-10-15 13:10:02 UTC,598140883,598140884,598140885,598140886,598140887,push
597783672,0ccece5072839e71458bbbddf5288f57c4543738,,streamline-objectives,passed,2979,2019-10-14 19:09:19 UTC,597783674,597783675,597783677,597783681,597783682,push
597783663,2efa19c301a5fea0876863f3461ddbee49ad82cd,551,master,passed,3004,2019-10-14 19:00:17 UTC,597783665,597783666,597783668,597783670,597783671,pull_request
597780004,a22d5055bb524dd0894511d7c2be2a8ab0055e18,552,master,passed,2532,2019-10-14 18:50:49 UTC,597780005,597780006,597780007,597780008,597780009,pull_request
597779971,e1f2e791a5bfe97adb19533c4c9c884dca9ceac9,,feature/448-interactive-binder,passed,2500,2019-10-14 18:41:28 UTC,597779972,597779973,597779974,597779975,597779976,push
597778090,97e6014ee97386f25d77e33522ae89c01e0d755f,552,master,canceled,0,,597778091,597778092,597778093,597778094,597778095,pull_request
597778063,5e9d17bbd1cc4395f5d796f78de0e8862382c2d8,,feature/448-interactive-binder,canceled,0,,597778064,597778065,597778066,597778067,597778068,push
597775428,28d4a9d2af1ed8f6f3835af9a0bceeb4c6c9b39b,546,master,passed,3024,2019-10-14 18:28:59 UTC,597775429,597775430,597775431,597775432,597775433,pull_request
597775406,2bb41ecd278eefe47df2b5a8d23d62a4c9bdf04c,,update-examples,passed,2985,2019-10-14 18:26:06 UTC,597775407,597775409,597775410,597775412,597775414,push
597702169,05a396866135f208d10f5a74de409430f167a875,551,master,passed,2908,2019-10-14 15:56:45 UTC,597702170,597702172,597702173,597702175,597702176,pull_request
597702123,baf5a77c411271d54e2597eceb7815ae8306f9ed,,streamline-objectives,passed,2842,2019-10-14 15:47:37 UTC,597702124,597702125,597702126,597702127,597702128,push
597697152,6b291954686487f6a76f44faf3e3fbccdd6ab3ec,551,master,passed,2951,2019-10-14 15:35:36 UTC,597697153,597697154,597697155,597697156,597697157,pull_request
597697133,9649b7ea54d40ca6fb537fb3a9f28f46717cd9fa,,streamline-objectives,passed,2923,2019-10-14 15:32:24 UTC,597697134,597697135,597697136,597697137,597697138,push
597637288,860abf1d044c1c53341f1f05e403f45eb69469ba,552,master,passed,2464,2019-10-14 13:42:57 UTC,597637289,597637290,597637291,597637292,597637293,pull_request
597636148,256341d4385cb04e029d983085eb11e2f7940949,,feature/448-interactive-binder,passed,2416,2019-10-14 13:40:01 UTC,597636149,597636150,597636151,597636152,597636153,push
597021519,3e8ecb444eaba1de6d54b9dd50002677370e682c,551,master,passed,2912,2019-10-12 16:04:36 UTC,597021520,597021521,597021522,597021523,597021524,pull_request
597021510,ea8924a2536577129667440a1610472f5d35b01c,,streamline-objectives,passed,2902,2019-10-12 16:01:55 UTC,597021511,597021512,597021513,597021514,597021515,push
596761437,c3af63873bc59c9229eacf51743ede3cef261957,551,master,passed,2951,2019-10-11 19:57:55 UTC,596761438,596761439,596761440,596761441,596761442,pull_request
596751092,032d333c9653096454a09b7621cce4774340ba8d,,streamline-objectives,passed,2965,2019-10-11 19:27:53 UTC,596751094,596751095,596751096,596751097,596751098,push
596742533,11b538dbe1f85fed087bd22e62245909d9e0e797,,streamline-objectives,passed,2966,2019-10-11 19:05:20 UTC,596742534,596742535,596742536,596742537,596742538,push
596238584,4ae19a39f6009dc2bfc826ef4dc3df4b56ea1dc3,546,master,passed,3009,2019-10-10 18:06:17 UTC,596238585,596238586,596238587,596238589,596238590,pull_request
596238574,23931eae458fd4fcda08582b12b503732e67b8de,,update-examples,passed,3062,2019-10-10 18:05:43 UTC,596238575,596238576,596238577,596238578,596238579,push
596170974,7f6c4727d21f90f32de992cb96fefe13b1a34a3c,,streamline-objectives,failed,2793,2019-10-10 15:24:35 UTC,596170975,596170976,596170977,596170978,596170979,push
596154554,a32b7abedfdae6c04cc5505f6838c24e1d48cf0c,,streamline-objectives,failed,2759,2019-10-10 14:49:08 UTC,596154555,596154556,596154557,596154558,596154559,push
594724743,c915406f7abdb52da59bb6209d6e4252d63acef1,547,master,passed,2538,2019-10-07 17:57:50 UTC,594724744,594724745,594724746,594724747,594724748,pull_request
593725067,9edb868ff7f1a9c105779a5ad23048ae63fb6378,546,master,passed,2932,2019-10-04 20:47:03 UTC,593725068,593725069,593725070,593725071,593725072,pull_request
593721610,b87c4d274d3a31a904e11d79d9f453a5e8ebcb77,,update-examples,passed,2924,2019-10-04 20:38:08 UTC,593721611,593721612,593721613,593721614,593721615,push
593721254,3576f6b0075ad2a9b77e61259ea4881b1d9e7dab,,update-examples,passed,2890,2019-10-04 20:37:56 UTC,593721255,593721256,593721257,593721258,593721259,push
593720337,fa15af281fda9b315777bcbea632cdce300158ee,,update-examples,passed,3007,2019-10-04 20:19:32 UTC,593720338,593720339,593720340,593720341,593720342,push
593670126,d75bcb60ee54e67eafa35fedf6ab763d6cab109f,,update-examples,passed,2430,2019-10-04 17:53:07 UTC,593670128,593670130,593670131,593670132,593670133,push
593655859,c256c84361efd28c108f08773b512d2233eb68d4,,streamline-objectives,passed,2564,2019-10-04 17:16:22 UTC,593655860,593655861,593655862,593655863,593655864,push
593610117,aba90030ffcffe8975e97224e84d985506501136,,master,passed,2473,2019-10-04 15:38:41 UTC,593610118,593610119,593610120,593610121,593610122,push
593596787,76e1cb4c92bf3b08e4a0991211fdf4100b92b964,,feature/add-ignore-blanks,passed,2442,2019-10-04 15:14:08 UTC,593596789,593596793,593596799,593596800,593596801,push
593596736,0d1a0072fc1fda04acecc8baed04fea4037fb121,542,master,passed,2417,2019-10-04 15:11:07 UTC,593596737,593596738,593596739,593596740,593596741,pull_request
593566646,36c71760a9fd38f0f7177dc20daa6b8a8baa708d,542,master,passed,2426,2019-10-04 14:14:20 UTC,593566647,593566648,593566649,593566650,593566651,pull_request
593566640,0930bfe36d2c9c38ce403fae877d9569ecf39a29,,feature/add-ignore-blanks,passed,2430,2019-10-04 14:14:19 UTC,593566641,593566642,593566643,593566644,593566645,push
593555595,8854385d661f27263359d01966e25980627ea074,542,master,passed,2465,2019-10-04 13:50:48 UTC,593555596,593555597,593555598,593555599,593555600,pull_request
593555579,fc3c8cf6c2d60a81737776ab4f2a0c41a36bb4a6,,feature/add-ignore-blanks,passed,2453,2019-10-04 13:50:49 UTC,593555580,593555581,593555582,593555583,593555584,push
593225235,8462be5ffb635dd2b2781d73304128ac1ddf58d7,,feature/add-ignore-blanks,passed,2429,2019-10-03 20:12:05 UTC,593225238,593225239,593225240,593225241,593225242,push
593225227,fd54a370f86b9d5565579fc43ab0be22584063b5,542,master,passed,2620,2019-10-03 20:12:04 UTC,593225228,593225229,593225230,593225231,593225232,pull_request
593182442,729b44615a552585c7805bf9d76b0cefa0e89b8c,,feature/micro-averaged-f1-vs-accuracy,passed,2552,2019-10-03 18:29:47 UTC,593182443,593182444,593182445,593182446,593182447,push
593182413,906001bc1a1c85f5ac46171c94224c4c5691a6e5,513,master,passed,2617,2019-10-03 18:26:48 UTC,593182414,593182415,593182416,593182417,593182418,pull_request
593174539,7772b4f785aeffc036686bf886ff4b4fae66ddc9,542,master,passed,2430,2019-10-03 18:07:44 UTC,593174540,593174541,593174542,593174544,593174546,pull_request
593174510,b129b19d90d2b9f6f5011af278c630653b5a22d1,,feature/add-ignore-blanks,passed,2453,2019-10-03 18:04:23 UTC,593174511,593174512,593174513,593174514,593174515,push
593156561,c3d3895f37467fd4c0ac02fc046dc7402bca1a95,542,master,passed,2429,2019-10-03 17:22:23 UTC,593156562,593156563,593156564,593156565,593156566,pull_request
593156537,969b33aa138e75dcf4422801e96b28c80605700f,,feature/add-ignore-blanks,passed,2475,2019-10-03 17:19:15 UTC,593156538,593156539,593156540,593156541,593156542,push
593135637,58860ddf8bc3a995e2300c1b7984b26889de40de,542,master,passed,2402,2019-10-03 16:55:10 UTC,593135638,593135639,593135640,593135641,593135642,pull_request
593135612,8e69cf9a89ac1f562554df80cc0eeb1533b16c80,,feature/add-ignore-blanks,passed,2485,2019-10-03 16:46:29 UTC,593135613,593135614,593135615,593135616,593135617,push
593135330,1303cf3ef23edb5a4d9d8aab334850b0e0836775,542,master,canceled,0,,593135331,593135332,593135333,593135334,593135335,pull_request
593135312,ad655770de479b8bd07d70fab0311ade5c29b230,,feature/add-ignore-blanks,canceled,0,,593135313,593135314,593135315,593135316,593135317,push
593132245,5436f3d49ac057bb3682167304990d8a759a2f23,542,master,canceled,0,,593132246,593132247,593132248,593132249,593132250,pull_request
593132228,8cfc99a146b985e2479ce62973adff3842824a87,,feature/add-ignore-blanks,canceled,0,,593132229,593132230,593132231,593132232,593132233,push
593129839,f4701d67914b52bf50e2c0a4fc3c7a334aa327f1,542,master,passed,2591,2019-10-03 16:19:54 UTC,593129840,593129841,593129842,593129843,593129844,pull_request
593129815,ff7b171b233d425e9f6fbd18d14346c60b293278,,feature/add-ignore-blanks,passed,2598,2019-10-03 16:16:31 UTC,593129816,593129817,593129818,593129819,593129820,push
593076300,42a9a998ee62edcb24459d9eb8e6cba83ed26fa9,,master,passed,2454,2019-10-03 14:24:05 UTC,593076301,593076302,593076303,593076304,593076305,push
592831312,609d3689b8b63741f223c66ba200baf9792df55c,543,master,passed,2550,2019-10-03 00:06:41 UTC,592831313,592831314,592831315,592831316,592831317,pull_request
592831284,2cf9efe98f5697d10cf2e86592243995c341423a,,541-add-missing-logger-attribute,passed,2495,2019-10-03 00:03:41 UTC,592831285,592831286,592831287,592831288,592831289,push
592824339,3613c5e8b5f115997626b42a5242de3ae4a9550a,543,master,failed,2479,2019-10-02 23:38:12 UTC,592824340,592824341,592824342,592824343,592824344,pull_request
592824333,6858745a6bc313111c6d8a1dcbdf3c1774073250,,541-add-missing-logger-attribute,failed,2537,2019-10-02 23:34:53 UTC,592824334,592824335,592824336,592824337,592824338,push
592749316,9d29679126f7b73d66f4537e57dc17869e898ad5,542,master,passed,2432,2019-10-02 20:26:20 UTC,592749319,592749320,592749321,592749322,592749323,pull_request
592749293,0a0650a30c15c9d8af6afbcf8f096ddbaabca92c,,feature/add-ignore-blanks,passed,2447,2019-10-02 20:16:55 UTC,592749294,592749295,592749296,592749297,592749298,push
592745528,4375170358ddf1bb24212c7050970abe8204b901,543,master,failed,2624,2019-10-02 20:09:07 UTC,592745529,592745530,592745531,592745532,592745533,pull_request
592743647,6209718c03741f95866cd693b5d635ff83a285a0,,541-add-missing-logger-attribute,failed,2484,2019-10-02 19:59:57 UTC,592743648,592743649,592743650,592743651,592743652,push
592737059,4230116f329e6372e8026d3395af9bd33f145c7d,542,master,passed,2521,2019-10-02 19:50:29 UTC,592737060,592737061,592737062,592737063,592737064,pull_request
592736246,5c1729be4ca9422cbe53fde6b53dee5ba99a7052,,feature/add-ignore-blanks,passed,2464,2019-10-02 19:40:16 UTC,592736247,592736248,592736249,592736250,592736251,push
592734652,ab9e358c0d20606d49cdf373d8fa4f79aabebcdf,,feature/add-ignore-blanks,passed,2581,2019-10-02 19:36:29 UTC,592734653,592734654,592734655,592734656,592734657,push
592605904,0e629aa422a09c1bbef914efd828c7722f995859,,master,passed,2491,2019-10-02 14:55:41 UTC,592605905,592605906,592605907,592605908,592605909,push
592605826,9b7756005be6648818acda16be133df2d59446f0,538,master,errored,193,2019-10-02 14:54:31 UTC,592605827,592605828,592605829,592605830,592605831,pull_request
592605789,fd482522945d30bf25e02458e29c886771883b92,,536-folds-file-for-evaluate-predict,errored,236,2019-10-02 14:53:51 UTC,592605790,592605791,592605792,592605793,592605794,push
592586044,cf73da5abfddff578c167726ec6ce536a3f7c20d,,master,passed,2446,2019-10-02 14:17:00 UTC,592586045,592586046,592586047,592586048,592586049,push
592312876,e58f10a9b036e6340d769ecb69bb6af11749b565,539,master,passed,2621,2019-10-02 00:22:23 UTC,592312877,592312878,592312879,592312880,592312881,pull_request
592312858,56a52a9912c807afb8e823a63651e726c28865fe,,537-force-pandas-ids-strings,passed,2505,2019-10-02 00:12:15 UTC,592312859,592312860,592312861,592312862,592312863,push
592303996,18414810ed537786bffd708063e6634addf0c933,538,master,passed,2460,2019-10-02 00:03:33 UTC,592303997,592303998,592303999,592304000,592304001,pull_request
592303977,df6248695220b3662001812f1a3a66962450fe4a,,536-folds-file-for-evaluate-predict,passed,2490,2019-10-01 23:54:54 UTC,592303978,592303979,592303980,592303981,592303982,push
592303811,a945e0271ddfe56160d12696ea3d329474d23b05,,master,passed,2420,2019-10-01 23:46:45 UTC,592303812,592303813,592303814,592303815,592303816,push
592303500,cbe090c282fe3e166c9176e296837a4ecb75df2f,539,master,passed,2441,2019-10-01 23:35:38 UTC,592303501,592303502,592303503,592303504,592303505,pull_request
592302696,7cfd9e4108deb5276b479dc1f4fc7b7bd5f73130,,537-force-pandas-ids-strings,passed,2507,2019-10-01 23:32:16 UTC,592302697,592302698,592302699,592302700,592302701,push
592294426,44ff4b6027920824c2b60784457c476288959369,,537-force-pandas-ids-strings,passed,2475,2019-10-01 23:05:12 UTC,592294427,592294428,592294429,592294430,592294431,push
592282174,274193cb4c07bc38665962af1fa7aea5e37a86b2,538,master,passed,2396,2019-10-01 22:28:17 UTC,592282175,592282176,592282177,592282178,592282179,pull_request
592280570,39c8cfc102badd25a005eb5c37ab7a232ded68be,,536-folds-file-for-evaluate-predict,passed,2436,2019-10-01 22:22:06 UTC,592280571,592280572,592280573,592280574,592280575,push
592275145,a67af502ec5933b41c5297d64951a9ba51ac0968,,streamline-objectives,passed,2565,2019-10-01 22:08:37 UTC,592275146,592275147,592275148,592275149,592275150,push
592272839,56cc3fe94c7d9f245a8eb765116a342d21d2693b,,streamline-objectives,passed,2498,2019-10-01 22:02:04 UTC,592272840,592272841,592272842,592272843,592272844,push
592268867,fe856bd68c583795cacd9f22969fa5da572c4f9b,,streamline-objectives,passed,2452,2019-10-01 21:52:48 UTC,592268868,592268869,592268870,592268871,592268872,push
592260388,54f01c7a8b8f3602ed81b34c143c7d011591047f,,streamline-objectives,passed,2444,2019-10-01 21:33:03 UTC,592260389,592260390,592260391,592260392,592260393,push
592253263,90c873db40b98b28a7953d31a7aa6eae2c0d2868,,streamline-objectives,passed,2446,2019-10-01 21:16:47 UTC,592253264,592253265,592253266,592253267,592253268,push
592184025,113c8690e702688bdf830dc16bb2a1d812feb4c3,505,master,passed,2532,2019-10-01 18:51:47 UTC,592184027,592184030,592184031,592184032,592184033,pull_request
592183966,d03e7f668c33c1f806cf8fb2d43523d2ee5b05b3,,feature/allow_saving_of_models_in_cv_new,passed,2424,2019-10-01 18:47:45 UTC,592183967,592183968,592183969,592183970,592183971,push
592178853,23a41a21a4180f77aa8f6232a78678d4e574111a,,master,passed,2422,2019-10-01 18:36:50 UTC,592178854,592178855,592178856,592178857,592178858,push
592163157,01883f5294d1f824a1354f86212cb3b57701c1fb,533,master,passed,2559,2019-10-01 18:06:07 UTC,592163159,592163162,592163163,592163164,592163165,pull_request
592163080,0b43a0afb6329ec9ae44e9059298368c56ba1266,,align-parameters-and-hyperparameters,passed,2435,2019-10-01 18:02:34 UTC,592163081,592163082,592163083,592163084,592163085,push
592042607,114d088210641f5a58ac1967f4620de64e0f4ff8,,master,passed,2529,2019-10-01 14:06:59 UTC,592042608,592042609,592042610,592042611,592042612,push
592030256,52be623a7169d99379a514ea840a729ad3456d10,518,master,passed,2458,2019-10-01 13:45:27 UTC,592030257,592030258,592030259,592030260,592030261,pull_request
592030242,59ddaea159f2d70797394799c0e2c9d2af93cf34,,fix/update-reader-objects,passed,2534,2019-10-01 13:42:04 UTC,592030243,592030244,592030245,592030246,592030247,push
591675447,d434a5e53dd269d1a4b2981b16f8835e4b97fbf7,505,master,passed,2280,2019-09-30 20:17:23 UTC,591675448,591675449,591675450,591675451,591675452,pull_request
591675439,24241aa937876ab54a54248f92302297b9be9bfc,,feature/allow_saving_of_models_in_cv_new,passed,2243,2019-09-30 20:14:12 UTC,591675440,591675441,591675442,591675443,591675444,push
591552017,ed99c2e059ba12884abffe153978543988be210b,505,master,passed,2247,2019-09-30 15:35:57 UTC,591552018,591552019,591552020,591552021,591552022,pull_request
591551998,06be4e0d83e7102bd2aaa94a68a1706727fb27c1,,feature/allow_saving_of_models_in_cv_new,passed,2350,2019-09-30 15:28:36 UTC,591551999,591552000,591552001,591552002,591552003,push
591551765,6de4d90e9ffdd1cbf88af4e055fb9a4dba7deee6,518,master,passed,2337,2019-09-30 15:18:05 UTC,591551766,591551767,591551768,591551769,591551770,pull_request
591551676,6c58cdaea7a90e88cee33394bfe6f976377e6e9b,,fix/update-reader-objects,passed,2355,2019-09-30 15:15:06 UTC,591551677,591551678,591551679,591551680,591551681,push
591512819,918ae48a87b840772b5bdcff04ab51845219ecf0,518,master,passed,2328,2019-09-30 14:08:07 UTC,591512820,591512821,591512822,591512823,591512824,pull_request
591512805,70e67a72c4a8a47cbc7732dc123834c511cad48e,,fix/update-reader-objects,passed,2320,2019-09-30 13:57:47 UTC,591512806,591512807,591512808,591512809,591512810,push
591512266,fdc5f828df2cc6990f149ee4f0a26dd252850297,518,master,passed,2403,2019-09-30 13:54:42 UTC,591512267,591512269,591512271,591512272,591512273,pull_request
591499836,730e16b35bb09bcd14799b1d4afb2913478b445c,533,master,passed,2158,2019-09-30 13:33:18 UTC,591499837,591499838,591499839,591499841,591499843,pull_request
591499805,2520bad3c84aa16858cce0d9d6db3cac6b92e3bc,,align-parameters-and-hyperparameters,passed,2271,2019-09-30 13:30:18 UTC,591499806,591499807,591499808,591499809,591499810,push
590590917,f02862c4179335d76b8cf2fabd6143821f7d9e0c,,master,passed,2307,2019-09-27 20:54:36 UTC,590590918,590590919,590590920,590590921,590590922,push
590569472,b1251747af5c849ef502b3e9772421ad8956b299,518,master,passed,2346,2019-09-27 19:58:06 UTC,590569473,590569474,590569475,590569476,590569477,pull_request
590569466,ba0dcb850d8a220affe47a2a33b14d79f4c54f13,,fix/update-reader-objects,passed,2302,2019-09-27 19:54:47 UTC,590569467,590569468,590569469,590569470,590569471,push
590565129,82528d000d1064bbb497472e26faf8d44cc7c326,533,master,passed,2350,2019-09-27 19:39:34 UTC,590565130,590565131,590565132,590565133,590565134,pull_request
590559846,b333aed99ea62d29cbb58d293e480e13d64dd606,,align-parameters-and-hyperparameters,passed,2171,2019-09-27 19:24:28 UTC,590559847,590559848,590559849,590559850,590559851,push
590553443,c6ca4308e5b3132887874d14738c5da8018b6b2e,,align-parameters-and-hyperparameters,failed,2175,2019-09-27 19:08:41 UTC,590553444,590553445,590553446,590553447,590553448,push
590549212,61490342c1321a0e092d508bd6f97d2b5b86ec80,,investigate-old-code-issue-464,failed,2218,2019-09-27 19:01:18 UTC,590549214,590549217,590549218,590549219,590549221,push
590548565,6f5fadf046b7488ec43c11e16f45ac8d15250f30,505,master,passed,2208,2019-09-27 18:51:08 UTC,590548566,590548567,590548568,590548569,590548570,pull_request
590548555,04f5f6de467443ef781d4ea5a2334822850ae05b,,feature/allow_saving_of_models_in_cv_new,passed,2170,2019-09-27 18:47:59 UTC,590548556,590548557,590548558,590548559,590548560,push
590532815,9d0640a6db735a2f012ca4479acd11ca0b73e4c7,,align-parameters-and-hyperparameters,failed,2154,2019-09-27 18:32:38 UTC,590532816,590532817,590532818,590532819,590532820,push
590530231,d956569b34a88c5488f9876fc96992c6b03f6661,518,master,passed,2768,2019-09-27 18:23:58 UTC,590530232,590530233,590530234,590530235,590530236,pull_request
590530188,012c49590ccae3b69800f02a14e7c3a1c09e8078,,fix/update-reader-objects,passed,2664,2019-09-27 18:14:42 UTC,590530189,590530190,590530191,590530192,590530193,push
590529624,d4df4cc7e5167c89d8f4d05746e92f68c0a3a46f,505,master,passed,2297,2019-09-27 18:06:16 UTC,590529625,590529626,590529627,590529628,590529629,pull_request
590529610,a3a4d170c73f36876241665911e6b6888472a84c,,feature/allow_saving_of_models_in_cv_new,passed,2292,2019-09-27 17:58:10 UTC,590529611,590529612,590529613,590529614,590529615,push
590524344,5e0aea69678b99f1122c94f2a7a5beaf9ab4998a,531,master,passed,2406,2019-09-27 17:49:20 UTC,590524345,590524346,590524347,590524348,590524349,pull_request
590524326,96f1c7cdf4089370e5c93d3b0496f777c3d4c6a1,,feature/make_tests_package,passed,2203,2019-09-27 17:41:49 UTC,590524327,590524328,590524329,590524330,590524331,push
590523502,df4bb0c63debbdb4cffcb72a04ff29a995088d25,531,master,canceled,0,,590523503,590523504,590523505,590523506,590523507,pull_request
590522057,9c586b94926a70e2f1f4a343b6a584cb460eabe8,,feature/make_tests_package,passed,2195,2019-09-27 17:35:03 UTC,590522058,590522059,590522060,590522061,590522062,push
590516273,e9f3f054edcb4ba1a10f6d074c67cd71ef7432e3,,align-parameters-and-hyperparameters,passed,2229,2019-09-27 17:27:34 UTC,590516274,590516275,590516276,590516277,590516278,push
590515515,5db93b2f054b0e8ad4abdb244abc3b6e6a0e97b3,518,master,failed,2369,2019-09-27 17:13:24 UTC,590515516,590515517,590515518,590515519,590515520,pull_request
590515505,1e086bf4990dc6f8fb4f9b0578add3e31ad8101a,,fix/update-reader-objects,failed,2336,2019-09-27 17:13:23 UTC,590515506,590515507,590515508,590515509,590515510,push
590504227,ec6d7b40e82a2c4983352481e11a327f52e35edb,505,master,passed,2522,2019-09-27 16:54:48 UTC,590504228,590504229,590504230,590504231,590504232,pull_request
590504221,c27030f0f3ac729cc4e60d9b085a364058e191ac,,feature/allow_saving_of_models_in_cv_new,passed,2231,2019-09-27 16:44:51 UTC,590504222,590504223,590504224,590504225,590504226,push
590503615,d424ea215e18030df74b915da9260398bff992e8,505,master,canceled,0,,590503616,590503617,590503618,590503619,590503620,pull_request
590503584,c11c3f2cdad04033558299c41d34689ba0e9b384,,feature/allow_saving_of_models_in_cv_new,passed,2285,2019-09-27 16:41:21 UTC,590503585,590503586,590503587,590503588,590503589,push
590469939,200a3cf4f6859fd27e6b6b7ce32c4fda43494687,518,master,failed,1392,2019-09-27 15:32:08 UTC,590469940,590469941,590469942,590469944,590469945,pull_request
590469852,72f595d63a8180edbf7676f08a4f7aa5ccaf68d4,,fix/update-reader-objects,failed,1371,2019-09-27 15:26:13 UTC,590469853,590469855,590469857,590469858,590469859,push
590468741,79551e59285ddc0179da0dacb1ab9453d1578e91,,align-parameters-and-hyperparameters,failed,2226,2019-09-27 15:20:25 UTC,590468742,590468743,590468744,590468745,590468746,push
590467917,63b5d3b28f5b1b49c2e43f5df264548cb8b34112,518,master,failed,1387,2019-09-27 15:14:59 UTC,590467918,590467919,590467920,590467921,590467922,pull_request
590467899,3a474311737082104cf6c9360369b536f3092f93,,fix/update-reader-objects,failed,1344,2019-09-27 15:12:09 UTC,590467900,590467901,590467902,590467903,590467904,push
590419093,6f21e4594a168ca10aba2755f9dd715f3a34482f,,align-parameters-and-hyperparameters,failed,2423,2019-09-27 13:27:57 UTC,590419094,590419095,590419096,590419097,590419098,push
589501790,7636e8bc6bc1b45119d336eace88c5423c8dc159,,max_abs_scaler_2,failed,2013,2019-09-25 15:13:53 UTC,589501791,589501792,589501793,589501794,589501795,push
589498226,051d9c237b704112d9eacf60d61181d8a1b37c68,,master,passed,2270,2019-09-25 15:06:37 UTC,589498227,589498228,589498229,589498230,589498231,push
589456718,ce3a331892bfd65084cb2431eea48fefe3ecf2cf,522,master,passed,2194,2019-09-25 13:46:01 UTC,589456719,589456720,589456721,589456722,589456723,pull_request
589456061,119ac835cccba97beb50a14fabf2973dbbbb251f,,revert-openmp-pinning,passed,2190,2019-09-25 13:42:37 UTC,589456062,589456063,589456064,589456065,589456066,push
589012950,f91714a12c3824677b6b5301152a812556152399,,master,passed,2257,2019-09-24 15:33:05 UTC,589012951,589012952,589012953,589012954,589012955,push
589012913,d834f3585b402473c21b1fc72a48f18079e988d1,521,master,errored,91,2019-09-24 15:31:50 UTC,589012914,589012915,589012916,589012917,589012918,pull_request
589012810,e3f73a1d226d910dedd7c8da8a343ffea9c3993f,,desilinguist-patch-1,errored,112,2019-09-24 15:29:21 UTC,589012811,589012812,589012813,589012814,589012815,push
589010947,651449a44daeade1b48b8b045434fc7424eb60b1,,master,passed,2219,2019-09-24 15:24:51 UTC,589010948,589010949,589010950,589010951,589010952,push
588504493,9bcd7be0e8f4603631c065e9897cc1a9a796dd31,519,master,passed,2200,2019-09-23 15:11:25 UTC,588504494,588504495,588504496,588504497,588504498,pull_request
588504483,2fd514b04ac7ce271c40c58b1df9c3ab6ae72410,,code-overview-for-contributions,passed,2191,2019-09-23 15:11:24 UTC,588504484,588504487,588504488,588504489,588504490,push
588477514,d3cc3f8bc48f05e91960f9d476b45232322e971c,,master,passed,2150,2019-09-23 14:11:34 UTC,588477518,588477521,588477522,588477524,588477525,push
587631745,6567c36362fa2b8120dd436fa33c572654aeacd6,502,master,failed,1730,2019-09-20 20:14:06 UTC,587631746,587631747,587631748,587631749,587631750,pull_request
587631739,6970e3c021f47e2b6898a9270c2fe07d52895510,,fbeta,failed,1747,2019-09-20 20:06:58 UTC,587631740,587631741,587631742,587631743,587631744,push
587630724,7c2b10189f0cadf0b0476c06000490ed9208da32,518,master,passed,2368,2019-09-20 19:59:00 UTC,587630725,587630726,587630727,587630728,587630729,pull_request
587630707,6d7090179e929eee86038928936350e636cadd0a,,fix/update-reader-objects,passed,2079,2019-09-20 19:50:12 UTC,587630708,587630709,587630710,587630711,587630712,push
587627213,b07ed1b9ce83a7cdac6e5ed129fcb33a85b1ec22,519,master,passed,2309,2019-09-20 19:41:15 UTC,587627214,587627215,587627216,587627217,587627218,pull_request
587626840,773ffbee412fccb3c2f6a2d1439b88d48ab547cd,,code-overview-for-contributions,passed,2157,2019-09-20 19:34:16 UTC,587626841,587626842,587626843,587626844,587626845,push
587625647,845b0d0a5822fcca136f152fedc035ff8f136027,502,master,failed,1709,2019-09-20 19:27:47 UTC,587625648,587625649,587625650,587625651,587625652,pull_request
587625620,9ce2f9e8b019b04e935db175f4acd7abdba628b3,,fbeta,failed,1496,2019-09-20 19:30:58 UTC,587625621,587625622,587625623,587625624,587625625,push
587621289,24c0952a1e14b6b48a0381149ee1c0ea25a23712,,fix/update-reader-objects,passed,2070,2019-09-20 19:11:12 UTC,587621290,587621291,587621292,587621293,587621297,push
587604757,0298206c1cbe60e0a45731bfea8c132d575d1ede,505,master,failed,2774,2019-09-20 18:48:33 UTC,587604758,587604759,587604760,587604761,587604762,pull_request
587604731,5f42b79eb50af37faac6996ace814a45a85e82c8,,feature/allow_saving_of_models_in_cv_new,failed,2185,2019-09-20 18:38:32 UTC,587604732,587604733,587604734,587604735,587604736,push
587604477,a8b8c5cb308210d453d0e3fc18d9412e58bf30d7,480,master,passed,2269,2019-09-20 18:31:30 UTC,587604478,587604479,587604480,587604481,587604482,pull_request
587604448,99006fe9e0f04dffc214e3c017a5cda41192f628,,feature/log-sklearn-warnings,passed,2148,2019-09-20 18:21:09 UTC,587604449,587604450,587604451,587604453,587604454,push
587603310,1b58f3d3b13f52b01db936858dc393e466ae6427,,master,passed,2190,2019-09-20 18:18:37 UTC,587603311,587603312,587603313,587603314,587603315,push
587586732,9e0ae483a6b4b8ad8891009719942068d073708a,502,master,failed,1503,2019-09-20 17:47:42 UTC,587586733,587586734,587586735,587586736,587586737,pull_request
587586716,cae587c55bc751bdc83b144513e975c46fa69f42,,fbeta,failed,1472,2019-09-20 17:40:58 UTC,587586717,587586718,587586719,587586720,587586721,push
587581563,89dbbe1ee536b9c5856d2157749ccbc5e88db11c,516,master,passed,2090,2019-09-20 17:30:20 UTC,587581565,587581568,587581570,587581572,587581574,pull_request
587581482,c5cdd277e4d921869b5354526272e22a486bcc2d,,feature/515_use_conda_reqs_for_travis,passed,2322,2019-09-20 17:33:53 UTC,587581483,587581484,587581485,587581486,587581487,push
587580818,c1dec54aab6efd8a0eee817029415943ae89a550,516,master,passed,2149,2019-09-20 17:14:19 UTC,587580819,587580820,587580821,587580822,587580823,pull_request
587579513,86f9b53997d488153061d5420d64d896841d8e42,,feature/515_use_conda_reqs_for_travis,passed,2098,2019-09-20 17:09:56 UTC,587579514,587579515,587579516,587579517,587579518,push
587575831,8c6bcc64632be383469989f50eaff9475286fbfc,,feature/515_use_conda_reqs_for_travis,failed,1484,2019-09-20 17:01:10 UTC,587575832,587575833,587575834,587575835,587575836,push
587547253,9913350190278eeb7eeb0542fd539f7c6c155905,,fix/update-reader-objects,passed,2055,2019-09-20 16:01:57 UTC,587547254,587547255,587547256,587547257,587547258,push
587538352,69bb4e7f6959a1eb9818f27f6b6db23f054907f7,513,master,failed,1482,2019-09-20 15:55:40 UTC,587538353,587538354,587538355,587538356,587538357,pull_request
587538329,828ec3d6cc4db19bc44b3ba8efe4722252a9720f,,feature/micro-averaged-f1-vs-accuracy,failed,4227,2019-09-20 15:40:39 UTC,587538330,587538331,587538332,587538333,587538334,587538335,587538336,587538337,587538338,587538339,587538340,587538341,push
587535153,1253e6ef373e35e357a52b9df68d54e757daf713,513,master,canceled,0,,587535154,587535155,587535156,587535157,587535158,pull_request
587534739,c471ab427c8f823c2d2f6491ac0f401c4391ee1f,,fix/update-reader-objects,canceled,434,2019-09-20 15:37:32 UTC,587534740,587534745,587534746,587534748,587534749,push
587531827,b88c81576d9beffada5463021ecf76a427f0ba93,,feature/micro-averaged-f1-vs-accuracy,failed,4189,2019-09-20 15:21:55 UTC,587531828,587531829,587531830,587531831,587531832,587531833,587531834,587531835,587531836,587531837,587531838,587531839,push
587530806,667be01cf35d5f1f151bb1ba13a540912e2c4265,480,master,failed,1549,2019-09-20 15:15:48 UTC,587530807,587530808,587530809,587530810,587530811,pull_request
587530774,1b8103e72f8bdba68f05e7a0be0ff33e29cb99be,,feature/log-sklearn-warnings,failed,1477,2019-09-20 15:13:08 UTC,587530775,587530776,587530777,587530778,587530779,push
587523753,d913c7bc1faccaaf7b6bc63ad748f995d5dd7c81,,master,failed,1553,2019-09-20 14:55:31 UTC,587523754,587523755,587523756,587523757,587523758,api
587489565,771a807958ab26f761394e4991fdd55f60dd24dc,,fbeta,failed,4083,2019-09-20 13:38:51 UTC,587489566,587489567,587489570,587489572,587489574,587489576,587489578,587489580,587489581,587489582,587489583,587489584,push
587279956,89d3a8b3495405fe4219ffa58063359564fe99c6,,fix/update-reader-objects,failed,1609,2019-09-20 02:04:11 UTC,587279957,587279958,587279959,587279960,587279961,push
587177189,ca3409719ac114627ed1153d6014564f4c1e5477,,fix/update-reader-objects,failed,1548,2019-09-19 19:55:55 UTC,587177190,587177191,587177192,587177193,587177194,push
586577027,58a467317cb3359239719d78f1c7a7378361f92f,,max_abs_scaler_branch,failed,1716,2019-09-18 14:43:34 UTC,586577028,586577029,586577030,586577031,586577032,push
586573541,d913c7bc1faccaaf7b6bc63ad748f995d5dd7c81,,master,passed,1932,2019-09-18 14:35:32 UTC,586573542,586573543,586573544,586573545,586573546,push
586562371,890c997f6c35bb179fb46499ea5934363943770b,,further-clean-up-python27-seaborn,passed,2033,2019-09-18 14:16:03 UTC,586562372,586562373,586562374,586562375,586562376,push
586562365,0b2dfe750273b33016efd3002baf79654852e76b,510,master,passed,1910,2019-09-18 14:13:10 UTC,586562366,586562367,586562368,586562369,586562370,pull_request
586549503,d276954b939771ad2ac9e09173acc7d11a4c6378,510,master,passed,2104,2019-09-18 13:51:46 UTC,586549504,586549505,586549506,586549507,586549508,pull_request
586549468,96c21b4e8b8c3eacb8f84fb0e9f876c0f199bcf8,,further-clean-up-python27-seaborn,passed,1976,2019-09-18 13:48:50 UTC,586549469,586549470,586549471,586549472,586549473,push
586541832,a981b46070426ddb9d298e705daf4993e9c668cf,510,master,passed,1930,2019-09-18 13:31:40 UTC,586541833,586541834,586541835,586541836,586541837,pull_request
586318515,dad7109e4f08320abf35b0bb92db07e1202915c9,,further-clean-up-python27-seaborn,passed,2032,2019-09-18 00:50:22 UTC,586318516,586318517,586318518,586318519,586318520,push
586283405,c90d15a1435c16dd70c38ac3e0f5adc6a9afce0c,,further-clean-up-python27-seaborn,failed,2186,2019-09-17 22:32:18 UTC,586283406,586283407,586283408,586283409,586283410,push
585732835,9b87ad93322092c6993f89900094565dc1faba9e,480,master,passed,1926,2019-09-16 19:09:39 UTC,585732836,585732837,585732838,585732839,585732840,pull_request
585732815,26f6260b5bb3943e9d4c3af17ae55b913342c24f,,feature/log-sklearn-warnings,passed,1928,2019-09-16 19:09:40 UTC,585732816,585732818,585732819,585732820,585732822,push
585717287,29b71ae479ca15819c0da44583b89a5f75996298,,master,passed,2036,2019-09-16 18:30:34 UTC,585717288,585717289,585717290,585717291,585717292,push
585706150,2e6eb85b2ef913e0c76235e22ff0ad74e48cf056,506,master,passed,1915,2019-09-16 18:15:38 UTC,585706151,585706152,585706153,585706154,585706155,pull_request
585706134,ffc4dba6a3b8b0adc7e07630bb8fca196be31744,,feature/497-drop-support-for-python2.7-everywhere-else,passed,1951,2019-09-16 18:07:58 UTC,585706135,585706136,585706137,585706138,585706139,push
585704917,263f285e84581c016c0ffafe3ff3b0e400eab659,506,master,canceled,0,,585704918,585704919,585704920,585704921,585704922,pull_request
585704906,d62e0f3f5ccf6087d0f6f22c364ea52cfc08b939,,feature/497-drop-support-for-python2.7-everywhere-else,passed,1975,2019-09-16 18:01:03 UTC,585704907,585704908,585704909,585704910,585704911,push
585699941,2c5ec20b5716140e02710d4c743778e4d5cf9880,506,master,passed,1958,2019-09-16 17:51:59 UTC,585699942,585699943,585699944,585699945,585699946,pull_request
585699935,ca9f327ff3c980e7a1ca815d04b3cb450d1e95bb,,feature/497-drop-support-for-python2.7-everywhere-else,passed,2066,2019-09-16 17:48:57 UTC,585699936,585699937,585699938,585699939,585699940,push
585690132,b000f7f0e6c678af9118e825238836be4d9e5bed,506,master,passed,1883,2019-09-16 17:26:23 UTC,585690133,585690134,585690135,585690136,585690137,pull_request
585690124,a0209cf1bd4858e77226896c7920ee008d9ef92a,,feature/497-drop-support-for-python2.7-everywhere-else,passed,2073,2019-09-16 17:23:30 UTC,585690125,585690126,585690127,585690128,585690129,push
585642083,f0a2e5a0b99d4c488811fcb597ddeb8d6cec33db,506,master,passed,2081,2019-09-16 15:43:36 UTC,585642084,585642085,585642086,585642087,585642088,pull_request
585642069,cedf652b259ac542b6b35b44e6b43b0cef2eb6cf,,feature/497-drop-support-for-python2.7-everywhere-else,passed,1908,2019-09-16 15:38:10 UTC,585642070,585642071,585642072,585642073,585642074,push
585638285,2eb118ae8b6dfe19d4d3e13b92976d9557c04eaf,506,master,canceled,0,,585638287,585638290,585638293,585638296,585638299,pull_request
585638122,b97dfd00fac0991a453feb965c138c7f1d423e24,,feature/497-drop-support-for-python2.7-everywhere-else,canceled,0,,585638127,585638131,585638133,585638134,585638135,push
585636907,b9a5fb52ee39328e564f48dda0fac7f881dee02f,502,master,failed,2100,2019-09-16 15:29:17 UTC,585636908,585636909,585636910,585636911,585636912,pull_request
585636865,fd6154f84d9f6b4c0ce9255f9462072ab2b29393,,fbeta,failed,4580,2019-09-16 15:15:40 UTC,585636866,585636868,585636870,585636872,585636873,585636874,585636875,585636876,585636877,585636878,585636879,585636881,push
585627971,adb285ce7de5efd3d144fe2cb54a957309323ffc,,master,passed,1886,2019-09-16 15:04:29 UTC,585627972,585627973,585627974,585627975,585627976,push
585625426,df8ee4958d969de767229dfe604680c936abf154,,master,canceled,0,,585625427,585625428,585625429,585625430,585625431,push
585618520,aed6cd477f98436ba7e14f88a9053d27fa46f6f3,480,master,passed,1939,2019-09-16 14:55:21 UTC,585618521,585618522,585618523,585618524,585618525,pull_request
585618491,f4213809744f0464515fc36919fa1d2981a5f29d,,feature/log-sklearn-warnings,passed,2005,2019-09-16 14:49:16 UTC,585618492,585618493,585618494,585618495,585618496,push
585613432,6cf64f05dcd00f3238e5dec0026a6b1880de7a6e,509,master,passed,1926,2019-09-16 14:41:27 UTC,585613433,585613434,585613435,585613436,585613437,pull_request
585612479,5db0c2d0f412de33acc9cd720cfc00c611d512b6,,Add-feature-scaling-to-boston-example,passed,1939,2019-09-16 14:34:34 UTC,585612481,585612483,585612486,585612488,585612490,push
585612417,abd986f66f439a32f82d09b2e9d779dee3d77633,478,master,passed,1920,2019-09-16 14:26:06 UTC,585612418,585612419,585612420,585612421,585612422,pull_request
585611542,b149d56b226e93631625d40a050151c4211104a5,,update-coverage-badge,passed,1991,2019-09-16 14:23:26 UTC,585611543,585611544,585611545,585611546,585611547,push
585602506,f15cd4de6426b18310d510d3d94fe2c04d81eb8b,,master,passed,2021,2019-09-16 14:05:28 UTC,585602507,585602508,585602509,585602510,585602511,push
584847113,fdf5ea6eecc26876fea09964d88ed79c504348c7,,master,canceled,0,,584847114,584847115,584847116,584847117,584847118,584847119,api
584837990,0b4de19e7cece08f3036da00cb9a25dd6cc7bf6d,508,master,passed,2005,2019-09-14 01:45:09 UTC,584837991,584837992,584837993,584837994,584837995,pull_request
584837984,52896600c65ed07940fddb3a5c3e949077e4d564,,fix-requirements-files-and-tests,passed,1929,2019-09-14 01:42:36 UTC,584837985,584837986,584837987,584837988,584837989,push
584832930,4b47490626b3a01bf9e4624465dc00f2397b65c3,508,master,passed,1943,2019-09-14 01:12:47 UTC,584832931,584832932,584832933,584832934,584832935,pull_request
584832920,fdea1f4454f7c4846fa018b7465ff1c9614aff01,,fix-requirements-files-and-tests,passed,1955,2019-09-14 01:09:50 UTC,584832921,584832922,584832923,584832924,584832925,push
584829407,42789099a5ee99617d9e54cecabd2a9cb012fa08,508,master,passed,1939,2019-09-14 00:46:11 UTC,584829408,584829409,584829410,584829411,584829412,pull_request
584822476,2fcd1d70b41b90bef686be4ab4b5a57e2f0cfb5a,,fix-requirements-files-and-tests,passed,1930,2019-09-14 00:26:56 UTC,584822477,584822478,584822479,584822480,584822481,push
584821756,0f80932d089a240613b3a31873014a547ca1dcd2,,fix-requirements-files-and-tests,failed,555,2019-09-14 00:00:44 UTC,584821757,584821758,584821759,584821760,584821761,push
584773383,fdf5ea6eecc26876fea09964d88ed79c504348c7,,master,passed,1984,2019-09-13 22:11:00 UTC,584773384,584773385,584773386,584773387,584773388,584773389,api
584753003,f9a449d7cda9cee82663f4371e863dd444612ef7,502,master,failed,561,2019-09-13 20:53:02 UTC,584753004,584753005,584753006,584753007,584753008,584753009,pull_request
584752973,0c969a0391e9e3efdedcf0502bc1248ddca1da67,,fbeta,failed,1559,2019-09-13 20:43:37 UTC,584752974,584752975,584752976,584752977,584752978,584752979,584752980,584752981,584752982,584752983,584752984,584752985,push
584750161,345526075d9815fd8d954b0a01ea43a4cbb5f202,506,master,passed,1986,2019-09-13 20:37:23 UTC,584750162,584750163,584750164,584750165,584750166,584750167,pull_request
584749137,9ead2addf03c66f7d72aa3e076b21e98c386c655,,feature/497-drop-support-for-python2.7-everywhere-else,passed,1977,2019-09-13 20:30:08 UTC,584749138,584749139,584749140,584749141,584749142,584749143,push
584748766,e6589845acc4c726ba1b7632c2a17f29852f7303,505,master,failed,1984,2019-09-13 20:21:37 UTC,584748767,584748768,584748769,584748770,584748771,584748772,pull_request
584748386,425e82e1fa67aab24ee6268157378eb77bacf708,,feature/allow_saving_of_models_in_cv_new,failed,2059,2019-09-13 20:13:56 UTC,584748387,584748388,584748389,584748390,584748391,584748392,push
584748250,e897408d6c269611e791e2ccf2a9dd35ec7b75c5,502,master,canceled,0,,584748251,584748252,584748253,584748254,584748255,584748256,pull_request
584748221,ab65c9b684666f27dd5dae26ff8ec4db2b5c85fa,,fbeta,failed,4613,2019-09-13 19:58:37 UTC,584748222,584748223,584748224,584748225,584748226,584748227,584748228,584748229,584748230,584748231,584748232,584748233,push
584747877,1e8c112f004480a40263fe363161354ab1572227,,feature/allow_saving_of_models_in_cv_new,canceled,0,,584747878,584747879,584747880,584747881,584747882,584747883,push
584747441,dbd32e75935d547957d79073e613c4c4d0cc4545,502,master,canceled,0,,584747442,584747443,584747444,584747445,584747446,584747447,pull_request
584747428,4d2cc5df3dd28c75cfea4d79123cb6008fbd987b,,fbeta,canceled,0,,584747429,584747430,584747431,584747432,584747433,584747434,584747435,584747436,584747437,584747438,584747439,584747440,push
584746744,88382e95a3527420ca597ce939a1809addd0e818,502,master,canceled,0,,584746745,584746746,584746747,584746748,584746749,584746750,pull_request
584746728,cac450beb3d8656d7c22f93cc40907ad6a92a783,,fbeta,canceled,0,,584746729,584746730,584746731,584746732,584746733,584746734,584746735,584746736,584746737,584746738,584746739,584746740,push
584746064,60669b36bcaa82a8e6083b2b6a5a5f5fe347e9d8,,feature/497-drop-support-for-python2.7-everywhere-else,passed,1981,2019-09-13 19:50:26 UTC,584746065,584746066,584746067,584746068,584746069,584746070,push
584745836,5bc740fddeaa41dfc69e8d8afdc205a6985b3501,502,master,canceled,0,,584745837,584745838,584745839,584745840,584745841,584745842,pull_request
584745817,66fafa20fb1c7d77b5e86c1511ad7e972b2e4948,,fbeta,canceled,0,,584745818,584745819,584745820,584745821,584745822,584745823,584745824,584745825,584745826,584745827,584745828,584745829,push
584745226,5319160deccb17d3423ecd7af7972c4a23ef756d,,feature/497-drop-support-for-python2.7-everywhere-else,canceled,0,,584745227,584745228,584745229,584745230,584745231,584745232,push
584742316,a97e8aed3ca26da7d901e1efddce119d2e074368,502,master,canceled,0,,584742317,584742318,584742319,584742320,584742321,584742322,pull_request
584742285,61e43ddaf3131e288435283fb255adf4b369e3fc,,fbeta,canceled,0,,584742286,584742288,584742289,584742290,584742292,584742294,584742296,584742297,584742298,584742299,584742300,584742301,push
584741277,952f9c6819a02c74b89f3fc9db6c9f5028d2eca7,502,master,canceled,0,,584741278,584741279,584741280,584741281,584741282,584741283,pull_request
584741262,40765e0db99694fef1ee5ba04965626e85d7ce5f,,fbeta,canceled,0,,584741263,584741264,584741265,584741266,584741267,584741268,584741269,584741270,584741271,584741272,584741273,584741274,push
584741219,03cbf9a7b7a0ea0a06c181de4db017be08965aff,,feature/497-drop-support-for-python2.7-everywhere-else,canceled,0,,584741220,584741221,584741222,584741223,584741224,584741225,push
584740677,1016deb8123e4a946aaefe9514d132f8c4bffa27,478,master,passed,1987,2019-09-13 19:42:57 UTC,584740678,584740679,584740680,584740681,584740682,584740683,pull_request
584740670,2d82340e52bd22cfe520ab40e41492691ccd3b30,,Add-feature-scaling-to-boston-example,passed,1947,2019-09-13 19:35:11 UTC,584740671,584740672,584740673,584740674,584740675,584740676,push
584740380,fdf5ea6eecc26876fea09964d88ed79c504348c7,,master,passed,1976,2019-09-13 19:31:26 UTC,584740381,584740382,584740383,584740384,584740385,584740386,push
584739114,4b01d1a6ad2fcf9b056b9c10cc6867b4e486a708,,fbeta,failed,1515,2019-09-13 19:24:28 UTC,584739115,584739116,584739117,584739118,584739119,584739120,584739121,584739122,584739123,584739124,584739125,584739126,push
584739105,d28e89a5f15bdd639f26ba9d32a7cdffb0d3ea7b,502,master,failed,621,2019-09-13 19:22:01 UTC,584739106,584739107,584739108,584739109,584739110,584739112,pull_request
584736181,de432e173c3df1c78ffbc3f212262c0cbcef8b13,,feature/497-drop-support-for-python2.7-everywhere-else,passed,1918,2019-09-13 19:12:04 UTC,584736182,584736183,584736184,584736185,584736186,584736187,push
584724775,c27b6210dbec9700f546df63335302db5f6c3da5,479,master,passed,1965,2019-09-13 18:58:14 UTC,584724776,584724777,584724778,584724779,584724780,584724781,pull_request
584724756,63c405478a354eea68cb372de562c6b8b3ce996a,,feature/show-warning-when-using-feature-hashing-and-there-are-multiple-files,passed,1933,2019-09-13 18:50:57 UTC,584724757,584724758,584724759,584724760,584724761,584724762,push
584724141,39fc7363268acea621b1c662a76c277ee45ee256,,feature/497-drop-support-for-python2.7-everywhere-else,failed,2592,2019-09-13 18:41:33 UTC,584724142,584724143,584724144,584724145,584724146,584724147,584724148,584724149,584724150,584724151,584724152,584724153,push
584724011,8a131b98999c5e510f9126b65f6fb84c2128f49a,,feature/497-drop-support-for-python2.7-everywhere-else,canceled,0,,584724012,584724013,584724014,584724015,584724016,584724017,584724018,584724019,584724020,584724021,584724022,584724023,push
584722651,9a55999659b5986af58c7dfbb4231f758076179b,479,master,canceled,0,,584722652,584722653,584722654,584722655,584722656,584722657,pull_request
584722642,42f5adbddeab6b06f4599f75101c8243f1c31d34,,feature/show-warning-when-using-feature-hashing-and-there-are-multiple-files,canceled,0,,584722643,584722644,584722645,584722646,584722647,584722648,push
584722109,9d1c2432c2e76d835a981eca4651fb6e8ac8510e,480,master,passed,1955,2019-09-13 18:32:59 UTC,584722110,584722111,584722112,584722113,584722114,584722115,pull_request
584722100,a211203728072d19cadddd899fb37040b8a0b8e2,,feature/log-sklearn-warnings,passed,1934,2019-09-13 18:30:43 UTC,584722101,584722102,584722103,584722104,584722105,584722106,push
584708491,8d971f7f6b1777b21c7e2beb40bfbc81c8d75553,,feature/log-sklearn-warnings,passed,1925,2019-09-13 17:55:05 UTC,584708492,584708493,584708494,584708495,584708496,584708497,push
584708484,df03ebd1010478ed9aa04eb09a08f9a7709cf8af,480,master,passed,1934,2019-09-13 17:48:57 UTC,584708485,584708486,584708487,584708488,584708489,584708490,pull_request
584690917,bc09b6776f3e5599b55052c98bc52a8054cb998f,,Add-feature-scaling-to-boston-example,passed,1937,2019-09-13 17:38:58 UTC,584690918,584690919,584690920,584690921,584690922,584690923,push
584690865,3f53d9f04ed2e117185712ed3c248c535d4e516f,478,master,passed,2012,2019-09-13 17:32:27 UTC,584690866,584690867,584690868,584690869,584690870,584690871,pull_request
584690682,49d4640e3d45587b16a37350a018eef35e74d8b6,479,master,passed,1977,2019-09-13 17:25:02 UTC,584690683,584690686,584690687,584690688,584690689,584690690,pull_request
584690660,d7529eac9e3fae093b46e8df27269d1d142fe2b1,,feature/show-warning-when-using-feature-hashing-and-there-are-multiple-files,passed,1980,2019-09-13 17:17:37 UTC,584690661,584690662,584690663,584690664,584690665,584690666,push
584688749,d7d1bc9ea31c9069c318e04f74007225f2cf5d74,,align-parameters-and-hyperparameters,canceled,0,,584688750,584688751,584688752,584688753,584688754,584688755,push
584688052,63096ebdb6ff562ab9ffda6cf13ba4bda894c5af,480,master,passed,2067,2019-09-13 17:09:00 UTC,584688053,584688054,584688055,584688056,584688057,584688058,pull_request
584688022,dd8015ebb39ce8baf4a3648c57acfa470d6da86d,,feature/log-sklearn-warnings,passed,1914,2019-09-13 17:00:55 UTC,584688023,584688024,584688025,584688026,584688027,584688028,push
584687710,619e7b01c518c57de87b31c76822bfc06c615387,,feature/allow_saving_of_models_in_cv_new,canceled,0,,584687711,584687713,584687714,584687715,584687716,584687717,push
584687673,2bc92c2db36a72f06b15ab1ea2f397092b764041,,master,passed,1966,2019-09-13 16:58:15 UTC,584687674,584687675,584687676,584687677,584687678,584687679,push
584686640,36845aae80bdef4a6e7a034be32bd6541f0d7b06,,feature/allow_saving_of_models_in_cv_new,canceled,0,,584686641,584686642,584686643,584686644,584686645,584686646,push
584685786,325269c7d504baa65912558b803821b3032f2b4c,,master,canceled,0,,584685787,584685788,584685789,584685790,584685791,584685792,push
584684691,d9aa9c7be600d506bb54a69f2a76a69c8582836d,,feature/allow_saving_of_models_in_cv_new,canceled,1374,2019-09-13 16:48:59 UTC,584684692,584684694,584684697,584684698,584684699,584684700,584684701,584684702,584684703,584684704,584684705,584684706,push
584675034,1dc985921b3894179a16e0f3dbc2187afe61cc33,,master,failed,4665,2019-09-13 16:32:28 UTC,584675035,584675036,584675037,584675038,584675039,584675040,584675041,584675042,584675043,584675044,584675045,584675046,push
584668801,f0fafece7d3221ace17923a255f1a288d85e2d04,504,master,passed,2001,2019-09-13 16:24:44 UTC,584668802,584668803,584668805,584668806,584668808,584668810,pull_request
584668792,c3751146cdd584ac729e3c9bd328e5c74864f63e,,bug/dictvectorizer-tests-with-zeros,passed,1918,2019-09-13 16:17:05 UTC,584668793,584668794,584668795,584668796,584668797,584668798,push
584667568,d4a5810aba7b7fd9e218de82cc79c60e136bdf42,,feature/allow_saving_of_models_in_cv_new,failed,4635,2019-09-13 16:04:08 UTC,584667569,584667570,584667571,584667572,584667573,584667574,584667575,584667576,584667580,584667581,584667582,584667583,push
584660412,6d85f31eaf723d3685dcf286081fca76a7381091,503,master,canceled,0,,584660413,584660415,584660417,584660419,584660421,584660422,584660423,584660424,584660425,584660426,584660427,584660429,pull_request
584658104,df9975d2c0db22a178a2d609642781c0ec1be637,502,master,canceled,0,,584658105,584658106,584658107,584658108,584658109,584658110,584658111,584658112,584658113,584658114,584658115,584658116,pull_request
584658039,6ab5007167071c7ffebb5201612f67eeda8d3f6a,,fbeta,canceled,0,,584658040,584658041,584658042,584658043,584658044,584658045,584658046,584658047,584658048,584658049,584658050,584658051,push
584657529,698a47773030beca2198fc5ae999368f82413a82,504,master,passed,1943,2019-09-13 15:47:45 UTC,584657530,584657531,584657532,584657533,584657534,584657535,pull_request
584657436,9f51feacf7baf26347d3884f81e9d62eea9fb3bc,503,master,canceled,0,,584657437,584657438,584657439,584657440,584657441,584657442,584657443,584657444,584657445,584657446,584657447,584657448,pull_request
584657423,9f51feacf7baf26347d3884f81e9d62eea9fb3bc,503,master,canceled,0,,584657424,584657425,584657426,584657427,584657428,584657429,584657430,584657431,584657432,584657433,584657434,584657435,pull_request
584656312,87ebc17c7facccc37014f8cdf7d28b91b6418016,502,master,canceled,0,,584656313,584656314,584656315,584656316,584656317,584656318,584656319,584656320,584656321,584656322,584656323,584656324,pull_request
584656284,adc8f3a8ed08b7a68977e369829e4cfb152c54a7,,fbeta,canceled,0,,584656285,584656286,584656287,584656288,584656289,584656290,584656291,584656292,584656293,584656294,584656295,584656296,push
584654371,cf29d545b0ca749c8194031ef11e594e5b4dcf04,,bug/dictvectorizer-tests-with-zeros,passed,1931,2019-09-13 15:45:07 UTC,584654372,584654373,584654374,584654375,584654376,584654377,push
584647767,f5ff0ef4bf82239b745166e774fcf75f21425a1f,503,master,canceled,395,2019-09-13 15:41:31 UTC,584647768,584647769,584647770,584647771,584647772,584647773,584647774,584647775,584647779,584647782,584647783,584647784,pull_request
584646257,0c8235bb08d52667f018d068328669dd08509331,502,master,canceled,0,,584646258,584646259,584646260,584646261,584646262,584646263,584646264,584646265,584646266,584646267,584646268,584646269,pull_request
584645359,ee6990be8acf1d839a7275b553e252827e1250ff,,fbeta,canceled,3994,2019-09-13 15:26:03 UTC,584645360,584645361,584645362,584645363,584645364,584645365,584645366,584645367,584645368,584645369,584645370,584645371,push
584643557,4517ca60e0c6fb6b2098281757552fd53722babd,,feature/allow_saving_of_models_in_cv_new,errored,208,2019-09-13 15:23:03 UTC,584643558,584643559,584643560,584643561,push
584641697,eb16c9abb82fe750eea6b9f2815dd9332becd2bc,,bug/dictvectorizer-tests-with-zeros,passed,4561,2019-09-13 15:07:24 UTC,584641698,584641699,584641701,584641702,584641704,584641707,584641708,584641709,584641710,584641711,584641712,584641713,push
584631896,d4a5810aba7b7fd9e218de82cc79c60e136bdf42,,master,canceled,0,,584631899,584631900,584631902,584631903,584631905,584631906,584631907,584631909,584631912,584631913,584631914,584631915,push
584624328,b0e833f71467dd1ebd214f0603f701e1b6a0b089,499,master,failed,1929,2019-09-13 14:58:45 UTC,584624329,584624330,584624331,584624332,584624333,584624334,pull_request
584623572,dbc8bb20b2797599cbd6b18169677b772613c249,,feature/497-drop-support-for-python2.7,failed,1961,2019-09-13 14:53:56 UTC,584623573,584623574,584623575,584623576,584623577,584623578,push
584613009,8a131b98999c5e510f9126b65f6fb84c2128f49a,,feature/logistic_regression_reg_penalty_doc,canceled,0,,584613010,584613011,584613012,584613013,584613014,584613015,584613016,584613017,584613018,584613019,584613020,584613021,push
584612717,3f490526bdd8c51eca125d3451327bbee1ac2077,,feature/show-warning-when-using-feature-hashing-and-there-are-multiple-files,canceled,0,,584612718,584612719,584612720,584612721,584612722,584612723,584612724,584612725,584612726,584612727,584612728,584612729,push
584612686,e15e8d96b226bc2daa5176e2297304691d4689e8,479,master,canceled,2390,2019-09-13 14:35:43 UTC,584612687,584612688,584612689,584612690,584612691,584612692,584612693,584612694,584612695,584612696,584612697,584612698,pull_request
584609805,8a131b98999c5e510f9126b65f6fb84c2128f49a,,fbeta,failed,4583,2019-09-13 14:18:26 UTC,584609806,584609807,584609808,584609809,584609810,584609811,584609812,584609813,584609814,584609815,584609816,584609817,push
584603674,353103fcc9250ac4299cc542cebab53806a493c8,480,master,failed,4683,2019-09-13 13:47:46 UTC,584603675,584603676,584603677,584603678,584603679,584603680,584603681,584603682,584603683,584603684,584603685,584603686,pull_request
584603659,8593e68bc3b92c71dff963fff867f301da947a64,,feature/log-sklearn-warnings,failed,4582,2019-09-13 13:47:39 UTC,584603661,584603662,584603663,584603664,584603665,584603667,584603668,584603669,584603670,584603671,584603672,584603673,push
583354527,46a33ef851b33f946a0d554c14f148459502d858,478,master,failed,4548,2019-09-10 21:50:40 UTC,583354528,583354529,583354530,583354534,583354535,583354536,583354537,583354538,583354539,583354540,583354541,583354542,pull_request
583354509,60f2b9572f8894d48048622c3eca8767ca50184e,,Add-feature-scaling-to-boston-example,failed,4661,2019-09-10 21:33:08 UTC,583354510,583354511,583354512,583354513,583354514,583354515,583354516,583354517,583354518,583354519,583354520,583354521,push
583353042,c9d99be258b462ac75587f22916bc5cd75f541fc,479,master,failed,4718,2019-09-10 21:15:03 UTC,583353043,583353044,583353045,583353046,583353047,583353048,583353049,583353050,583353051,583353052,583353053,583353054,pull_request
583353029,ff0b215ccc582c90e50aa3005a83fb9e9eff8ca4,,feature/show-warning-when-using-feature-hashing-and-there-are-multiple-files,failed,4659,2019-09-10 20:58:01 UTC,583353030,583353031,583353032,583353033,583353034,583353035,583353036,583353037,583353038,583353039,583353040,583353041,push
583351143,8a131b98999c5e510f9126b65f6fb84c2128f49a,,master,failed,4640,2019-09-10 20:43:32 UTC,583351144,583351145,583351146,583351147,583351148,583351149,583351150,583351151,583351152,583351153,583351154,583351155,push
583350917,7cdd50431e37522a7f8dcbd89f278ad2dfa32275,495,master,canceled,0,,583350918,583350919,583350920,583350921,583350922,583350923,583350924,583350925,583350926,583350927,583350928,583350929,pull_request
583350767,2be442ecaaf3afcd328a8df3c4ff862ddafb624c,,add-pep8speaks,errored,1229,2019-09-10 20:39:09 UTC,583350768,583350769,583350770,583350771,583350772,583350773,583350774,583350775,583350776,583350777,583350778,583350779,push
578427438,1df58908c941956a358b7f29c662224240637ee0,,master,failed,5039,2019-08-29 15:54:39 UTC,578427439,578427440,578427441,578427442,578427443,578427444,578427445,578427446,578427447,578427448,578427449,578427450,api
578411415,5a1b5e19d5f3ea2e8b9da824f3e4e0d8642711fa,479,master,failed,4717,2019-08-29 15:34:24 UTC,578411416,578411417,578411418,578411419,578411420,578411421,578411422,578411423,578411424,578411425,578411426,578411427,pull_request
578411355,4ad98b630b4db13ef4126837581c3645b847d8d9,,feature/show-warning-when-using-feature-hashing-and-there-are-multiple-files,failed,4615,2019-08-29 15:22:33 UTC,578411358,578411359,578411360,578411361,578411362,578411363,578411365,578411367,578411368,578411370,578411371,578411373,push
574911287,2c309f45d1b2a1e14fed780f372cb3d368ee44f4,,align-parameters-and-hyperparameters,failed,4676,2019-08-21 15:14:58 UTC,574911289,574911291,574911292,574911293,574911294,574911295,574911296,574911297,574911298,574911299,574911300,574911301,push
548331044,1df58908c941956a358b7f29c662224240637ee0,,master,passed,6071,2019-06-20 18:06:37 UTC,548331045,548331046,548331047,548331048,548331049,548331050,548331051,548331052,548331053,548331054,548331055,548331056,push
545735778,59f110837e967f18f23e044ba00bcdedd58109b2,,master,passed,6063,2019-06-14 12:56:17 UTC,545735779,545735780,545735781,545735782,545735783,545735784,545735785,545735786,545735787,545735788,545735789,545735790,push
544960257,3b37877cd10d8ea3b3ab535d7f75f090a582dad7,483,master,passed,5978,2019-06-12 22:02:32 UTC,544960258,544960259,544960260,544960261,544960262,544960263,544960264,544960265,544960266,544960267,544960268,544960269,pull_request
544960232,a4c494a9ce4be21bbadf6521ce01c5ca77152971,,bugfix/fix-duplicate-grid-params,passed,5892,2019-06-12 21:45:09 UTC,544960233,544960234,544960235,544960236,544960237,544960238,544960239,544960240,544960241,544960242,544960243,544960244,push
544851135,90355d333be62fffe08ef16d78ab0aedd78ca770,483,master,failed,5999,2019-06-12 17:49:25 UTC,544851136,544851137,544851138,544851139,544851140,544851141,544851142,544851143,544851144,544851145,544851146,544851147,pull_request
544851104,b4bd40c3f76f11e8f73d326a0a24582dda83271e,,bugfix/fix-duplicate-grid-params,failed,6132,2019-06-12 17:31:33 UTC,544851105,544851106,544851107,544851108,544851109,544851110,544851111,544851112,544851113,544851114,544851115,544851116,push
541496043,745bc37c5f9a567d49939a318b08243249e67c41,485,master,passed,6195,2019-06-04 23:58:18 UTC,541496044,541496045,541496046,541496047,541496048,541496049,541496050,541496051,541496052,541496053,541496054,541496055,pull_request
541495982,f9b89229102383d360a911c32604ce2ee09d26b4,,bugfix/gen-preds,passed,6263,2019-06-04 23:40:38 UTC,541495983,541495984,541495985,541495986,541495987,541495988,541495989,541495990,541495991,541495992,541495993,541495994,push
539006552,b3dacd21e3e72f5f9b5de4d6d609f453f611f722,485,master,passed,6449,2019-05-30 00:31:00 UTC,539006553,539006554,539006555,539006556,539006557,539006558,539006559,539006560,539006561,539006562,539006563,539006564,pull_request
539006532,bb40f4dccb63e91f7a7900e404f958a6b60234f4,,bugfix/gen-preds,passed,6106,2019-05-30 00:17:52 UTC,539006533,539006534,539006535,539006536,539006537,539006538,539006539,539006540,539006541,539006542,539006543,539006544,push
538888254,974ba5413b4217220ead36eee204884026757423,485,master,passed,6514,2019-05-29 18:24:48 UTC,538888255,538888256,538888257,538888258,538888259,538888260,538888261,538888262,538888263,538888264,538888265,538888266,pull_request
538871950,ebd7f3af1868cbb4dcf81723578ad359de8173c6,,bugfix/gen-preds,passed,6282,2019-05-29 17:45:03 UTC,538871951,538871952,538871953,538871954,538871955,538871956,538871957,538871958,538871959,538871960,538871961,538871962,push
538311052,5f12b58a791bf9a2424ca60fbe5e11e5d11da09e,,bugfix/gen-preds,failed,6142,2019-05-28 15:59:40 UTC,538311053,538311054,538311055,538311056,538311057,538311058,538311059,538311060,538311061,538311062,538311063,538311064,push
527469058,9851a2e801e319ba0a8dcc662addc3073fd30282,483,master,passed,6171,2019-05-02 20:01:35 UTC,527469059,527469060,527469061,527469062,527469063,527469064,527469065,527469066,527469067,527469068,527469069,527469070,pull_request
527436275,34acc50a002b7cf6c0714a59d4a179b73ced7f5b,,bugfix/fix-duplicate-grid-params,passed,6163,2019-05-02 18:40:28 UTC,527436276,527436277,527436278,527436279,527436281,527436283,527436284,527436285,527436287,527436288,527436290,527436291,push
511183824,ecc567eb82d08dd65733def412a13a906b4eb41e,480,master,failed,7943,2019-03-25 21:15:44 UTC,511183825,511183826,511183827,511183828,511183829,511183830,511183831,511183832,511183833,511183834,511183835,511183836,pull_request
511183809,cab9fb305d9724f4133352f26e05642b1360ab03,,feature/log-sklearn-warnings,failed,6599,2019-03-25 21:12:41 UTC,511183810,511183811,511183812,511183813,511183814,511183815,511183816,511183817,511183818,511183819,511183820,511183821,push
511033449,ff909b149f50e266a51f9cc2420429fed3500218,,feature/add-preprocessing,passed,7649,2019-03-25 15:43:48 UTC,511033450,511033451,511033452,511033453,511033454,511033455,511033456,511033457,511033458,511033459,511033460,511033461,push
510068700,ecc567eb82d08dd65733def412a13a906b4eb41e,480,master,canceled,0,,510068701,510068702,510068703,510068704,510068705,510068706,510068707,510068708,510068709,510068710,510068711,510068712,pull_request
510068685,c722c660d958c8c6696872c361148aa2f8efa874,,feature/log-sklearn-warnings,canceled,0,,510068686,510068687,510068688,510068689,510068690,510068691,510068692,510068693,510068694,510068695,510068696,510068697,push
509743224,c44a87225a49c2600ec4c45f4456f3fe216baf18,480,master,failed,6388,2019-03-22 03:59:08 UTC,509743225,509743226,509743227,509743228,509743229,509743230,509743231,509743232,509743233,509743234,509743235,509743236,pull_request
509743207,d261f9e9a85a5fc76c9dcb26709a98db19532b58,,feature/log-sklearn-warnings,failed,6275,2019-03-22 03:37:11 UTC,509743208,509743209,509743210,509743211,509743212,509743213,509743214,509743215,509743216,509743217,509743218,509743219,push
509742856,54c87418b04fc166427bb2c3032bbc777faf95e7,480,master,canceled,0,,509742857,509742858,509742859,509742860,509742861,509742862,509742863,509742864,509742865,509742866,509742867,509742868,pull_request
509742821,49fe5ae5e55269608dd78d17e6f8f98b0c8b4b2d,,feature/log-sklearn-warnings,failed,6279,2019-03-22 03:18:59 UTC,509742822,509742823,509742824,509742825,509742826,509742827,509742828,509742829,509742830,509742831,509742832,509742833,push
509652275,6112b44c93266a5c8173e67800cba4852e5ce55f,480,master,failed,6412,2019-03-21 22:00:06 UTC,509652276,509652277,509652278,509652279,509652280,509652281,509652282,509652283,509652284,509652285,509652286,509652287,pull_request
509643569,fe093e385e230f094ab5f25f01c9f63435c76013,,feature/log-sklearn-warnings,failed,6362,2019-03-21 21:28:03 UTC,509643570,509643571,509643572,509643573,509643574,509643575,509643576,509643577,509643578,509643579,509643580,509643581,push
509643010,3fe1b6a6dd0cd540c2948f7520707dab5e7694ce,,feature/log-sklearn-warnings,errored,2230,2019-03-21 21:20:02 UTC,509643011,509643012,509643013,509643014,509643015,509643016,509643017,509643018,509643019,509643020,509643021,509643022,push
509056734,dcaa6d46311d8257f58b2124ebd7ae4866ccbab2,,master,passed,6304,2019-03-20 17:45:53 UTC,509056735,509056736,509056737,509056738,509056739,509056740,509056741,509056742,509056743,509056744,509056745,509056746,push
509056625,7fbabdd91eb71cc129e7bed2a26eac26d58d133c,,master,canceled,0,,509056626,509056627,509056628,509056629,509056630,509056631,509056632,509056633,509056634,509056635,509056636,509056637,push
507984938,8859de69bc7dbe777e03c1ea3afec3d0bb91e4cd,,feature/log-sklearn-warnings,failed,6401,2019-03-18 17:35:28 UTC,507984939,507984940,507984941,507984942,507984943,507984944,507984945,507984946,507984947,507984948,507984949,507984950,push
507909551,c00f460ba48128caadeee26da1842f43f8ff88a4,476,master,passed,6391,2019-03-18 15:23:48 UTC,507909552,507909553,507909554,507909555,507909556,507909557,507909558,507909559,507909560,507909561,507909562,507909563,pull_request
507909534,9038f7efa8f2b7ab7ed0ea11879db9f57c1431a9,,feature/436_document_conversion_ints_floats_edge_cases,passed,6861,2019-03-18 15:23:47 UTC,507909535,507909536,507909537,507909538,507909539,507909540,507909541,507909542,507909543,507909544,507909545,507909546,push
507254460,e682a51aa82bf29c324ca159d3fd48f2220d213e,,master,passed,6307,2019-03-16 17:47:09 UTC,507254461,507254462,507254463,507254464,507254465,507254466,507254468,507254470,507254471,507254472,507254473,507254474,push
507237615,1add2ac984099f2dffdc026e85d86a92af31fb18,475,master,passed,6369,2019-03-16 17:00:36 UTC,507237616,507237617,507237618,507237619,507237620,507237621,507237622,507237623,507237624,507237625,507237626,507237627,pull_request
507237595,e9910fa464a754e478f56a37e6c49fad75e00e74,,feature/add-pandas-update-readers,passed,6341,2019-03-16 16:42:06 UTC,507237596,507237597,507237598,507237599,507237600,507237601,507237602,507237603,507237604,507237605,507237606,507237607,push
506950999,fab1af66a9ec0f62c8115113c436d697b220dedf,,feature/436_document_conversion_ints_floats_edge_cases,passed,7003,2019-03-15 22:31:43 UTC,506951000,506951001,506951002,506951003,506951004,506951005,506951006,506951007,506951008,506951009,506951010,506951011,push
506950076,2b2964ffd190039c858034c7e598de3fa67d4d3f,,feature/436_document_conversion_ints_floats_edge_cases,canceled,0,,506950077,506950078,506950079,506950080,506950081,506950082,506950083,506950084,506950085,506950086,506950087,506950088,push
506949100,831bc11bcb0f67976e421b5979d7b2f9561874f5,475,master,passed,6270,2019-03-15 22:09:48 UTC,506949101,506949102,506949103,506949104,506949105,506949106,506949107,506949108,506949109,506949110,506949111,506949112,pull_request
506949073,436113d75ca36f518b17702e8fb5a6269fa9c287,,feature/add-pandas-update-readers,passed,6380,2019-03-15 21:45:04 UTC,506949074,506949075,506949076,506949077,506949078,506949079,506949080,506949081,506949082,506949083,506949084,506949085,push
506946698,ce30cb9fa433dad0e7cda454ad096dd80346043c,,feature/log-sklearn-warnings,failed,6932,2019-03-15 21:21:30 UTC,506946699,506946700,506946701,506946702,506946703,506946704,506946705,506946706,506946707,506946708,506946709,506946710,push
506945381,38dda9764085a073e5562cfa51c31c5e788d03e3,479,master,passed,7174,2019-03-15 20:56:32 UTC,506945382,506945383,506945384,506945385,506945386,506945387,506945388,506945389,506945390,506945391,506945392,506945393,pull_request
506945344,73da09b44bb386b90995dc9c4a632cb6fd19593a,,feature/show-warning-when-using-feature-hashing-and-there-are-multiple-files,passed,7094,2019-03-15 20:31:35 UTC,506945345,506945346,506945347,506945348,506945349,506945350,506945351,506945352,506945353,506945354,506945355,506945356,push
506944160,45c8c642d2da2186fd6a0442411a47e36b3f7453,479,master,canceled,0,,506944164,506944165,506944166,506944167,506944168,506944169,506944170,506944172,506944174,506944175,506944176,506944177,pull_request
506944102,0f06c8e734b22abea7cc332ec4a77022308dee10,,feature/show-warning-when-using-feature-hashing-and-there-are-multiple-files,canceled,0,,506944103,506944104,506944105,506944106,506944107,506944109,506944110,506944112,506944113,506944114,506944115,506944116,push
506926001,e57455de747fbbbac92437feffa352ae8df05db7,479,master,canceled,0,,506926002,506926003,506926004,506926005,506926006,506926007,506926008,506926009,506926010,506926011,506926012,506926013,pull_request
506925963,b40c5e3cdca039994b38bee6f77373ab8bfee454,,feature/show-warning-when-using-feature-hashing-and-there-are-multiple-files,canceled,0,,506925964,506925965,506925966,506925967,506925968,506925969,506925970,506925971,506925972,506925973,506925974,506925975,push
506917564,32f1d2154f21141e8efe2e27a69e7c8b4d69e9e3,479,master,canceled,0,,506917565,506917566,506917567,506917568,506917569,506917570,506917571,506917572,506917573,506917574,506917575,506917576,pull_request
506916381,d1393577c72374dcf0f1ae4649ae48ff2b16f2a5,478,master,passed,6880,2019-03-15 20:06:57 UTC,506916382,506916383,506916384,506916385,506916386,506916387,506916388,506916389,506916390,506916391,506916392,506916393,pull_request
506916353,4110a944ab8c29bc7922be2c0f7bb09ed92b7b94,,Add-feature-scaling-to-boston-example,passed,6967,2019-03-15 19:42:26 UTC,506916354,506916356,506916357,506916358,506916359,506916360,506916361,506916362,506916364,506916365,506916366,506916367,push
506914322,db08209b9ffdbb36074bf7a64e459e247fc2e4d7,468,master,passed,7090,2019-03-15 19:17:35 UTC,506914323,506914324,506914325,506914326,506914327,506914330,506914331,506914332,506914333,506914334,506914335,506914336,pull_request
506914276,849471db81d5ebabc4a2b89e1c85b4aac10d7dc2,,feature/improve-print_model_weights-output-#442,passed,6969,2019-03-15 18:52:08 UTC,506914277,506914278,506914279,506914280,506914281,506914282,506914283,506914284,506914285,506914286,506914287,506914288,push
506907195,3bd1a262fc8392c3fa083fa1a4ce81fcf0a6d18b,,feature/show-warning-when-using-feature-hashing-and-there-are-multiple-files,canceled,-1,2019-03-15 18:51:42 UTC,506907196,506907197,506907198,506907199,506907200,506907201,506907202,506907203,506907204,506907205,506907206,506907207,push
506904762,6f270d24877f1102cb424243a63c41ccb2124843,478,master,passed,7171,2019-03-15 18:27:06 UTC,506904763,506904764,506904765,506904766,506904767,506904768,506904769,506904770,506904771,506904772,506904773,506904774,pull_request
506904173,3b0b3dabcf32747fc2df05e4e47e1269e2c343d7,,feature/show-warning-when-using-feature-hashing-and-there-are-multiple-files,failed,7277,2019-03-15 18:04:47 UTC,506904174,506904175,506904176,506904177,506904178,506904179,506904180,506904181,506904182,506904183,506904184,506904185,push
506880277,d318400ecdcf02c5014532e30e556200877a21c5,468,master,passed,6948,2019-03-15 17:35:38 UTC,506880278,506880279,506880280,506880281,506880282,506880283,506880284,506880285,506880286,506880287,506880288,506880289,pull_request
506880256,0b57730511441dbfcba17d4049d9643b9858cc0a,,feature/improve-print_model_weights-output-#442,passed,7123,2019-03-15 17:16:41 UTC,506880257,506880258,506880259,506880261,506880262,506880263,506880264,506880266,506880267,506880268,506880269,506880270,push
506814447,d412c1008e29e941eaccc1670765b9f5945bbe8b,,Add-feature-scaling-to-boston-example,passed,6929,2019-03-15 15:18:34 UTC,506814448,506814449,506814450,506814451,506814452,506814453,506814454,506814455,506814456,506814457,506814458,506814459,push
506804934,de9bab67eee9a6efb07fdf74e42d41f8821d6bfb,,feature/436_document_conversion_ints_floats_edge_cases,passed,7068,2019-03-15 14:52:46 UTC,506804935,506804936,506804937,506804938,506804939,506804941,506804942,506804943,506804944,506804946,506804947,506804948,push
506789481,c2494eaa111f81d90a5bf2f495264eeaba63947d,468,master,passed,6857,2019-03-15 14:30:19 UTC,506789482,506789483,506789484,506789485,506789486,506789488,506789490,506789491,506789492,506789493,506789494,506789495,pull_request
506789367,a4af23c15fd29520b152e7cb9a61cc286bdb833d,,feature/improve-print_model_weights-output-#442,passed,7120,2019-03-15 14:09:38 UTC,506789368,506789369,506789370,506789371,506789372,506789373,506789374,506789375,506789376,506789377,506789378,506789379,push
506758009,6c1bf3aa0d69af703975d7e0c51dfac61f4a4b0f,475,master,passed,6327,2019-03-15 13:21:40 UTC,506758010,506758011,506758012,506758013,506758014,506758015,506758016,506758017,506758018,506758019,506758020,506758022,pull_request
506757977,49f60a7e0c1f6c8b15b04884bdfb0e875b89a0bd,,feature/add-pandas-update-readers,passed,6260,2019-03-15 13:03:21 UTC,506757978,506757979,506757980,506757981,506757982,506757983,506757984,506757985,506757986,506757987,506757988,506757989,push
506713728,fb68970f7f8e31f2a8481219548afddf0b4d14f8,468,master,passed,6878,2019-03-15 11:05:58 UTC,506713729,506713730,506713731,506713732,506713733,506713734,506713735,506713736,506713737,506713738,506713739,506713740,pull_request
506713705,f0cb657020b8485f9a22439e5a39429905264411,,feature/improve-print_model_weights-output-#442,passed,7011,2019-03-15 11:05:53 UTC,506713706,506713707,506713708,506713709,506713710,506713711,506713712,506713713,506713714,506713715,506713716,506713717,push
506440888,90b60988fe97e3a98b540a5b66e0d65468f02b4c,,master,passed,7065,2019-03-14 19:13:18 UTC,506440889,506440890,506440891,506440892,506440893,506440894,506440895,506440896,506440897,506440898,506440899,506440900,push
506388247,5f28b066417617a98a37160d4ddcb8ba4d27cf30,470,master,passed,6874,2019-03-14 17:30:57 UTC,506388248,506388249,506388250,506388251,506388252,506388253,506388254,506388255,506388256,506388257,506388258,506388259,pull_request
506388163,1720f0b135c39f59d376f489502e8f5cf91d1001,,feature/deprecate-things-with-deprecation-warnings,passed,6987,2019-03-14 17:12:40 UTC,506388164,506388165,506388169,506388173,506388176,506388192,506388193,506388194,506388195,506388196,506388197,506388198,push
506350709,c9692987dd80976278092f3df4a58856c5a6df7a,470,master,passed,6871,2019-03-14 16:07:48 UTC,506350710,506350711,506350712,506350713,506350714,506350715,506350716,506350717,506350718,506350719,506350720,506350721,pull_request
506350645,3af18752d40a2c07c2b149196c2a0960537009f0,,feature/deprecate-things-with-deprecation-warnings,passed,7166,2019-03-14 15:48:39 UTC,506350646,506350647,506350648,506350649,506350650,506350651,506350652,506350653,506350654,506350655,506350656,506350657,push
506284539,a8f19e92c924326827c8a5cbf63d9098a5649a8e,470,master,passed,6793,2019-03-14 13:52:32 UTC,506284540,506284541,506284542,506284543,506284544,506284545,506284546,506284547,506284548,506284549,506284550,506284551,pull_request
506284505,2a1ee684fa276685f7aad5571d775ceac5577f92,,feature/deprecate-things-with-deprecation-warnings,passed,6803,2019-03-14 13:33:20 UTC,506284506,506284507,506284508,506284509,506284510,506284511,506284512,506284513,506284514,506284515,506284516,506284517,push
506063593,8311a2835d8833bd945b8e1859f788e051c0728e,470,master,failed,6848,2019-03-14 12:53:22 UTC,506063594,506063595,506063596,506063597,506063598,506063599,506063600,506063601,506063602,506063603,506063604,506063605,pull_request
506063569,5c0b9c2567a4d5861307409f2a5d1fbcbe6530b8,,feature/deprecate-things-with-deprecation-warnings,failed,6916,2019-03-14 00:56:40 UTC,506063570,506063571,506063572,506063573,506063574,506063575,506063576,506063577,506063578,506063579,506063580,506063581,push
506057328,66fc084beaa810ad689ce3c5b397c9dede253229,470,master,canceled,0,,506057329,506057330,506057331,506057332,506057333,506057334,506057335,506057336,506057337,506057338,506057339,506057340,pull_request
506057300,374e662784498192ed3869d76ff2208c3979abd9,,feature/deprecate-things-with-deprecation-warnings,failed,6965,2019-03-14 00:34:07 UTC,506057301,506057302,506057303,506057304,506057305,506057306,506057307,506057308,506057309,506057311,506057312,506057313,push
506053702,a35e427b741ccd29a353488798f69d1b931c1676,,feature/deprecate-things-with-deprecation-warnings,failed,6440,2019-03-14 00:24:04 UTC,506053703,506053704,506053705,506053706,506053707,506053708,506053709,506053710,506053711,506053712,506053713,506053714,push
505970370,0c7d3a8dea9c6901f9da1a8e6ccd657ceebcbbdb,,feature/add-pandas-update-readers,passed,6348,2019-03-13 20:41:17 UTC,505970371,505970372,505970373,505970374,505970375,505970376,505970377,505970378,505970379,505970380,505970381,505970382,push
505953918,bce6bbb43521bdb812052b9de4a03419f6364830,,feature/add-pandas-update-readers,canceled,4410,2019-03-13 20:11:22 UTC,505953919,505953920,505953921,505953922,505953923,505953924,505953925,505953926,505953927,505953928,505953929,505953930,push
505947712,7b705feff55af335bcb6f79116516266e2ea211a,,feature/add-pandas-update-readers,canceled,1213,2019-03-13 20:00:54 UTC,505947714,505947715,505947716,505947717,505947718,505947719,505947720,505947721,505947722,505947723,505947724,505947725,push
505945022,d28116f302b7764054c3ced85a2450f5ac1b6ca8,,master,passed,6859,2019-03-13 19:42:52 UTC,505945023,505945024,505945025,505945026,505945027,505945028,505945029,505945030,505945031,505945032,505945033,505945034,push
504931398,403ae5bdeb3c2a45fefb928321cce7dc379e68bb,474,master,passed,7098,2019-03-11 21:53:33 UTC,504931399,504931400,504931401,504931402,504931403,504931404,504931405,504931406,504931407,504931408,504931409,504931410,pull_request
504931318,a31e83033ecfdc41621614b795e9ede026f293c6,,add-pipeline-attribute,passed,7001,2019-03-11 21:35:39 UTC,504931319,504931320,504931321,504931322,504931323,504931324,504931325,504931326,504931327,504931328,504931329,504931330,push
502870026,b4093de4dcdfedbb6c6da46378c392333bc9ca5f,475,master,passed,5441,2019-03-07 01:53:04 UTC,502870027,502870028,502870029,502870030,502870031,502870032,502870033,502870034,502870035,502870036,502870037,502870038,pull_request
502870011,7e91772d14ec84e66d6afa30daaf82d83c2061f6,,feature/add-pandas-update-readers,passed,5507,2019-03-07 01:33:09 UTC,502870012,502870013,502870014,502870015,502870016,502870017,502870018,502870019,502870020,502870021,502870022,502870023,push
502869973,2fb144ab7ff2dc0e8977ff53b67bc153e1a0a43f,475,master,canceled,0,,502869974,502869975,502869976,502869977,502869978,502869979,502869980,502869981,502869982,502869983,502869984,502869985,pull_request
502869950,3bef02eff5a05306178eaa9768567e47d7de90f7,,feature/add-pandas-update-readers,canceled,0,,502869951,502869952,502869953,502869954,502869955,502869956,502869957,502869958,502869959,502869960,502869961,502869962,push
502869883,dc15f92e5d28d48e88ded79cbf5441308368064a,475,master,canceled,0,,502869884,502869885,502869886,502869887,502869888,502869889,502869890,502869891,502869892,502869893,502869894,502869895,pull_request
502869868,88fca76d61e4a1c7dc07edb397ec3fd978278c15,,feature/add-pandas-update-readers,canceled,0,,502869869,502869870,502869871,502869872,502869873,502869874,502869875,502869876,502869877,502869878,502869879,502869880,push
502861632,16ef14d16ef840f50f55129b00f11c951c05a0f6,475,master,passed,5436,2019-03-07 01:12:55 UTC,502861633,502861634,502861635,502861636,502861637,502861638,502861639,502861640,502861641,502861642,502861643,502861644,pull_request
502861602,5fc953bec9a3a28c7338bb3e7e1964120eaea76c,,feature/add-pandas-update-readers,passed,5635,2019-03-07 00:56:21 UTC,502861603,502861604,502861605,502861606,502861607,502861608,502861609,502861610,502861611,502861612,502861613,502861614,push
502822924,575c8fde9f75b05d32da318e044c6a8b1930c7e8,,feature/add-pandas-update-readers,passed,5265,2019-03-06 22:52:57 UTC,502822925,502822926,502822927,502822928,502822929,502822930,502822931,502822932,502822933,502822934,502822935,502822936,push
502778181,813d153c84deaeacb1834dac189f51a5c9d0471d,,feature/add-pandas-update-readers,failed,5303,2019-03-06 21:08:15 UTC,502778182,502778183,502778184,502778185,502778186,502778187,502778188,502778189,502778190,502778191,502778192,502778193,push
502598955,91ee0742308f023811a242f97afdc9ccc254f9d8,474,master,passed,6131,2019-03-06 14:46:42 UTC,502598956,502598957,502598958,502598959,502598960,502598961,502598962,502598963,502598964,502598965,502598966,502598967,pull_request
502598912,13e5ea1d541ef6d3dd0bde85817b80e0e1e9cb46,,add-pipeline-attribute,passed,6126,2019-03-06 14:46:34 UTC,502598913,502598914,502598915,502598916,502598920,502598921,502598922,502598923,502598925,502598926,502598927,502598928,push
502261866,16b026fc99f9d7b2d8711e08e2a098cc007adbd3,474,master,passed,6146,2019-03-05 21:59:57 UTC,502261867,502261868,502261869,502261870,502261871,502261872,502261873,502261874,502261875,502261876,502261877,502261878,pull_request
502261825,6cd62eb2a1bdfbbffd58daf7802ff649d3d151a9,,add-pipeline-attribute,passed,6132,2019-03-05 21:43:44 UTC,502261826,502261827,502261828,502261829,502261830,502261831,502261832,502261833,502261834,502261835,502261836,502261837,push
502219594,2a7c5feaf011adaea6a978c91ae456986ef0d877,474,master,passed,6100,2019-03-05 20:34:16 UTC,502219595,502219596,502219598,502219599,502219600,502219601,502219602,502219603,502219604,502219605,502219606,502219607,pull_request
502219576,cd5bf7358346c5c16497c2c3a6a638a71b20791c,,add-pipeline-attribute,passed,6218,2019-03-05 20:12:30 UTC,502219577,502219578,502219579,502219580,502219581,502219582,502219583,502219584,502219585,502219586,502219587,502219588,push
502215022,5f1a7f6bf1b384d87d0bc17ed627a417b2820781,,master,passed,5957,2019-03-05 19:56:16 UTC,502215023,502215024,502215025,502215026,502215027,502215028,502215029,502215030,502215031,502215032,502215033,502215034,push
502166036,b5e247920e3daaca96fa0ce5a279405342c18e1d,471,master,passed,6055,2019-03-05 18:36:37 UTC,502166037,502166038,502166039,502166040,502166041,502166042,502166043,502166044,502166045,502166046,502166047,502166048,pull_request
502166019,9e632936a12ca801d5f6e1185462620493a777ba,,feature/431_grid_search_cv_results_,passed,5863,2019-03-05 18:16:01 UTC,502166020,502166021,502166022,502166023,502166024,502166025,502166026,502166027,502166028,502166029,502166030,502166031,push
502163070,49ea6a0bf247f95ce76a22b351fb60f977d74161,,master,passed,5651,2019-03-05 18:48:48 UTC,502163071,502163072,502163073,502163074,502163075,502163076,502163077,502163078,502163079,502163080,502163081,502163082,push
501625508,c5382b647fb70a956a15eb66a8a6eb6ed115a506,466,master,passed,5783,2019-03-04 18:26:13 UTC,501625509,501625510,501625511,501625512,501625513,501625514,501625515,501625516,501625517,501625518,501625519,501625520,pull_request
501625495,5a9fdfdcb115194ef03c912e1615edfe6e44afa4,,model-params-and-feature-hasher,passed,5803,2019-03-04 18:04:27 UTC,501625496,501625497,501625498,501625499,501625500,501625501,501625502,501625503,501625504,501625505,501625506,501625507,push
501609003,1190018be44229e584dc1c78f76a19b37c79aaf2,475,master,passed,5632,2019-03-04 17:43:47 UTC,501609006,501609009,501609010,501609011,501609012,501609013,501609014,501609015,501609016,501609017,501609018,501609019,pull_request
501608978,92699b912408003202b0422ba92bf389b72652e6,,feature/add-pandas-update-readers,passed,5582,2019-03-04 17:28:08 UTC,501608979,501608980,501608981,501608982,501608983,501608984,501608985,501608989,501608990,501608991,501608992,501608993,push
501584682,bb329d857c801be384909fdda0a3539447b5a5cc,466,master,passed,5658,2019-03-04 16:51:23 UTC,501584683,501584685,501584686,501584688,501584689,501584690,501584691,501584692,501584693,501584694,501584695,501584696,pull_request
501584660,acce084ca8b45e837b352ae977f2979f7f294edd,,model-params-and-feature-hasher,passed,5623,2019-03-04 16:35:23 UTC,501584661,501584662,501584663,501584664,501584665,501584666,501584667,501584668,501584669,501584670,501584671,501584672,push
500541958,f3627eeefc43462232c47de83dfda49f11cc7008,466,master,passed,5880,2019-03-01 21:11:48 UTC,500541959,500541960,500541961,500541963,500541964,500541966,500541967,500541968,500541969,500541970,500541971,500541972,pull_request
500541912,34875ca56ce9b33c505ddbac1a173538d3d26138,,model-params-and-feature-hasher,passed,5876,2019-03-01 20:55:38 UTC,500541913,500541914,500541915,500541916,500541917,500541918,500541919,500541920,500541921,500541922,500541923,500541924,push
500358340,7ed0fac8edbb9d6403c1cea6d3bbd369747ac566,475,master,passed,5691,2019-03-01 14:05:21 UTC,500358341,500358342,500358343,500358344,500358345,500358346,500358347,500358348,500358349,500358350,500358351,500358352,pull_request
500328409,f07cb733defb516ebbe3e61a651ebe72ae812338,,feature/add-pandas-update-readers,passed,5611,2019-03-01 12:54:14 UTC,500328410,500328411,500328412,500328413,500328414,500328415,500328416,500328417,500328418,500328419,500328420,500328421,push
500143004,6e30ea80ab5b6d01f0cd754cded70b6bbd844626,,feature/add-pandas-update-readers,failed,5521,2019-03-01 03:27:49 UTC,500143005,500143006,500143007,500143008,500143009,500143010,500143011,500143012,500143013,500143016,500143017,500143019,push
500054017,53fa313eeb4c4175ccd5b7087a952d588d96b23a,,add-pipeline-attribute,passed,5904,2019-02-28 22:19:19 UTC,500054018,500054019,500054020,500054021,500054022,500054023,500054024,500054025,500054026,500054027,500054028,500054029,push
499591670,1d5afb1ce0c2b8019b80ba6ac90b1a37770ba5fa,,feature/add-pandas-for-readers,canceled,4747,2019-02-28 01:56:57 UTC,499591671,499591672,499591673,499591674,499591675,499591676,499591677,499591678,499591679,499591680,499591681,499591682,push
499589368,77bf176ba470d02047c28e97b13ca4ced90660af,,feature/add-pandas-for-readers,failed,4440,2019-02-28 01:46:20 UTC,499589369,499589370,499589371,499589372,499589373,499589374,499589375,499589376,499589377,499589378,499589379,499589380,push
499582634,f0dccbe36f3c24804e8d86b48afeeecd79125cf9,,add-pipeline-attribute,passed,6011,2019-02-28 01:19:27 UTC,499582635,499582636,499582637,499582638,499582639,499582640,499582641,499582642,499582645,499582646,499582647,499582648,push
499541094,ff2207dc8c0576d54c62a7a72e3a5f4d421480cd,,add-pipeline-attribute,failed,5989,2019-02-27 22:57:55 UTC,499541095,499541096,499541097,499541098,499541099,499541100,499541101,499541102,499541103,499541104,499541105,499541106,push
498733456,3765a864acd25bc42c46519647399eaf2eaa958c,,master,passed,5596,2019-02-26 13:48:04 UTC,498733457,498733458,498733459,498733460,498733461,498733462,498733463,498733464,498733465,498733466,498733467,498733468,push
498407244,c396cf05f9937ac4767267dda65b28d4e89bd6eb,471,master,passed,5621,2019-02-25 22:08:54 UTC,498407245,498407246,498407247,498407248,498407249,498407250,498407251,498407252,498407253,498407254,498407255,498407256,pull_request
498407218,d1c5e23019861c0014ce22ded04863147feaf800,,feature/431_grid_search_cv_results_,passed,5765,2019-02-25 22:12:48 UTC,498407219,498407220,498407221,498407222,498407223,498407224,498407225,498407226,498407227,498407228,498407229,498407230,push
498349158,62a6fc32bea6af7925a95bdedbb6a7394adee106,467,master,passed,5459,2019-02-25 19:51:28 UTC,498349159,498349160,498349161,498349162,498349163,498349164,498349165,498349166,498349167,498349168,498349169,498349170,pull_request
498349100,36797ba3597de0cc2c1cb6b077bcf66254c39ae9,,replace_prettytable,passed,5771,2019-02-25 19:36:29 UTC,498349101,498349102,498349103,498349104,498349105,498349106,498349107,498349108,498349109,498349110,498349111,498349112,push
498343374,51fc6bc703a17d1b76f52a32037388d09c3546f8,467,master,canceled,0,,498343375,498343376,498343377,498343378,498343379,498343380,498343381,498343382,498343383,498343384,498343385,498343386,pull_request
498343359,d4057f9d89cbe41ffd6606aeda98596744908c2e,,replace_prettytable,canceled,2541,2019-02-25 19:26:31 UTC,498343360,498343361,498343362,498343363,498343364,498343365,498343366,498343367,498343368,498343369,498343370,498343371,push
498242977,7f63046a08b3bde6b7405d398c74d1a9a5a53d23,471,master,passed,5670,2019-02-25 16:23:10 UTC,498242978,498242979,498242980,498242981,498242982,498242983,498242984,498242985,498242986,498242987,498242988,498242989,pull_request
498242936,ba4a805a67273cc0cf4e5913f119457438ddca66,,feature/431_grid_search_cv_results_,passed,5715,2019-02-25 16:07:40 UTC,498242937,498242938,498242939,498242940,498242941,498242942,498242943,498242944,498242945,498242946,498242947,498242948,push
497260233,4ae02fc4a697b08ecfab50641534f3eff630d0a6,471,master,passed,5813,2019-02-22 22:21:45 UTC,497260234,497260235,497260236,497260237,497260238,497260239,497260240,497260241,497260242,497260243,497260244,497260245,pull_request
497256587,b0a584fefc7c21e774b217651fc9fd0c9f01b598,470,master,passed,5623,2019-02-22 22:03:01 UTC,497256588,497256589,497256590,497256591,497256592,497256593,497256594,497256595,497256596,497256597,497256598,497256599,pull_request
497256565,0895907ef4a1f596f45add8ab8915f9e232c5d60,,feature/deprecate-things-with-deprecation-warnings,passed,5578,2019-02-22 21:55:47 UTC,497256566,497256567,497256568,497256569,497256570,497256571,497256572,497256573,497256574,497256575,497256576,497256577,push
497252273,188fe9a11620d06ddfa70f666554a68c58c12f05,470,master,canceled,0,,497252274,497252275,497252276,497252277,497252278,497252279,497252280,497252281,497252282,497252283,497252284,497252285,pull_request
497251028,bf388f68bce951acbbc71c5e488a5619138fe1f7,,feature/deprecate-things-with-deprecation-warnings,canceled,3848,2019-02-22 21:35:39 UTC,497251029,497251030,497251031,497251032,497251033,497251034,497251035,497251036,497251037,497251038,497251039,497251040,push
497239925,14bcb40aec9bf62f11ebb9eeec86b10b1b022f12,,feature/431_grid_search_cv_results_,passed,5728,2019-02-22 21:08:07 UTC,497239926,497239927,497239928,497239929,497239930,497239931,497239932,497239933,497239934,497239935,497239936,497239938,push
497229985,3bc96ff697552306c43a0cfbbc032d26514fc427,,feature/deprecate-things-with-deprecation-warnings,failed,5641,2019-02-22 20:33:12 UTC,497229986,497229987,497229988,497229989,497229990,497229991,497229992,497229993,497229994,497229995,497229996,497229997,push
497177535,458c2664cb537bbd5569c658551f6d59b5173892,468,master,passed,6598,2019-02-22 18:40:02 UTC,497177536,497177537,497177538,497177539,497177540,497177541,497177542,497177543,497177544,497177545,497177546,497177547,pull_request
497173945,a4e09f269d70f1bdb55a34a7eaa59622110096ed,,feature/improve-print_model_weights-output-#442,passed,5709,2019-02-22 18:24:30 UTC,497173946,497173947,497173948,497173949,497173950,497173951,497173952,497173953,497173954,497173955,497173956,497173957,push
497163639,cd04757df5603078d94010c86fda6b97db0a6a0a,467,master,passed,5548,2019-02-22 18:02:00 UTC,497163640,497163641,497163642,497163643,497163644,497163645,497163646,497163647,497163648,497163649,497163652,497163653,pull_request
497131245,f870a65904a449103d8f147e9746e548965f27d1,,replace_prettytable,passed,5738,2019-02-22 17:00:26 UTC,497131246,497131247,497131248,497131249,497131250,497131251,497131252,497131253,497131254,497131255,497131256,497131257,push
497130886,f1cae4ceee55d4080ec6edb9bb73bf28b415d9d1,,replace_prettytable,canceled,0,,497130887,497130888,497130889,497130890,497130891,497130892,497130893,497130894,497130895,497130896,497130897,497130898,push
497130635,d527c2e8837de8a6e94897a3804d76f33822d371,,replace_prettytable,canceled,0,,497130638,497130639,497130640,497130641,497130642,497130643,497130644,497130645,497130646,497130647,497130648,497130649,push
497130391,91cd0aa29bb588d6a932cb7f7ff35af9dc71032e,,replace_prettytable,canceled,0,,497130392,497130393,497130394,497130395,497130396,497130397,497130398,497130399,497130400,497130401,497130402,497130403,push
497129904,be0b6e1053affd494c3393212243ac62fb3a5454,,replace_prettytable,passed,5773,2019-02-22 16:45:40 UTC,497129905,497129906,497129907,497129908,497129909,497129911,497129912,497129913,497129915,497129917,497129919,497129920,push
496562356,7dc3dd523fab2f5e34c64292085d230a7b7ae796,466,master,passed,5918,2019-02-21 15:36:11 UTC,496562357,496562358,496562359,496562360,496562361,496562362,496562364,496562365,496562366,496562367,496562369,496562371,pull_request
496523494,564f2b22eff73e342796fcad6e6e6c5bd9a7fc86,,model-params-and-feature-hasher,passed,5628,2019-02-21 14:16:13 UTC,496523495,496523496,496523497,496523498,496523499,496523500,496523501,496523502,496523503,496523504,496523505,496523506,push
496487306,41ac87635aec7f0d39f2bdd88ed6e842f70d6ce4,,model-params-and-feature-hasher,failed,5254,2019-02-21 12:55:58 UTC,496487309,496487310,496487311,496487312,496487313,496487314,496487315,496487316,496487317,496487318,496487319,496487320,push
493925266,5481d0c5348578e1bff3f2f0c9c4319d8edd96bf,,master,passed,5620,2019-02-15 19:45:09 UTC,493925267,493925268,493925269,493925270,493925271,493925272,493925273,493925274,493925275,493925276,493925277,493925278,push
493891768,2b27a66d03e55e9cc306a4519066fd5b0cf816b9,465,master,passed,5883,2019-02-15 18:35:57 UTC,493891769,493891770,493891771,493891772,493891773,493891774,493891775,493891776,493891777,493891778,493891779,493891780,pull_request
493891750,e2993f37e732b8e21e7395263288d2c131a523ae,,grid-search-api-config,passed,6041,2019-02-15 18:18:59 UTC,493891751,493891752,493891753,493891754,493891755,493891756,493891757,493891758,493891759,493891760,493891761,493891762,push
493564352,7b333014c0cbfbc33d9ecf3c4a97f96ba9892377,465,master,passed,5654,2019-02-15 02:27:06 UTC,493564353,493564354,493564355,493564356,493564357,493564358,493564359,493564360,493564361,493564362,493564363,493564364,pull_request
493547354,44e7f4eb84f7b10e1852b9cff122e84c523b806e,,grid-search-api-config,passed,5537,2019-02-15 01:17:48 UTC,493547355,493547356,493547357,493547358,493547359,493547360,493547361,493547362,493547363,493547364,493547365,493547366,push
493547123,383ad7e8fd91294a0c84e6181198f220a50d6cd2,,grid-search-api-config,canceled,73,2019-02-15 01:16:59 UTC,493547124,493547125,493547126,493547127,493547128,493547129,493547130,493547131,493547132,493547133,493547134,493547135,push
493539203,496acbda65f579e2f8da4f4adea8ee18df700988,,grid-search-api-config,failed,5538,2019-02-15 00:50:42 UTC,493539204,493539205,493539206,493539207,493539208,493539209,493539210,493539211,493539212,493539213,493539214,493539215,push
493517405,248b0a31765ae4838d5557a55ee878b0b6cc62ad,,grid-search-api-config,failed,5557,2019-02-14 23:49:47 UTC,493517407,493517408,493517409,493517410,493517411,493517412,493517413,493517414,493517415,493517416,493517417,493517418,push
493438750,b2b5b2287adfde1a9da23d3339f26f03dd9bf8b2,,master,passed,5632,2019-02-14 20:49:58 UTC,493438751,493438752,493438753,493438754,493438755,493438756,493438757,493438758,493438759,493438760,493438761,493438762,push
493414880,6085196c7f8221a1fbe5e2d0f4119977ad17f1df,462,master,passed,5801,2019-02-14 20:13:54 UTC,493414881,493414882,493414883,493414884,493414885,493414886,493414887,493414888,493414889,493414891,493414892,493414893,pull_request
493414834,021d250c18ae61738f2a72b8d65680c42cb03e45,,increase-coverage,passed,6133,2019-02-14 19:54:38 UTC,493414835,493414836,493414837,493414838,493414839,493414840,493414841,493414842,493414843,493414844,493414845,493414846,push
493259576,0d22f85f7d700b3e880bdffa14f893db62cac41e,462,master,passed,5817,2019-02-14 14:16:37 UTC,493259577,493259578,493259579,493259580,493259581,493259582,493259583,493259584,493259585,493259586,493259587,493259588,pull_request
493246708,c23738bbec004fa80c6f76e3885446f5ed7d53be,,increase-coverage,passed,5511,2019-02-14 13:47:17 UTC,493246709,493246710,493246711,493246712,493246713,493246714,493246715,493246716,493246717,493246718,493246719,493246720,push
493006797,dd29b6addb803eef73f3b0c3d79c8dce8a7aad78,,increase-coverage,passed,5544,2019-02-14 01:17:07 UTC,493006798,493006799,493006800,493006801,493006802,493006803,493006804,493006805,493006806,493006807,493006808,493006809,push
492956356,407a0722ccebecc3797e4bcf3827ca69206d8d0c,,increase-coverage,failed,5613,2019-02-13 22:43:48 UTC,492956357,492956358,492956359,492956360,492956361,492956362,492956363,492956364,492956365,492956366,492956367,492956368,push
492752088,1067873859b57515091d329cd755cfaecf104458,,master,passed,5600,2019-02-13 15:19:08 UTC,492752089,492752090,492752091,492752092,492752093,492752094,492752095,492752096,492752097,492752098,492752099,492752100,push
492727523,9fd145146e4ba4683247a23d1ca35df396f3f0d8,458,master,passed,5773,2019-02-13 14:45:32 UTC,492727524,492727525,492727526,492727527,492727528,492727529,492727530,492727531,492727532,492727533,492727534,492727535,pull_request
492727469,570d324f5bdd38fd305ae290d80c768fe7b35a14,,remove-default-objective,passed,5741,2019-02-13 14:29:42 UTC,492727470,492727471,492727472,492727473,492727474,492727475,492727476,492727477,492727478,492727479,492727480,492727481,push
492205544,e350a39554a4689519042c1ff18688f4b9c7b46e,458,master,passed,5896,2019-02-12 16:11:09 UTC,492205545,492205546,492205547,492205548,492205549,492205550,492205551,492205552,492205553,492205554,492205555,492205556,pull_request
492205506,571b8581a8a2b13d84d8b9f89793349a4d1e06e6,,remove-default-objective,passed,5993,2019-02-12 15:56:01 UTC,492205507,492205508,492205509,492205510,492205511,492205512,492205513,492205514,492205515,492205516,492205517,492205518,push
491870444,8127af89f69738de076570a109f0053bc812361f,458,master,passed,5733,2019-02-12 14:05:41 UTC,491870445,491870446,491870447,491870448,491870449,491870450,491870451,491870452,491870453,491870454,491870455,491870456,pull_request
491852861,07c4598218719f6180d7977504cdb411d0d89452,,remove-default-objective,passed,5679,2019-02-11 21:37:47 UTC,491852862,491852863,491852864,491852865,491852866,491852867,491852868,491852869,491852870,491852871,491852872,491852873,push
491814481,0b134130225004f7607ea0ea09b9d20549fcbf81,,master,passed,5661,2019-02-11 20:11:49 UTC,491814482,491814483,491814484,491814485,491814486,491814487,491814488,491814489,491814490,491814491,491814492,491814493,push
491653451,5d94271b14f1f02927208187dd7106b8be37da5d,,remove-default-objective,passed,5564,2019-02-11 14:26:15 UTC,491653452,491653453,491653454,491653455,491653456,491653457,491653458,491653459,491653460,491653461,491653462,491653463,push
491628067,8603e14f1e418d146b5134503c0b7f9ac5b8b81d,,remove-default-objective,failed,5510,2019-02-11 13:31:09 UTC,491628068,491628069,491628070,491628071,491628072,491628073,491628074,491628075,491628076,491628077,491628078,491628079,push
490102537,e911a0f989478b61aebdeb2774107a105f02187f,,master,passed,5259,2019-02-07 15:21:33 UTC,490102538,490102539,490102540,490102541,490102542,490102543,490102544,490102545,490102546,490102547,490102548,490102549,push
490090951,03685652d89067c6df9dc91306496152ef8ac58b,456,master,passed,5282,2019-02-07 14:58:25 UTC,490090952,490090953,490090954,490090955,490090956,490090958,490090959,490090960,490090962,490090963,490090964,490090966,pull_request
489307407,7ca10231da6bb66ed55f5d5252d37162e1f47320,453,master,passed,5639,2019-02-05 23:45:46 UTC,489307408,489307409,489307410,489307411,489307412,489307413,489307414,489307415,489307416,489307417,489307418,489307419,pull_request
489292486,df20b468e8a2443d38337cb6a17fec33fd1a9249,,unlabelled-readwrite-compatibility,passed,5730,2019-02-05 23:02:43 UTC,489292487,489292488,489292489,489292490,489292491,489292492,489292493,489292494,489292495,489292496,489292497,489292498,push
468138717,f08b38d25907dad8a0948d3b10389bd0991a4127,,v1.5.3,passed,5563,2018-12-14 19:27:55 UTC,468138718,468138721,468138722,468138727,468138728,468138729,468138730,468138731,468138732,468138735,468138736,468138737,push
468138326,f08b38d25907dad8a0948d3b10389bd0991a4127,,master,passed,6064,2018-12-14 19:11:46 UTC,468138327,468138328,468138329,468138330,468138331,468138332,468138333,468138334,468138335,468138336,468138337,468138338,push
468124841,a910d57e654cd9fba088ad0f7410e95268806c93,446,master,passed,5701,2018-12-14 18:36:09 UTC,468124842,468124843,468124844,468124845,468124846,468124847,468124848,468124849,468124850,468124851,468124852,468124853,pull_request
468111294,89a4f44c35e72e8f6aa9e882f10217b55e0f8dbc,,release/1.5.3,passed,5684,2018-12-14 18:00:56 UTC,468111295,468111296,468111297,468111299,468111301,468111303,468111307,468111308,468111309,468111310,468111311,468111312,push
467182295,5318f29c5a3d57661156e8ece765ab00738f4861,,master,passed,5293,2018-12-12 20:24:12 UTC,467182296,467182297,467182298,467182299,467182300,467182301,467182302,467182303,467182304,467182305,467182306,467182307,push
467155699,e7623774712edabc0e3260719cd40423f2f306e5,445,master,passed,5354,2018-12-12 20:13:56 UTC,467155700,467155701,467155702,467155703,467155704,467155705,467155706,467155707,467155708,467155709,467155710,467155711,pull_request
467155662,e01b5685dfd66d0c2da2b9f0a1096318a3f6f8cd,,feature-hasher-mismatched-bins,passed,5262,2018-12-12 19:29:40 UTC,467155663,467155664,467155665,467155666,467155667,467155668,467155669,467155670,467155671,467155672,467155673,467155674,push
467147256,bfa0baa4ee4f89943e8734060b5597ffe3608b65,445,master,canceled,0,,467147257,467147258,467147259,467147260,467147261,467147262,467147263,467147264,467147265,467147274,467147279,467147280,pull_request
467147214,780aa3e9e2c9f6ac2e3a87cb816b1d0c1ebf7cab,,feature-hasher-mismatched-bins,passed,6711,2018-12-12 19:07:09 UTC,467147216,467147217,467147218,467147219,467147220,467147222,467147224,467147225,467147226,467147228,467147230,467147231,push
467041568,0e6434d230b062b11ff66d569e109bba30bc4890,445,master,passed,5229,2018-12-12 15:28:28 UTC,467041569,467041570,467041571,467041572,467041573,467041574,467041575,467041576,467041577,467041578,467041579,467041580,pull_request
466793145,6cfa1d25aa2f699a3de70d5febe979ab1343949f,,feature-hasher-mismatched-bins,passed,5236,2018-12-12 01:12:57 UTC,466793146,466793147,466793148,466793149,466793150,466793151,466793152,466793153,466793154,466793155,466793156,466793157,push
466776390,7abded8f22759c02e099a3b7ec764d6bcc3d06ca,,feature-hasher-mismatched-bins,passed,5243,2018-12-12 00:13:33 UTC,466776391,466776392,466776393,466776394,466776395,466776396,466776397,466776398,466776399,466776400,466776401,466776402,push
466730059,8a6e329da8aaff334d6e61ae660e5532034fc905,,master,passed,5221,2018-12-11 22:09:10 UTC,466730060,466730061,466730062,466730063,466730064,466730065,466730066,466730067,466730068,466730069,466730070,466730071,push
466701994,0879a474dbb6a00f19c931c04cfb60eac37b9225,,feature-hasher-mismatched-bins,failed,5350,2018-12-11 21:02:49 UTC,466701995,466701996,466701997,466701998,466701999,466702000,466702001,466702002,466702003,466702004,466702005,466702006,push
466679936,4048acf7619e56a8a2e770432a3a488a80937d3f,,feature-hasher-mismatched-bins,failed,5251,2018-12-11 20:29:39 UTC,466679937,466679938,466679939,466679940,466679941,466679942,466679943,466679944,466679945,466679946,466679947,466679948,push
465108006,d2e2622746cf6f4b0e5f255c2dfc67604616fa73,443,master,passed,5567,2018-12-07 20:01:25 UTC,465108007,465108008,465108009,465108010,465108011,465108012,465108013,465108014,465108015,465108016,465108017,465108018,pull_request
465106987,acb98c19644441269ba8a33ea9cf496ac9797cfe,,svc-linear-model-params,passed,5485,2018-12-07 19:46:01 UTC,465106988,465106989,465106990,465106991,465106992,465106993,465106994,465106995,465106996,465106997,465106998,465106999,push
464617477,e9974d1eedd4e84e2ec638368fe879fb4a897713,,svc-linear-model-params,passed,5332,2018-12-06 20:04:40 UTC,464617478,464617479,464617480,464617481,464617482,464617483,464617484,464617485,464617486,464617487,464617488,464617489,push
463972533,ac80bb0aece833046a06bf6ea100b590fed21f7a,,master,passed,5407,2018-12-05 18:15:45 UTC,463972534,463972535,463972536,463972537,463972538,463972539,463972540,463972541,463972542,463972543,463972544,463972545,push
463903163,d795a818393a77398061620ffa8d380b897f7258,,svc-linear-model-params,passed,5246,2018-12-05 15:38:25 UTC,463903167,463903169,463903171,463903174,463903175,463903177,463903179,463903181,463903183,463903184,463903185,463903186,push
463532844,22f873e8d939e00c874a779f811c5ffb8026463d,440,master,passed,5317,2018-12-04 20:36:29 UTC,463532845,463532846,463532847,463532848,463532849,463532850,463532851,463532852,463532853,463532854,463532855,463532856,pull_request
463532808,d795a818393a77398061620ffa8d380b897f7258,,possible-ndjwriter-bug,passed,5291,2018-12-04 20:36:24 UTC,463532809,463532810,463532811,463532812,463532813,463532814,463532815,463532816,463532817,463532818,463532819,463532820,push
463506868,06354253b48a14d2bfbbbd9155a67ae46c2259fb,440,master,passed,5161,2018-12-04 19:50:55 UTC,463506870,463506871,463506872,463506874,463506875,463506876,463506877,463506878,463506880,463506881,463506882,463506883,pull_request
463506824,8d9d98e1575b17991c2d176e322131f482bc77fb,,possible-ndjwriter-bug,passed,5258,2018-12-04 19:35:42 UTC,463506825,463506826,463506827,463506828,463506829,463506830,463506831,463506832,463506833,463506834,463506835,463506836,push
463496605,73d302c336f3c12cd59c21b06533dc4ae5719f4a,440,master,passed,5235,2018-12-04 19:10:58 UTC,463496606,463496607,463496608,463496609,463496610,463496611,463496612,463496613,463496614,463496615,463496616,463496617,pull_request
463484880,7a70cd41ed1099ea03697939f398528231b48908,,possible-ndjwriter-bug,passed,5269,2018-12-04 18:41:02 UTC,463484881,463484882,463484883,463484884,463484885,463484886,463484887,463484888,463484889,463484890,463484891,463484892,push
463477877,c63bb36aa011f4307559711eb8f291db78363d3e,,possible-ndjwriter-bug,canceled,1109,2018-12-04 18:23:27 UTC,463477878,463477880,463477881,463477882,463477883,463477884,463477885,463477886,463477887,463477888,463477889,463477890,push
463435600,48e5f1f8f56b053f9d9afe33e805b8401af4a006,,master,passed,6057,2018-12-04 16:41:14 UTC,463435601,463435602,463435603,463435604,463435605,463435606,463435607,463435608,463435609,463435610,463435611,463435612,push
463005831,4404249ccb1eec32dc2cd620650fb9c7c5583936,439,master,passed,7115,2018-12-03 20:36:09 UTC,463005832,463005833,463005834,463005835,463005836,463005837,463005838,463005839,463005840,463005841,463005842,463005843,pull_request
462982050,e78fb285f97a46550ae38ee85150aa22f23c3b53,,update-scikit-learn,passed,6860,2018-12-03 19:44:05 UTC,462982051,462982052,462982053,462982054,462982055,462982056,462982057,462982058,462982059,462982060,462982061,462982062,push
