version https://git-lfs.github.com/spec/v1
oid sha256:3a8a18420554adc990c2149cc82fd6249a553728ccd5d09486a87b433b43dc4e
size 153201
