build_id,commit,pull_req,branch,status,duration,started_at,jobs,event_type
758343203,dc8a1fcbe4e3e9c1059158eb797b7906b3c70553,,main,passed,253,2021-02-10 08:31:08 UTC,758343204,758343205,push
755588878,14b0b586acfea5b694d6236d62fce0c13fe3939a,,main,passed,230,2021-01-21 21:11:08 UTC,755588879,755588880,push
755586817,25f03cf7233b7a748de28b47724c87531d61686d,,v0.40.0,passed,241,2021-01-21 20:54:41 UTC,755586818,755586819,push
755552558,25f03cf7233b7a748de28b47724c87531d61686d,,main,passed,229,2021-01-21 17:12:24 UTC,755552559,755552560,push
755538940,5ade5d862b43f6efd9e75e848f938b22f96245cc,,main,passed,242,2021-01-21 15:25:33 UTC,755538941,755538942,push
755530641,95f1fed75c1bfdfb2e8586caebbf76b44868f82e,,main,passed,243,2021-01-21 14:09:26 UTC,755530642,755530643,push
755528649,a6db359b13ea614c42d20f219a1fede28fc5e9f9,,main,canceled,0,,755528650,755528651,push
755524457,d170ede6422049787938403f012c0e0c5f437a16,,main,failed,238,2021-01-21 13:09:34 UTC,755524458,755524459,push
755524112,eec8506d4e8011447d298efe58524fe83e9f4556,,main,canceled,0,,755524113,755524114,push
755411435,7d43130d9689d4c19c82868d3f0e5abb8ecba5fc,,main,failed,234,2021-01-20 21:51:15 UTC,755411436,755411437,push
755411264,7d43130d9689d4c19c82868d3f0e5abb8ecba5fc,,master,failed,245,2021-01-20 21:07:22 UTC,755411265,755411266,push
755410353,6c21bc05cc16f03a5f303d4916de263441980099,,completion-with-shell-expanding-chars,failed,244,2021-01-20 21:00:58 UTC,755410354,755410355,push
739612742,cedde1e93ad386fbce0134e34988b0022fd42bae,,master,passed,247,2020-10-28 14:38:17 UTC,739612743,739612744,push
663922097,58413351a9dbc85c852902a71865bf28a95bb5f0,,master,passed,220,2020-03-18 12:24:49 UTC,663922098,663922099,push
663885742,2dea915c8ec5dd4d39042b5c9acf9f1cd949be65,55,master,passed,223,2020-03-18 10:33:45 UTC,663885743,663885744,pull_request
645073039,2c3d409006a298c2372e2d8ef740e1ff6e2a444c,,master,passed,231,2020-02-02 13:52:53 UTC,645073040,645073041,push
645055530,3980f94dc129848e198a335c1763f88d5b627700,52,master,passed,240,2020-02-02 12:43:12 UTC,645055531,645055532,pull_request
644776584,d823772f62772ecf12e8dedd79e742cc68bec6b8,,master,passed,224,2020-02-01 14:47:05 UTC,644776585,644776586,push
644760836,ac4ae72060f9fa412289984168c33de303cfb78b,,master,passed,232,2020-02-01 13:30:48 UTC,644760837,644760838,push
644592362,b3f874e58749f4e829cc0e5fcbb81239c5d138d2,51,master,passed,238,2020-01-31 23:24:13 UTC,644592363,644592364,pull_request
644334087,987306590b660ea4730351d1677a6fd762a72106,,v0.30.1,passed,234,2020-01-31 12:37:05 UTC,644334088,644334089,push
644333125,987306590b660ea4730351d1677a6fd762a72106,,master,passed,226,2020-01-31 12:34:22 UTC,644333126,644333127,push
644288829,d635d0b49f5af26cd0c64daebf1f17c2ab59b407,,master,passed,235,2020-01-31 10:28:09 UTC,644288830,644288831,push
644276618,a4bdfc8b70182cd46ffa11a9cfa0a330e6cf5cfa,,master,passed,234,2020-01-31 09:54:47 UTC,644276619,644276620,push
644221489,c775717f517b27172d74fde41329eadcff443023,50,master,passed,236,2020-01-31 06:50:00 UTC,644221490,644221491,pull_request
644041349,4e736d6ab42b44077e52555a2965a818c37d24fb,49,master,passed,236,2020-01-30 20:14:26 UTC,644041350,644041351,pull_request
644023571,327aaf0721fc043b08fa72786049302d2b1ce986,,v0.30.0,passed,260,2020-01-30 19:30:47 UTC,644023572,644023573,push
644022266,327aaf0721fc043b08fa72786049302d2b1ce986,,master,passed,280,2020-01-30 19:27:36 UTC,644022267,644022268,push
644021841,c9f1aadce2a7e14c00c0961488a92c2cd8b5a2fc,,master,passed,233,2020-01-30 19:26:28 UTC,644021842,644021843,push
644016856,8995bd85df443b5ea072d46102f7717505993926,,master,passed,240,2020-01-30 19:16:17 UTC,644016857,644016858,push
644010040,820792595f9987a990ce34cc7de1edcac329208c,,master,passed,228,2020-01-30 18:59:30 UTC,644010041,644010042,push
641844929,475b440bd6ac09a0de13a87974badc651d14a20d,,master,passed,227,2020-01-25 22:00:16 UTC,641844930,641844931,push
641087852,8805acb778c3d5c0962d17636ddea5fcc8fd8153,48,master,passed,236,2020-01-23 21:00:10 UTC,641087853,641087854,pull_request
627905981,06429c29feb01a3eb5e104c8073e8664aff2f5ff,,master,passed,222,2019-12-20 21:35:14 UTC,627905982,627905983,push
627875295,1ffe5d7d10c38469a0294df75aee289663f824af,,master,failed,232,2019-12-20 20:16:54 UTC,627875296,627875297,push
627874514,5e8891d8a0041bbd27fbe3f3095f3bacfb520acd,,master,failed,222,2019-12-20 20:15:11 UTC,627874515,627874516,push
627872763,5c2e67a8bb8c44cdf1eb8ab0a0e07e5fc19fbc6d,,master,passed,226,2019-12-20 20:08:40 UTC,627872764,627872765,push
627797954,5c2e67a8bb8c44cdf1eb8ab0a0e07e5fc19fbc6d,,cmd-settings,passed,261,2019-12-20 16:32:45 UTC,627797955,627797956,push
627687423,a14d636263796bc9ab64e1689e5fcb31c9286545,,cmd-settings,passed,224,2019-12-20 12:07:09 UTC,627687424,627687425,push
627486900,c75946729ecf6324d5f84549940d0afe6d835a6a,,cmd-settings,passed,224,2019-12-19 23:43:45 UTC,627486901,627486902,push
626446293,022de77740c2026a03ea4871dd9714f7cc263259,,cmd-settings,passed,222,2019-12-17 23:20:03 UTC,626446294,626446295,push
626424269,4c239ae742324559de34099a5840101d381c9e2e,,cmd-settings,passed,219,2019-12-17 22:22:07 UTC,626424271,626424272,push
626406554,e540236d1b6e72ffab54cccf42716ad833f86f26,,cmd-settings,passed,286,2019-12-17 21:36:10 UTC,626406555,626406556,push
626393662,c2ff1a0a00e8c67c5d53e9b6e5a590ce3cd8e3cb,,cmd-settings,passed,215,2019-12-17 21:06:01 UTC,626393663,626393664,push
626261559,7b400022b9a831ad71bb6f745d025396c7d4cd50,,cmd-settings,failed,260,2019-12-17 15:52:15 UTC,626261560,626261561,push
621516525,a0300949dc74e97ab22774014e640b34f7c126cb,,master,passed,232,2019-12-06 09:39:51 UTC,621516526,621516527,push
618518089,880e1f8c4fddcb7c0703095ba839fc0d7433ed51,,master,passed,286,2019-11-29 09:42:01 UTC,618518090,618518091,push
612649631,e4051afc473ddbdc602c81da74ff660380d3d03a,,master,passed,283,2019-11-16 00:29:22 UTC,612649632,612649633,push
612304939,e4051afc473ddbdc602c81da74ff660380d3d03a,,jump-penalty-for-bad-matches,passed,315,2019-11-15 09:57:22 UTC,612304940,612304941,push
603499831,1452a2335aa0c520185c960f9cc63e544b625e1f,,master,passed,258,2019-10-27 12:15:05 UTC,603499832,603499833,push
603498037,267f0cc0fd769fc7ff260b50ac5b6ef2d748fa73,,master,passed,283,2019-10-27 12:08:16 UTC,603498038,603498039,push
603497219,9931102e65439c4996249088c92d4fe7a90a6405,,master,failed,31,2019-10-27 12:04:50 UTC,603497220,603497221,push
603497002,8b953d84d671a77521abbd5f7300554c41c28095,,master,failed,39,2019-10-27 12:04:08 UTC,603497003,603497004,push
603496515,c24a6fb6a7eec6fa9a5c4855a2a87fc4bd5e480d,,master,failed,45,2019-10-27 12:01:47 UTC,603496516,603496517,push
562977368,e949e96b300718778fd92ebf6a741c15bd4d661b,,jump-penalty-for-bad-matches,passed,234,2019-07-24 08:54:30 UTC,562977369,562977370,push
562974707,17bfc048225754e312fe40d3cf5cb4d04c5d6983,,master,passed,234,2019-07-24 08:46:16 UTC,562974708,562974709,push
562964693,0d4972a144808880a86cb4c5427abf86beb690f9,,master,passed,331,2019-07-24 08:16:23 UTC,562964694,562964695,push
562518061,71de7e1ee5607eab68f18464000363cbeaa07abe,44,master,passed,233,2019-07-23 10:20:56 UTC,562518062,562518063,pull_request
561896793,7028064552aeaf4eecb513674093b03095c688ab,44,master,passed,235,2019-07-22 03:04:17 UTC,561896794,561896795,pull_request
560502143,beda11550e4edbbf4966fbd29bdd8af6c55886ea,,jump-penalty-for-bad-matches,passed,242,2019-07-18 14:10:45 UTC,560502144,560502145,push
547878457,41c1308cdce69f6582bc4b3177b0b3a7bf4d2bdb,,master,passed,235,2019-06-19 19:30:12 UTC,547878458,547878459,push
547796271,1a7fce15391df614d7c83dfcfaba0017da19f3eb,42,master,passed,245,2019-06-19 16:21:12 UTC,547796272,547796273,pull_request
543208803,64768b9d76077dfc6326f7f812f66d8e9b20b90a,,master,passed,239,2019-06-08 18:46:52 UTC,543208804,543208805,push
543132464,0e43cecc1ffa83c56f3d35e4980de16a6cd279c7,39,master,passed,237,2019-06-08 13:08:04 UTC,543132465,543132466,pull_request
538290419,15120b85d904d2a115c35b8bca666f81c6ce9d6d,,master,passed,260,2019-05-28 15:14:21 UTC,538290423,538290426,push
538272980,f3d99ecb6a11179fb9a2dfc1e5e9626f62e24e4d,,master,passed,279,2019-05-28 14:41:49 UTC,538272981,538272982,push
517125313,c1aed6de3e32f3ac528617518884fd8c973c864f,,v0.23.0,passed,295,2019-04-08 07:40:13 UTC,517125314,517125315,push
517118011,c1aed6de3e32f3ac528617518884fd8c973c864f,,master,passed,283,2019-04-08 07:17:54 UTC,517118012,517118013,push
508594199,27e46a195d965f1fbe6c3031fb313a1a68a4fc8c,,master,passed,249,2019-03-19 20:48:02 UTC,508594200,508594201,push
508575829,c68e6fc5c1095bd07c382a5f66b2fc43b533cd94,36,master,passed,270,2019-03-19 20:12:12 UTC,508575830,508575831,pull_request
508544882,4c9107dd937944997b3429468da55fa85feab88a,36,master,passed,257,2019-03-19 18:54:45 UTC,508544883,508544884,pull_request
505685418,346537d600a200f79fb93c4a2e1397d03b0f8bb1,,master,passed,247,2019-03-13 10:29:13 UTC,505685419,505685420,push
505087401,9ff7b510e8855935f607088d36dcebf128ebf1dc,,master,passed,278,2019-03-12 07:25:25 UTC,505087402,505087403,push
500308476,4a88f06d58303a98f7ad358f99a9a26535855df3,,master,passed,281,2019-03-01 12:00:27 UTC,500308477,500308478,push
486459551,9a8471537ddb98cd61060fec878ad20540849cc3,,master,passed,291,2019-01-30 14:58:20 UTC,486459553,486459554,push
486456710,cfc80d1b3ad2fe34adff4e44805f29a7db94eafb,,master,failed,290,2019-01-30 14:52:54 UTC,486456711,486456712,push
486417198,f52f0725f152aa4d68fa4d18a9149f3a67dddb9d,,master,passed,268,2019-01-30 13:25:44 UTC,486417199,486417200,push
480092681,4b0e8bb3d98c7944d1dd2b76bc468539c49d1be0,,master,passed,273,2019-01-15 21:26:10 UTC,480092682,480092683,push
458357133,3c3d040b8c369a030327a95835cc9cea17c88343,,v0.22.0,passed,225,2018-11-22 11:07:48 UTC,458357134,458357135,push
458351929,3c3d040b8c369a030327a95835cc9cea17c88343,,master,passed,237,2018-11-22 10:53:12 UTC,458351930,458351931,push
457593944,917789410e1b99da206e3951f3c84fba25539d7d,,master,passed,251,2018-11-20 18:49:37 UTC,457593946,457593949,push
457592367,5980a7c8a1adfe97af80c16bd5a4e08598d0633b,,master,failed,228,2018-11-20 18:44:19 UTC,457592368,457592369,push
447647910,3be47965980378d25c5ad15a62dea9296918d113,,master,passed,228,2018-10-29 06:59:06 UTC,447647911,447647912,push
426041331,8252c3786aa14845f763761812d7da80208f76cd,,master,passed,248,2018-09-08 08:45:57 UTC,426041332,426041333,push
426009067,3c8670c2611f07895cbfc09b06d6bae1df579a89,30,master,passed,209,2018-09-08 04:41:55 UTC,426009068,426009069,pull_request
425917836,e536faef6920a0f7e3d4d81822c97b4cd87bc55b,,v0.21.0,passed,209,2018-09-07 21:09:29 UTC,425917837,425917838,push
425912343,e536faef6920a0f7e3d4d81822c97b4cd87bc55b,,master,passed,224,2018-09-07 20:53:45 UTC,425912344,425912345,push
425905235,80837c8f63960bb674b4520bd3901df8e1f240b8,,master,passed,275,2018-09-07 20:32:33 UTC,425905236,425905237,push
425903816,73ebf1f8011a770e7b6f0d1801bfa34d95874a0b,28,master,passed,263,2018-09-07 20:28:44 UTC,425903817,425903818,pull_request
425903811,35383a08518c858db98c4244053dbcea9b56f653,,autojump-importer,passed,252,2018-09-07 20:28:41 UTC,425903812,425903813,push
425732173,492d77b7a8b082e9014ac6ccd704137fd4389301,28,master,passed,254,2018-09-07 13:13:58 UTC,425732174,425732175,pull_request
425732166,06be925d97729de64ec673055fccf835046aa874,,autojump-importer,passed,274,2018-09-07 13:14:08 UTC,425732167,425732168,push
425713345,1a7147c0a103ede6cbcefe6f06bbad5667faf837,28,master,passed,287,2018-09-07 12:28:55 UTC,425713346,425713347,pull_request
425713333,d683ffba09ffbd5536ce7cdb4933b334683cc67b,,autojump-importer,passed,192,2018-09-07 12:28:52 UTC,425713334,425713335,push
425634322,7a12c8075ddaf299c679f9b740ca5855dda8f57a,28,master,passed,315,2018-09-07 08:40:36 UTC,425634323,425634324,pull_request
425634303,9e344e4a9f84ce1b07b029048f1f094f6dca4a49,,autojump-importer,passed,353,2018-09-07 08:40:23 UTC,425634304,425634305,push
425503046,0358cfcc577c4a003f6de9ec4c59412b1401507b,28,master,passed,199,2018-09-06 23:11:18 UTC,425503047,425503048,pull_request
425503000,bf19c7ea619164447e41c2bc953eb709aa18c014,,autojump-importer,passed,246,2018-09-06 23:11:47 UTC,425503001,425503002,push
425412938,add9433e1a25c79dc05cf5183978721621d216cd,28,master,passed,255,2018-09-06 19:05:12 UTC,425412939,425412940,pull_request
425412918,1cccfa89f47b59def778468c12d4304c58080733,,autojump-importer,passed,297,2018-09-06 19:04:38 UTC,425412919,425412920,push
425411282,b39e1e645e8d81d6b87f46fcd1f6454ee6a55ba0,28,master,failed,39,2018-09-06 19:00:16 UTC,425411283,425411284,pull_request
425410873,e0b3a39f06138eb748e4fc3184fff6208ecd4793,,autojump-importer,failed,40,2018-09-06 18:59:20 UTC,425410874,425410875,push
425409906,59673030d0f03db3b5b664861870823da6e46cc2,28,master,failed,263,2018-09-06 18:57:04 UTC,425409907,425409908,pull_request
425384217,ac96571116407f57db08b3b709fb8a15f3ef2900,,autojump-importer,failed,237,2018-09-06 17:57:57 UTC,425384218,425384219,push
425149505,3bfb96d6fcf53d95648b15623211183486d24b34,,master,passed,258,2018-09-06 07:51:53 UTC,425149506,425149507,push
424941172,9190fbd2f04f36827724b06b0a1063ace711d1df,27,master,passed,213,2018-09-05 19:05:51 UTC,424941173,424941174,pull_request
424285915,a6ab694c697e3d1ef73ba52e9f3bf7fcecaf3816,,master,passed,283,2018-09-04 11:30:13 UTC,424285916,424285917,push
424285784,061b308f6f791f5b7ba098970767e5a2332b18d6,,master,canceled,0,,424285785,424285786,push
424096537,831298cb85f9a3f26fa0ff7268db9e8b27e8fd42,27,master,passed,263,2018-09-03 21:41:27 UTC,424096538,424096539,pull_request
424078746,d3795140874bb61b0bbc325b16b0d4c645d9d0a1,26,master,passed,273,2018-09-03 20:41:06 UTC,424078749,424078750,pull_request
424060215,2ea3bbb80de225085208ec1c44ec0c64462e9c60,25,master,passed,197,2018-09-03 19:42:19 UTC,424060216,424060217,pull_request
406548835,d0ea104b3750820f19b1c93697dae002befd8d1f,,v0.20.0,passed,264,2018-07-21 09:11:08 UTC,406548836,406548837,push
406532836,bfe9f70bccea36efaa780f3bbad3b621e5090dc3,,master,passed,216,2018-07-21 07:24:05 UTC,406532839,406532841,push
403013613,00652bafa9750b266e4bca9a061956ccf81f90e3,,master,passed,218,2018-07-12 08:36:55 UTC,403013614,403013615,push
400050701,dd82ccf87e07449013811c240034ac0eebf3dcaa,,master,passed,277,2018-07-04 14:59:50 UTC,400050702,400050703,push
400024718,a5d6c39bf460c59c1afa95265c279f491abb3ba5,,master,passed,239,2018-07-04 13:55:10 UTC,400024719,400024720,push
399996338,a726aaa50a629035ee8e7472738b492a36b4a5fe,,master,passed,337,2018-07-04 12:41:54 UTC,399996339,399996342,push
372149442,56fe5f8e99f8c8f7971429bedd02d9241cb3a9da,,master,passed,209,2018-04-27 17:56:31 UTC,372149443,372149444,push
371479391,e19e6728161e7c2040ff1f70d0be490427653889,,v0.19.0,passed,203,2018-04-26 09:58:02 UTC,371479392,371479393,push
371464727,e19e6728161e7c2040ff1f70d0be490427653889,,master,passed,302,2018-04-26 09:18:40 UTC,371464728,371464729,push
370476521,934bd88924a750179a7f98caeb3024ef64e0bb25,,master,passed,206,2018-04-24 09:03:15 UTC,370476522,370476523,push
370055685,cee85ea466d597f1471fc612c5717540e8ee1208,,master,passed,257,2018-04-23 11:50:39 UTC,370055686,370055687,push
369800617,d3033fdaebbee7bf18b2ad80a28adabb454c6ddb,,master,passed,184,2018-04-22 17:17:21 UTC,369800618,369800619,push
369705146,0b6032440ae3fb4d73ceae2b41703de2f76e241d,,master,failed,340,2018-04-22 09:50:03 UTC,369705147,369705148,push
369704938,d7ba457f59b1b52fe2743db1041dd3b8071527c8,,master,failed,276,2018-04-22 09:48:57 UTC,369704939,369704940,push
345691392,bc36799071519bf42d37a47c21d9ef3805d9c284,,master,passed,260,2018-02-24 17:19:20 UTC,345691393,345691394,push
326375896,2deb31ed38040398fe464d20c191e4ae768b25d0,,v0.18.0,passed,220,2018-01-08 14:06:25 UTC,326375897,326375898,push
326365030,2deb31ed38040398fe464d20c191e4ae768b25d0,,master,passed,224,2018-01-08 13:38:28 UTC,326365031,326365032,push
326364365,9b00aff131f777ebc681e609af2df3e9f53204e5,,master,passed,196,2018-01-08 13:36:24 UTC,326364366,326364367,push
326360335,32d353d0e9cb9d8be2b590eacf3779e484ad7a9c,12,master,passed,959,2018-01-08 13:24:35 UTC,326360337,326360338,pull_request
326360280,2a0cfcc202a8319a8f12193bef49619ac248173c,,documentation-for-0.18.8,passed,257,2018-01-08 13:24:30 UTC,326360283,326360284,push
326314078,6788acd800f399da497eb81634ce8032f0c5b9ec,,documentation-for-0.18.8,passed,229,2018-01-08 11:07:22 UTC,326314079,326314080,push
326314072,b73fecf0953d057f471c20274af98b1ec1017943,12,master,passed,210,2018-01-08 11:07:21 UTC,326314073,326314074,pull_request
326108570,0093937dd6f894e506ef3167cf2b92f66714d8cf,12,master,passed,209,2018-01-07 18:27:53 UTC,326108571,326108572,pull_request
326108227,de59e444fdad8a8d41137408bea540e4e19f133e,,master,passed,226,2018-01-07 18:26:22 UTC,326108228,326108229,push
326107988,fe0da3925869e51c82067db20f246f9268c40822,,documentation-for-0.18.8,passed,522,2018-01-07 18:25:10 UTC,326107989,326107990,push
325749463,09c908a698b9548a002b4c6820f8092a8abbef3c,,master,passed,166,2018-01-06 10:37:19 UTC,325749464,325749465,push
323611708,a6e098d9abb4009d29db40f245ae6931941b45bb,,master,passed,223,2017-12-31 15:54:20 UTC,323611709,323611710,push
323557287,7b4e22cc604e32d65f406104d632e2dee0bd7c8f,10,master,passed,186,2017-12-31 13:24:23 UTC,323557290,323557291,pull_request
323557220,7bf966b6994826b750e9712ea7fac93af9593299,,atomic-file,passed,158,2017-12-31 13:23:55 UTC,323557221,323557222,push
323556718,7afd5a93eec70d8a7247ce55bde5dd043a557b08,,atomic-file,passed,250,2017-12-31 13:20:45 UTC,323556719,323556722,push
323556617,f81bb2c8c099d8512fa68d51e4351ae0f89d2a34,10,master,passed,190,2017-12-31 13:20:25 UTC,323556618,323556619,pull_request
323554903,9a3b3d2d4ded7636bfdec305ded7dd725a088a89,10,master,passed,200,2017-12-31 13:10:23 UTC,323554904,323554905,pull_request
323553906,94eec723304ccead81f2aafd900ad0c089b8f4bf,,atomic-file,passed,210,2017-12-31 13:05:37 UTC,323553907,323553908,push
315036635,f12852f708bd65ab2c28b888be918c921d1126bc,,master,passed,276,2017-12-11 22:04:25 UTC,315036636,315036637,push
294848397,ef60e58c0c67bd0ee41d4f24729fb22d32e50d9d,,master,passed,133,2017-10-30 13:14:39 UTC,294848398,294848399,push
294772526,34805c96b00d97e9430a83422a3f7f632ed5d05b,,master,passed,173,2017-10-30 09:48:38 UTC,294772527,294772528,push
294770273,8e84f99a443e98ed3f4b8e5ad9cbe33f35f12493,,master,passed,205,2017-10-30 09:42:49 UTC,294770274,294770275,push
292810138,ca1aa235ecd3d8526f59541584dd841711b9a948,,master,passed,161,2017-10-25 20:19:58 UTC,292810139,292810140,push
292806923,55ea83bd8f4b24041d3b01b6be15438a6a000853,,master,passed,179,2017-10-25 20:13:02 UTC,292806924,292806926,push
292579120,2ac2e3e94620c4728cab85e2ef72306f7608688d,,master,passed,165,2017-10-25 12:00:55 UTC,292579121,292579122,push
292550872,aab4f373a497fcd54574b29bb19888248caf6d2b,,master,passed,201,2017-10-25 10:44:31 UTC,292550873,292550874,push
245281845,24fc1d48c2ffdacfe0fdee20ea627f3005f6e906,,master,passed,135,2017-06-21 09:07:44 UTC,245281846,245281847,push
227392221,e0b3861d6d4f6ed1179c7e53db187833e90813f7,,master,passed,119,2017-04-30 16:48:50 UTC,227392222,227392223,push
227359849,a103278fd2ee4d58d3daffce11dff6e1ee8ff83a,,master,passed,112,2017-04-30 13:41:37 UTC,227359850,227359851,push
227359615,b94c71065fabafab4496d4a02bb5b29f4c033d0f,,master,passed,122,2017-04-30 13:38:51 UTC,227359616,227359617,push
227358304,2f4fbf85652a37de5d8b985b615ce9d9ba6563d2,,master,passed,127,2017-04-30 13:30:41 UTC,227358305,227358306,push
227357354,7ed375efc9469aa3fcdd87d13b48a8d297b8b123,,master,passed,197,2017-04-30 13:24:01 UTC,227357355,227357356,push
227346616,ac6b3a290459c9e3fe2730aed4072ac324e5cd3c,,master,passed,123,2017-04-30 12:17:19 UTC,227346617,227346618,push
227150908,94469c620cb0747aae390c42843a268881608d4f,,master,passed,127,2017-04-29 14:56:31 UTC,227150909,227150910,push
227144258,00594b194f7c6a5d1b09aa4d9393a11190683ad2,,master,passed,110,2017-04-29 14:16:27 UTC,227144259,227144260,push
227143553,c1833dce4f2bd571c972e1a89d85e4dfa17cf66b,,master,passed,133,2017-04-29 14:12:59 UTC,227143554,227143555,push
227142787,416219c068935de6a1cb5614e95ddb2daf671e87,,master,passed,116,2017-04-29 14:08:14 UTC,227142788,227142789,push
227142008,56ebe04f1e47a10ef5ee5db9efc735d7cc389979,,master,passed,125,2017-04-29 14:03:18 UTC,227142009,227142010,push
