build_id,commit,pull_req,branch,status,duration,started_at,jobs,event_type
468080889,3df877cecaba13e0071a2d0f9911c83334cc77a0,1002,master,passed,778,2018-12-14 16:43:38 UTC,468080890,468080891,468080892,468080893,468080894,pull_request
468077771,b8301cbe757456034dae62e42bb1d954f0b8bfac,,python-914_use-datetime.fromtimestamp,passed,656,2018-12-14 16:35:19 UTC,468077772,468077773,468077774,468077775,468077776,push
462841311,c0cc1614b5990bbc2565dd3ecf4b545d7c7a3131,,master,passed,823,2018-12-03 14:55:06 UTC,462841312,462841313,462841314,462841315,462841316,push
462759623,4c954c480f8d87d6863aa49f428e8459d052fb75,1001,master,passed,810,2018-12-03 11:32:25 UTC,462759624,462759625,462759626,462759627,462759628,pull_request
459842334,1920cf0286407937cc991688ba977e653affea1d,,master,passed,816,2018-11-26 16:56:48 UTC,459842336,459842338,459842342,459842344,459842345,push
455479794,96b114ae3d1a527e838e7c13c4b60554fa6842f4,1000,master,passed,865,2018-11-15 12:51:08 UTC,455479795,455479796,455479797,455479798,455479799,pull_request
455070998,039eb29c3d1a4feb0fa4fe428feed49d3a205730,,replace-lz4-test,passed,790,2018-11-14 16:31:17 UTC,455070999,455071000,455071001,455071002,455071003,push
455070970,9821cedbd52a5e46c1f7bdfc8a8efa8f06eaa355,999,master,passed,724,2018-11-14 16:28:57 UTC,455070971,455070972,455070973,455070974,455070975,pull_request
455068897,9821cedbd52a5e46c1f7bdfc8a8efa8f06eaa355,999,master,passed,888,2018-11-14 16:26:11 UTC,455068898,455068899,455068900,455068901,455068902,pull_request
455068833,1484b70c29fc46d4af15ea0f1797521d0cb825d7,,replace-lz4-test,passed,752,2018-11-14 16:23:58 UTC,455068834,455068835,455068838,455068840,455068842,push
454664842,f0f798b59169fedb21cb191d4999cf5bd6339169,999,master,failed,339,2018-11-13 19:54:15 UTC,454664843,454664844,454664845,454664846,454664847,pull_request
454658452,0da4cce32a2f98e3da0121cc23af0d3259135384,,python-add-rebased-asyncio-test,failed,856,2018-11-13 19:38:15 UTC,454658453,454658454,454658455,454658456,454658457,454658458,push
454104360,85466ddc640f1afb32a9d961c225f4c15d0ecacc,,master,passed,929,2018-11-12 18:24:09 UTC,454104361,454104362,454104363,454104364,454104365,push
454104219,85466ddc640f1afb32a9d961c225f4c15d0ecacc,,3.16.0,passed,919,2018-11-12 18:21:45 UTC,454104220,454104221,454104222,454104223,454104224,push
453988919,e1d139c97b6bb3d2c284401192542466a3ac868d,998,master,passed,763,2018-11-12 14:21:35 UTC,453988920,453988921,453988922,453988923,453988924,pull_request
453050012,4b00b5f950d1d0c9d6712ab914f8b36d370cb309,,python-remove-thread-macro,passed,788,2018-11-09 20:10:57 UTC,453050013,453050014,453050015,453050016,453050017,push
451066081,8c1a9096d758a6a2adef289b12e132eaeb201f26,,master,passed,791,2018-11-05 20:50:34 UTC,451066082,451066083,451066084,451066085,451066086,push
451065406,79fb983ff79bf1c0140b86cd77d776b63b0acd29,996,master,errored,322,2018-11-05 20:49:34 UTC,451065407,451065408,451065409,451065410,451065411,pull_request
451065394,9c47bcced9f8afdfd8c87bcb726a6da57a023efb,,python-895_require-only-one-resolved-contact-point,passed,831,2018-11-05 20:47:04 UTC,451065395,451065396,451065397,451065398,451065399,push
451051552,16ad9eea22539032c80ae1cddf0d986712c013be,,master,passed,826,2018-11-05 20:17:00 UTC,451051553,451051554,451051555,451051556,451051557,push
451051525,fe6a8d6edd2d9c5e4712a62caa4454d2ad165d85,995,master,errored,314,2018-11-05 20:15:36 UTC,451051526,451051527,451051528,451051529,451051530,pull_request
451051510,a184ed6be084a10373ab02c00af57531c5df90b8,,python-944_add-profile-name-to-warning,failed,338,2018-11-05 20:14:05 UTC,451051511,451051512,451051513,451051514,451051515,push
451049561,724ae3ca2f6173116c85022e2c9ac8d0d5c553b3,995,master,passed,754,2018-11-05 20:11:51 UTC,451049562,451049563,451049564,451049565,451049566,pull_request
451049519,68cf6cfec6fe738a9d31b375e048a511f3cabd15,,python-944_add-profile-name-to-warning,passed,767,2018-11-05 20:09:33 UTC,451049521,451049522,451049523,451049524,451049525,push
451036455,3009ed89e9508cbd74ff9cd9475a3d892b3187aa,,master,passed,991,2018-11-05 19:38:25 UTC,451036456,451036457,451036458,451036459,451036462,push
451027243,48b1228807c962a816a8cac580ee91ed682941b8,,master,passed,864,2018-11-05 19:17:06 UTC,451027244,451027245,451027246,451027247,451027248,push
450986878,25f710c6c2ca4dc6ac1d00775d428fce7ab59c7d,,master,passed,878,2018-11-05 17:50:27 UTC,450986879,450986880,450986881,450986882,450986883,push
450980192,90e6e447ee0dd9bc9dbdcfbab6beb3d0c0bad6fe,997,master,passed,820,2018-11-05 17:36:05 UTC,450980193,450980194,450980195,450980196,450980197,pull_request
450976166,67db0da29750879d3fcb5b6e007e411b0d0d2b72,,python-988_remove-setuppy-from-test-docs,passed,856,2018-11-05 17:26:21 UTC,450976167,450976168,450976169,450976170,450976171,push
450971428,ad99eb339f1fffe2101c050c6f756da690c6fb59,996,master,passed,821,2018-11-05 17:16:04 UTC,450971429,450971430,450971431,450971432,450971433,pull_request
450970203,d7efc2a38ba466e8dc26c0282201f48a5892cdb4,,python-895_require-only-one-resolved-contact-point,passed,900,2018-11-05 17:13:50 UTC,450970204,450970205,450970206,450970207,450970208,push
450969940,7fbe8025ce40fd5d4c946fe403d87cd1badfa467,,python-895_require-only-one-resolved-contact-point,passed,863,2018-11-05 17:11:30 UTC,450969941,450969942,450969943,450969946,450969948,push
450959156,3421cd0fd6a0a4d7bb9a1c1fc94966646fca68d4,995,master,passed,871,2018-11-05 16:49:57 UTC,450959157,450959158,450959159,450959160,450959161,pull_request
450958766,9cd1fa287dcc11aced1adc175865b0b565d169fc,,python-944_add-profile-name-to-warning,passed,849,2018-11-05 16:47:29 UTC,450958767,450958768,450958769,450958770,450958771,push
450938168,44c9d599e7c6d294c9e259fd6f2842f1cb79e705,992,master,passed,960,2018-11-05 16:06:30 UTC,450938169,450938170,450938171,450938172,450938173,pull_request
450938147,aaf67197e351343fdc779ff1da16097e1bec67bb,,python-1026,passed,894,2018-11-05 16:06:27 UTC,450938148,450938149,450938150,450938151,450938152,push
449975174,a13b1ab810004f234c1560ec86773e2a9d177772,,python-944_add-profile-name-to-warning,failed,360,2018-11-02 18:46:52 UTC,449975175,449975176,449975177,449975178,449975179,push
449971140,319f39ae7172b280fa9c4c296af478087687f429,,python-944_add-profile-name-to-warning,passed,785,2018-11-02 18:33:22 UTC,449971141,449971142,449971143,449971144,449971145,push
448853976,319f39ae7172b280fa9c4c296af478087687f429,,master,passed,913,2018-10-31 13:32:40 UTC,448853977,448853978,448853979,448853983,448853984,push
448850615,feabb220dc1ee076749c6d26d5757138b2281bac,994,master,passed,965,2018-10-31 13:29:04 UTC,448850616,448850617,448850618,448850619,448850620,pull_request
448850476,9e4fca0313277f77c59a5afe99c5f04986ec8f78,,swiftype,passed,1005,2018-10-31 13:25:59 UTC,448850477,448850478,448850479,448850483,448850484,push
448800738,b7a9edcd1e3b4896e877a17adf629561cc60cc44,993,master,passed,940,2018-10-31 11:31:30 UTC,448800739,448800740,448800741,448800742,448800743,pull_request
448798168,5d602439855cddab8aaae5224aea1b8314d87ace,993,master,passed,876,2018-10-31 11:24:49 UTC,448798169,448798170,448798171,448798172,448798174,pull_request
448713754,e9375207bc1ffab51bcd1b90adc946d8a3e79a93,993,master,passed,835,2018-10-31 07:13:21 UTC,448713755,448713756,448713757,448713758,448713759,pull_request
445668306,14f9290db4a0380a9f998b84975cae42c80b2ea6,992,master,passed,764,2018-10-24 13:39:22 UTC,445668307,445668308,445668309,445668310,445668311,pull_request
445650720,b5c5c8b8ff555675f2621b34e0af5e8fdd0afc17,,python-1026,passed,900,2018-10-24 13:03:55 UTC,445650721,445650722,445650723,445650724,445650725,push
445626508,f1212f921e51a2d7c0e6bde0999cbd1a67058553,991,master,passed,890,2018-10-24 12:15:56 UTC,445626509,445626510,445626511,445626512,445626513,pull_request
445626490,b574524c6caec018815e1efdbf84a9c5aa507a3b,,python-1015,passed,972,2018-10-24 12:15:31 UTC,445626491,445626492,445626493,445626494,445626495,push
445619609,d7910e5fbb456a98b104e9959c0b2a9d9daa62d1,991,master,failed,401,2018-10-24 12:02:17 UTC,445619610,445619611,445619612,445619613,445619614,pull_request
445619349,e86276a9fa81f43717f04595e289ec57b99542b1,,python-1015,passed,883,2018-10-24 12:05:25 UTC,445619350,445619351,445619352,445619353,445619354,push
445417904,40a0895152b576c22eb7eb9d8cd3db795d1de3db,,python-1015,passed,804,2018-10-24 00:55:00 UTC,445417905,445417906,445417907,445417908,445417909,push
445385374,0716bb68bac8ac75f61f902f2ba16fb960c7f7fd,,python-1015,passed,859,2018-10-23 23:11:01 UTC,445385375,445385376,445385377,445385378,445385379,push
445321166,7930e34a94f65b5c683b0ca989dc85b78f91f0a1,,python-1015,passed,877,2018-10-23 20:23:00 UTC,445321167,445321168,445321169,445321170,445321171,push
445300060,034f5fa6626faacfb58e4793e7e063e9ddad21b1,,python-1015,passed,860,2018-10-23 19:35:41 UTC,445300061,445300062,445300063,445300064,445300065,push
440708518,b3865edb93c2f429f67bce6c0df73e0bc01cf71b,990,master,failed,402,2018-10-12 16:14:20 UTC,440708519,440708520,440708521,440708522,440708523,pull_request
439697938,590f150f8b1714ff5989e42962f29838039df2e8,,master,passed,972,2018-10-10 15:25:20 UTC,439697939,439697941,439697942,439697943,439697944,push
439664126,6d7fd5cc300c9f89c6aadbfa173d17289fd8da16,986,master,passed,939,2018-10-10 14:20:53 UTC,439664127,439664128,439664129,439664130,439664131,pull_request
439664085,efa4e84dec2879f3777af7cd1cbdfa27bb8913dd,,python-1020_fix-vtables-against-dse-6.0.X,passed,896,2018-10-10 14:17:45 UTC,439664086,439664087,439664090,439664092,439664093,push
439659158,c75fd1922d5b7289df9cf814710041c7c8c70c60,,master,passed,970,2018-10-10 14:07:08 UTC,439659159,439659160,439659161,439659162,439659163,push
439340584,d829ba926981674a3c8ab60313ebf87c9c586190,,python-1020_fix-vtables-against-dse-6.0.X,passed,934,2018-10-09 20:42:04 UTC,439340585,439340586,439340587,439340588,439340589,push
439340578,dc40b8bcdaabb5e1eb05dea9583537849683801f,986,master,passed,771,2018-10-09 20:39:02 UTC,439340579,439340580,439340581,439340582,439340583,pull_request
439336437,b871eac8027baa2d83cd8330da2939ae99e409ab,984,master,passed,1312,2018-10-09 20:33:45 UTC,439336439,439336440,439336441,439336442,439336443,pull_request
439336414,bfb24afb3376acfbb3984e2421d1bd51d9a08a52,,python-1008,passed,1175,2018-10-09 20:30:43 UTC,439336415,439336416,439336417,439336418,439336419,push
439322627,8dd602783c4dd600cfa1bba0aab5cf35777573aa,,long-python_fix-ssl-errors,failed,305,2018-10-09 19:59:16 UTC,439322628,439322629,439322630,439322631,439322632,push
439313850,3a1790bbbee3bc8464e2e3d1d292311f4774ccce,,master,passed,862,2018-10-09 19:40:30 UTC,439313851,439313852,439313853,439313854,439313855,push
439302212,dc1828856122b5df991a0b04c8a9223f0f5becad,986,master,passed,880,2018-10-09 19:21:10 UTC,439302213,439302214,439302215,439302216,439302217,pull_request
439302191,b90ce040843d475e20ee56a1fcb1a86048c8680e,,python-1020_fix-vtables-against-dse-6.0.X,passed,881,2018-10-09 19:15:54 UTC,439302192,439302193,439302194,439302195,439302196,push
439267313,88021bfebbf3b3960a2d2716769dbbe3a548a77a,986,master,passed,838,2018-10-09 18:15:57 UTC,439267314,439267315,439267316,439267317,439267318,pull_request
439267279,9a6771f0536cdb44129ecad409ce1052157fc26f,,python-1020_fix-vtables-against-dse-6.0.X,passed,1135,2018-10-09 18:05:38 UTC,439267280,439267281,439267282,439267283,439267284,push
437816096,4b6a38b11d470fb598251cb6116d45ee26ccb65a,986,master,passed,876,2018-10-05 20:53:03 UTC,437816097,437816098,437816099,437816101,437816102,pull_request
437816075,a2b7145f3c68abc48efd503c5767a2d2c25c5223,,python-1020_fix-vtables-against-dse-6.0.X,passed,811,2018-10-05 20:50:12 UTC,437816076,437816077,437816078,437816079,437816080,push
437768024,cba171f3a4d91bfa156d88871b5908b696838f15,989,master,passed,807,2018-10-05 18:49:07 UTC,437768025,437768026,437768027,437768028,437768029,pull_request
437759989,281ac3e4a712bda143e68d99026267bcc1ef2acd,,long-python_catch-ssl-errs,passed,916,2018-10-05 18:29:23 UTC,437759990,437759991,437759992,437759993,437759994,push
437721169,8e855b67bbc0362411465ab5934460fd515ac6d8,986,master,passed,877,2018-10-05 16:56:57 UTC,437721170,437721171,437721172,437721175,437721176,pull_request
437721110,fe8dd68222ed636e8fea00237e3593a595cb2873,,python-1020_fix-vtables-against-dse-6.0.X,passed,847,2018-10-05 16:54:25 UTC,437721111,437721112,437721113,437721114,437721115,push
437656178,f33f066c17fd6c6564983827c12e88189b892879,986,master,passed,839,2018-10-05 14:38:05 UTC,437656179,437656180,437656181,437656182,437656183,pull_request
437655983,a8700b854586ff8f60cc28dc47538a1455d80c82,,python-1020_fix-vtables-against-dse-6.0.X,passed,865,2018-10-05 14:35:34 UTC,437655984,437655985,437655986,437655987,437655988,push
437625284,c86869861815c57c697f79ff3b3bea0d4ed70d65,986,master,passed,870,2018-10-05 13:28:17 UTC,437625285,437625286,437625287,437625288,437625289,pull_request
437625258,78151b5c5ee60a831762e08202a93bb763e07b40,,python-1020_fix-vtables-against-dse-6.0.X,errored,1345,2018-10-05 13:28:18 UTC,437625263,437625266,437625269,437625271,437625272,push
437337380,054c81b122e2eaf203fe04dc325c4ebf00eb3db2,986,master,passed,922,2018-10-04 21:05:25 UTC,437337381,437337382,437337383,437337384,437337385,pull_request
437337358,53e3a32ab6abe6da8e2220812179e33d20fa66e3,,python-1020_fix-vtables-against-dse-6.0.X,passed,841,2018-10-04 21:05:23 UTC,437337359,437337360,437337361,437337362,437337363,push
434627594,8dd602783c4dd600cfa1bba0aab5cf35777573aa,,long-python_fix-ssl-errors,failed,354,2018-09-28 13:51:16 UTC,434627596,434627597,434627598,434627599,434627600,push
434339774,7c45dc2aa390139980dca1d2fb0fc563887686ba,,long-python_fix-ssl-errors,failed,321,2018-09-27 21:38:06 UTC,434339775,434339776,434339777,434339778,434339779,push
433516878,f963389eb0a2d5a5bf2c0a638d5b80ae9eaedb59,988,master,passed,922,2018-09-26 13:41:01 UTC,433516879,433516880,433516881,433516882,433516883,pull_request
433385711,3cc7a5515e7bd68431e15f27cb48b2e46ca0d2d3,988,master,failed,316,2018-09-26 09:17:25 UTC,433385712,433385713,433385714,433385715,433385716,pull_request
432987962,09f96cbb28155dee46b01391cb58d6f1bddc73dd,,python_improve-bad-user-aggregate-error-message,passed,969,2018-09-25 14:39:18 UTC,432987964,432987966,432987967,432987968,432987969,push
432621263,b5893a3059925857845dd539841c9dfaee88c502,984,master,passed,822,2018-09-24 19:06:39 UTC,432621264,432621265,432621266,432621267,432621268,pull_request
432621245,3639844cf80fd4b3f909db2a01539f2b97cd7864,,python-1008,passed,807,2018-09-24 19:04:17 UTC,432621246,432621247,432621248,432621249,432621250,push
432537771,b78583aa066643cde173442428c866bff6e88f9c,984,master,failed,851,2018-09-24 15:54:14 UTC,432537772,432537774,432537775,432537776,432537777,pull_request
432537736,76e6f29a63178ab667da21c5bcbd396f162f1cf9,,python-1008,failed,807,2018-09-24 15:51:29 UTC,432537737,432537738,432537739,432537740,432537741,push
432527397,9849564b7603137dc35d6f5ee2dbaeb0b2ade43e,986,master,passed,837,2018-09-24 15:31:07 UTC,432527400,432527402,432527403,432527405,432527407,pull_request
432527345,ab6ff5de4e2a32429371416a9060cdeac906329f,,python-1020_fix-vtables-against-dse-6.0.X,passed,860,2018-09-24 15:31:07 UTC,432527346,432527347,432527348,432527349,432527350,push
432503464,ad633d051097fd39d85c3fb51f2ed36adc23087e,987,master,passed,1044,2018-09-24 14:40:07 UTC,432503465,432503466,432503467,432503468,432503469,pull_request
432495072,4619c98c3256f0e489b49fccf29fb74107b0a31e,,long-python_fix-long-schema-test,passed,748,2018-09-24 14:20:50 UTC,432495073,432495074,432495075,432495076,432495077,push
431561010,591177bbf1b6143f447924063ca0c3c720f7c8e6,,python-1020_fix-vtables-against-dse-6.0.X,passed,841,2018-09-21 15:55:46 UTC,431561012,431561013,431561014,431561016,431561018,push
431519290,5756631d459e106a686b8b3e0b103a7afdd5bac2,986,master,failed,292,2018-09-21 14:16:38 UTC,431519291,431519292,431519293,431519294,431519295,pull_request
431500422,2ace9322870b38629e3235144f99470b1351c711,,master,passed,832,2018-09-21 13:32:39 UTC,431500423,431500424,431500425,431500426,431500428,push
431497764,31e66155771289c57011466d9dc1df5d8b1cd21d,985,master,errored,699,2018-09-21 13:29:31 UTC,431497765,431497766,431497767,431497768,431497769,pull_request
431497754,91b91d8d05c9b3e4131628c22bd690f40d48017f,,long-python_test-dse-failures,passed,948,2018-09-21 13:26:33 UTC,431497755,431497756,431497757,431497758,431497759,push
431211092,fa30f53b03891b8ebddec83343285a54d494c6e1,,python-1020_fix-vtables-against-dse-6.0.X,failed,340,2018-09-20 20:27:52 UTC,431211097,431211099,431211101,431211102,431211103,push
431163196,8c947d50f351087c48db6d13c2715a090d233c4d,,python-1020_fix-vtables-against-dse-6.0.X,errored,1319,2018-09-20 18:35:08 UTC,431163197,431163198,431163199,431163200,431163201,push
430277420,57bcab07befe74e07302a86c5bc9b9a74856c16c,985,master,passed,787,2018-09-18 22:01:11 UTC,430277421,430277423,430277424,430277425,430277426,pull_request
430277395,38b2c11b4c03f766ff0af9acba0c7e94f0c2609a,,long-python_test-dse-failures,passed,894,2018-09-18 22:01:08 UTC,430277396,430277397,430277398,430277399,430277400,push
430248904,07725519b71c4d858243d87d8ac77a39a51a04f2,985,master,passed,883,2018-09-18 20:54:49 UTC,430248905,430248906,430248907,430248908,430248909,pull_request
430247533,9dc33af328d66f0788e199b0b83a6347ddf067d2,,long-python_test-dse-failures,passed,902,2018-09-18 20:51:13 UTC,430247535,430247536,430247537,430247538,430247539,push
428753268,ce601010ade2bd911c7294fef7b72613266fd53b,984,master,passed,882,2018-09-14 18:57:49 UTC,428753269,428753270,428753271,428753272,428753273,pull_request
428753124,887aec925ae6ce26bd0a5a141f9e98cb7c058d6f,,python-1008,passed,835,2018-09-14 18:54:53 UTC,428753125,428753126,428753127,428753128,428753129,push
428751801,1a9c22ca4564e1cc8398b05b218d7bb5765bba93,,python-1008,passed,938,2018-09-14 18:51:37 UTC,428751802,428751803,428751804,428751805,428751806,push
428745937,a0d91a8c599fdcc153a82173951094f52fcedb26,,python-1008,errored,703,2018-09-14 18:34:05 UTC,428745938,428745939,428745940,428745941,428745942,push
428738437,e96d69f28768e6ba436e9475ee724f8f49720cb2,,python-1008_debug,failed,342,2018-09-14 18:12:18 UTC,428738438,428738439,428738440,428738441,428738442,push
428671778,e166f01263f79542eb10b7afc634c2b14cfdc15f,,python-1008_debug,failed,275,2018-09-14 15:24:09 UTC,428671781,428671782,428671783,428671785,428671787,push
427270515,406b83056505f64c196515ba202d9b8f45f2d522,,python-1008_debug,failed,882,2018-09-11 15:53:34 UTC,427270516,427270517,427270518,427270519,427270520,push
427269059,9b2ba8d43499efb6b95b975ddf4b2139b1ce115c,,python-1008_debug,failed,289,2018-09-11 15:50:07 UTC,427269060,427269061,427269062,427269063,427269064,push
425798873,9b25f2292c5b2f155c98db394f8131c790305ceb,,test-docs,passed,874,2018-09-07 15:42:24 UTC,425798874,425798875,425798876,425798877,425798878,push
425496615,7a1b6ce5ef617bfb44f35a809f1426706199c61f,983,master,passed,2240,2018-09-06 22:49:15 UTC,425496616,425496617,425496618,425496619,425496620,pull_request
425436824,12b59b80cee69a1c41e57558787387b50eae1ef2,,master,failed,313,2018-09-06 20:05:38 UTC,425436825,425436826,425436827,425436828,425436829,push
425434393,4fcf41d40113f2615bbe9d22875966cb1b58723f,,3.15.1,passed,859,2018-09-06 19:58:51 UTC,425434394,425434395,425434396,425434397,425434398,push
425433726,4fcf41d40113f2615bbe9d22875966cb1b58723f,,master,failed,306,2018-09-06 19:57:15 UTC,425433727,425433728,425433729,425433730,425433731,push
425423854,5c8fac636af99cd6e5a93f04eac4a68aeb304bca,,master,passed,1022,2018-09-06 19:33:16 UTC,425423855,425423856,425423857,425423858,425423859,push
425420835,cfb7105d5f32b1bb0d25b09bd1f0b5355e944d7b,982,master,passed,837,2018-09-06 19:29:12 UTC,425420837,425420838,425420839,425420840,425420841,pull_request
425420814,55d3e3245704cf11ce70fe551100b52747219811,,python-1018_dse-smoke-tests-and-version-check-logic,passed,1065,2018-09-06 19:26:04 UTC,425420815,425420816,425420817,425420818,425420819,push
425417292,3f20dacb96c6c1a03f2313db9a79b02c6ab7ee59,982,master,passed,853,2018-09-06 19:19:26 UTC,425417293,425417294,425417296,425417298,425417299,pull_request
425417265,3a62401556e938390b221e72a1696a64424346d6,,python-1018_dse-smoke-tests-and-version-check-logic,passed,819,2018-09-06 19:16:05 UTC,425417266,425417267,425417268,425417269,425417270,push
425404291,9761c0638ff31baebd76c3f5441a17aa2f72f949,982,master,passed,901,2018-09-06 18:44:31 UTC,425404292,425404293,425404294,425404295,425404296,pull_request
425404270,ccc630951d86164dfc995855d3f11d41e2b0eee7,,python-1018_dse-smoke-tests-and-version-check-logic,passed,864,2018-09-06 19:10:12 UTC,425404272,425404273,425404274,425404275,425404276,push
425401685,838fb959f8698fc00e7bf785d90494742035f808,982,master,failed,334,2018-09-06 18:39:23 UTC,425401686,425401687,425401688,425401689,425401690,pull_request
425329909,af4dcee00e8ea9f5ad7d2f14c8061ea0d95f4c43,,python-1018_dse-smoke-tests-and-version-check-logic,passed,912,2018-09-06 15:44:49 UTC,425329910,425329911,425329912,425329913,425329914,push
425281287,464d5c114daf6ebc9c799d6a895d10b21545dc9e,,python-1018_dse-smoke-tests-and-version-check-logic,passed,889,2018-09-06 13:59:50 UTC,425281288,425281289,425281290,425281291,425281292,push
424966436,882e8ca998a66267a22ddc4649529ce98819d28c,,python-1018_dse-smoke-tests-and-version-check-logic,passed,828,2018-09-05 20:05:46 UTC,424966437,424966438,424966439,424966441,424966443,push
424965492,3c5f06a5b8ba9470adeb16d8e52fd6d524d390f6,,python-1018_dse-smoke-tests-and-version-check-logic,failed,386,2018-09-05 20:03:19 UTC,424965493,424965494,424965495,424965496,424965497,push
424894796,4e0aae02c840fca27c3c3cc230a919e752ec83fb,,python-1018_dse-smoke-tests-and-version-check-logic,passed,836,2018-09-05 17:12:55 UTC,424894797,424894798,424894799,424894800,424894801,push
424083215,5883f92a69bfd754f1154d18131fe6947b72522a,981,master,failed,326,2018-09-03 20:54:52 UTC,424083216,424083217,424083218,424083219,424083220,pull_request
422946718,2b748571e56106245422cfd6bdceb9dbcb83cea9,955,master,failed,594,2018-08-31 09:44:19 UTC,422946720,422946721,422946722,422946723,422946724,422946725,pull_request
422937375,f4b49a9f0aa99a3154c5d0315c1e177140dd93d7,955,master,failed,985,2018-08-31 09:15:21 UTC,422937376,422937377,422937380,422937381,422937382,422937383,pull_request
422932281,cee2df6dc7bb1db76b71694386548f601e6eea88,955,master,failed,950,2018-08-31 09:02:27 UTC,422932282,422932283,422932284,422932285,422932286,422932287,pull_request
422919360,37dfc1d2be00914ebfd0a7d2e0e0ca5b2b6e9074,955,master,failed,932,2018-08-31 08:22:39 UTC,422919362,422919363,422919364,422919365,422919366,422919367,pull_request
422918909,baa7beb36e49134eb48b00cf806d0ad3ea673709,955,master,failed,661,2018-08-31 08:21:02 UTC,422918910,422918911,422918912,422918913,422918914,pull_request
422916590,600bb7dcfa14301d284f6e21b5f86785907c6b1f,955,master,failed,620,2018-08-31 08:14:17 UTC,422916591,422916592,422916593,422916594,422916595,422916596,pull_request
422708371,cea72fefea35dcbf84a0c89d5fbf9e47e829d8f0,,master,failed,320,2018-08-30 18:42:53 UTC,422708372,422708373,422708374,422708375,422708376,push
422638403,a156924c8ccc1b7449161095882bcd99c35a1ab7,,master,passed,924,2018-08-30 16:17:00 UTC,422638404,422638405,422638406,422638410,422638411,push
422638385,a156924c8ccc1b7449161095882bcd99c35a1ab7,,3.15.0,passed,828,2018-08-30 16:16:23 UTC,422638386,422638387,422638388,422638389,422638390,push
422411040,fdaa7e423e45511e0ab2c89f085fa7fc830ac4c5,955,master,failed,898,2018-08-30 07:04:33 UTC,422411041,422411042,422411043,422411044,422411045,422411046,422411047,pull_request
421621480,e74d0edbc2aa6c19657d54b345c9368e677f0edb,955,master,passed,980,2018-08-28 15:17:15 UTC,421621481,421621482,421621483,421621486,421621487,421621488,pull_request
421147103,830955a6645a4767598e5120e4b068f76d750366,,master,passed,870,2018-08-27 15:21:48 UTC,421147104,421147105,421147106,421147107,421147108,push
421147085,830955a6645a4767598e5120e4b068f76d750366,,3.15.0,passed,887,2018-08-27 15:21:46 UTC,421147086,421147088,421147089,421147090,421147091,push
420334258,297207bcd5133fd6bdc18548d09dba850a45764d,,master,passed,885,2018-08-24 23:17:11 UTC,420334259,420334260,420334261,420334262,420334263,push
420334159,c9ee16c5c40b9c0c4862652f9e67414dfe647246,980,master,errored,867,2018-08-24 23:15:50 UTC,420334160,420334161,420334162,420334163,420334164,pull_request
420334151,1e6155b7bf3cc6be08afe7ee266e7eb64d9742ca,,python-3.7-support,failed,324,2018-08-24 23:14:15 UTC,420334152,420334153,420334154,420334155,420334156,push
420317650,9f46c1cb1d7b9c9876ec15855f7d237ae08f758f,980,master,passed,851,2018-08-24 22:12:52 UTC,420317652,420317653,420317654,420317655,420317656,pull_request
420316996,93cc06e589d48ba2a485267e0baf9b0c87e68b42,,python-3.7-support,passed,845,2018-08-24 22:10:21 UTC,420316997,420316998,420316999,420317000,420317001,push
420277475,2653327bd9094c060672afb16bf187315a3c55b6,,python-3.7-support,passed,850,2018-08-24 20:12:26 UTC,420277479,420277483,420277486,420277489,420277494,push
420261387,5ed7422a7cea6046b00619369f96c951258d8653,,python-3.7-support,passed,950,2018-08-24 19:24:14 UTC,420261388,420261389,420261390,420261391,420261392,push
420242315,e517ffd8b7ec072c2f93b7c8f633fe228c52df64,,python-3.7-support,passed,936,2018-08-24 18:30:31 UTC,420242316,420242317,420242318,420242319,420242320,push
420230030,e517ffd8b7ec072c2f93b7c8f633fe228c52df64,,python-3.7-support,passed,900,2018-08-24 17:56:43 UTC,420230031,420230032,420230033,420230034,420230035,push
420201255,aa2699be53d611dd30f6401887654bab613db76b,,master,passed,800,2018-08-24 16:39:17 UTC,420201257,420201260,420201263,420201265,420201266,push
420127753,780a3dc99c22fab02fa7a0622635e9d22e8d367a,979,master,passed,970,2018-08-24 13:54:40 UTC,420127757,420127758,420127759,420127760,420127761,pull_request
420127721,580a122ea28c5d51541633184b3941d0d87c12bf,,python-test-dse-support,passed,952,2018-08-24 13:50:38 UTC,420127722,420127723,420127725,420127727,420127728,push
420126892,10ab2bcdb33550ce4e045e0918cfc5466f440490,979,master,passed,1009,2018-08-24 13:45:57 UTC,420126893,420126894,420126895,420126896,420126898,pull_request
420126876,4390ccf546352e60acb2337927d77182f4f76e51,,python-test-dse-support,errored,702,2018-08-24 13:45:52 UTC,420126877,420126878,420126879,420126880,420126881,push
419201033,7bfd341e07863d1d2790e79a4ad128e91dd3ade7,979,master,passed,802,2018-08-22 14:21:12 UTC,419201034,419201035,419201036,419201037,419201038,pull_request
419185346,23833f6595a7bba9a680129413f97bd7ab12025a,,python-test-dse-support,passed,930,2018-08-22 13:48:49 UTC,419185347,419185348,419185349,419185350,419185351,push
419154522,3b3f7a25e59fdd2d14434f5a5eafd765d93fec2d,,python-test-dse-support,passed,914,2018-08-22 12:39:32 UTC,419154523,419154524,419154525,419154526,419154527,push
419145573,42f0fe148124e316725f21f8e80a36d3133531ca,,python-test-dse-support,passed,1021,2018-08-22 12:16:29 UTC,419145576,419145577,419145578,419145579,419145580,push
418908767,9902dd8c62ae0b0701b8568a3a40f23efc44ef14,,python-test-dse-support,passed,930,2018-08-21 21:46:05 UTC,418908768,418908769,418908770,418908771,418908772,push
418877415,6a30c0261eed9bf7339207ad423776abd5aecd00,,python-test-dse-support,passed,878,2018-08-21 20:23:44 UTC,418877416,418877417,418877418,418877419,418877420,push
418873575,cb96925f4a48ce42f51e1dfb460d1d0015a95764,,python-test-dse-support,passed,1182,2018-08-21 20:15:14 UTC,418873576,418873577,418873578,418873579,418873580,push
418871139,182bf072ebd0ed3b0a7c3f97ea6c802ba305560c,,python-test-dse-support,passed,924,2018-08-21 20:09:52 UTC,418871140,418871141,418871142,418871143,418871144,push
418866951,2e0af5e2a58d2829e588f8089a25c507b5cebb4e,,python-test-dse-support,passed,938,2018-08-21 20:01:05 UTC,418866952,418866953,418866954,418866955,418866956,push
418354430,7bdd8e82346a2a1466db4c3200104fd696079f17,,python-dse-smoke-test,failed,934,2018-08-20 18:15:40 UTC,418354431,418354432,418354433,418354434,418354435,push
417324781,b1b3f86797b2448dd7cce7f3c2d98a582af6fe25,,master,passed,814,2018-08-17 15:50:50 UTC,417324782,417324783,417324784,417324785,417324787,push
417300715,355d3aad30608fdd874827cc232418745b65dd4b,978,master,passed,933,2018-08-17 14:56:04 UTC,417300716,417300717,417300719,417300721,417300723,pull_request
417300697,a6d0626205d940180d7f9c950130ddb2a2ca0ab2,,python-992_virtual-keyspaces,passed,975,2018-08-17 14:53:05 UTC,417300698,417300699,417300700,417300701,417300702,push
417049970,4409cc3074bcc279acc02feff118840bdcef1aff,,4.x-pluggable,failed,855,2018-08-16 23:39:13 UTC,417049971,417049972,417049973,417049974,417049975,417049976,push
417029943,2a358988ae382670167dd61f9fa4a486c76b852e,965,4.x-pluggable,failed,923,2018-08-16 22:25:49 UTC,417029944,417029945,417029946,417029947,417029948,417029949,pull_request
417029921,0824a95ca63b94c71211f55164c350f36aa1f8be,,python-960,failed,948,2018-08-16 22:23:03 UTC,417029922,417029923,417029924,417029925,417029926,417029927,push
416988213,3da75a3eb0fc9470ec0b67f901f967418e270cf9,965,4.x-pluggable,failed,1017,2018-08-16 20:28:03 UTC,416988214,416988215,416988216,416988217,416988218,416988219,pull_request
416988199,4e5717a76c3d8bc161d3a2b4b841e681033970bd,,python-960,failed,931,2018-08-16 20:28:00 UTC,416988201,416988202,416988203,416988204,416988205,416988206,push
416984005,470348a6e5e5b3b9f30bbb42495a4cebc761ab48,978,master,passed,837,2018-08-16 20:23:12 UTC,416984006,416984007,416984008,416984009,416984010,pull_request
416983989,4562ca8b4d8bd54b265ff3c6656fbb9b9cf5d7aa,,python-992_virtual-keyspaces,passed,852,2018-08-16 20:20:24 UTC,416983990,416983991,416983992,416983993,416983994,push
416983124,372548f2732068e83846754687602508fbc8c62e,965,4.x-pluggable,failed,905,2018-08-16 20:16:34 UTC,416983129,416983130,416983132,416983134,416983136,416983139,pull_request
416983094,e97ff11c52c610f87c47a601253385b566cdc4b5,,python-960,failed,985,2018-08-16 20:13:49 UTC,416983095,416983096,416983097,416983098,416983099,416983100,push
416982419,2599c0fc7620a18df81e4aa4be2dee9f8e285ff8,,python-960,errored,697,2018-08-16 20:11:23 UTC,416982420,416982421,416982422,416982423,416982424,416982425,push
416978436,c2bf4562df065592f7e71ae516c5537f0d61bef2,978,master,failed,387,2018-08-16 20:00:56 UTC,416978437,416978438,416978439,416978440,416978441,pull_request
416948284,c1b704a9b411c6ce0179fababec4f12f0ae15b49,,python-992_virtual-keyspaces,failed,416,2018-08-16 18:40:22 UTC,416948285,416948286,416948287,416948288,416948289,push
416591209,bf4876ff68444a17008eda45fa4750037e7a4845,977,master,failed,325,2018-08-15 23:28:41 UTC,416591210,416591211,416591212,416591213,416591214,pull_request
416558900,0cad0ba2d65ef02878e606c8292a2a24778da238,,python-992_virtual-keyspaces,failed,404,2018-08-15 21:45:36 UTC,416558901,416558902,416558903,416558904,416558905,push
416519927,9dc55db76af4848b1795a915a2284554c9ffaf1d,,python-992_virtual-keyspaces,passed,921,2018-08-15 20:06:57 UTC,416519928,416519929,416519930,416519931,416519932,push
416306206,e7fd3c266fc13772615d73ba8caaf626e6e4cee0,976,master,failed,328,2018-08-15 10:47:33 UTC,416306207,416306208,416306209,416306210,416306211,pull_request
413698203,3360557fffc986fd30babd727bcfc5e70124cc2b,,4.x-pluggable,errored,893,2018-08-08 17:34:14 UTC,413698204,413698205,413698208,413698209,413698210,413698211,push
413120131,8d9fb3979d50af4305802bdb2ba1ca9ca07fe79a,,master,errored,815,2018-08-07 13:38:32 UTC,413120132,413120133,413120134,413120135,413120136,push
412866435,9901e0d5f990e9cbe1d47cf5d40a007300be7a35,974,master,passed,832,2018-08-06 22:32:51 UTC,412866436,412866437,412866438,412866439,412866440,pull_request
412866422,7e92d2fc876ad1d4513bfa65e4fed740b39f477f,,python-use-bionic-image,passed,808,2018-08-06 22:50:04 UTC,412866424,412866426,412866428,412866431,412866432,push
411974730,58246f27182571650695aec7102f14cc9be9c921,975,master,failed,373,2018-08-04 01:19:23 UTC,411974731,411974732,411974733,411974734,411974735,pull_request
411455713,88b23b3f15eadd6f799f0bcd4b1b514e2ef1888f,,python-use-bionic-image,failed,940,2018-08-02 20:14:23 UTC,411455714,411455715,411455716,411455717,411455718,push
411455702,7df3b7851a6ff7753ae18e06225b991203ba08b3,974,master,failed,853,2018-08-02 20:11:58 UTC,411455703,411455704,411455705,411455706,411455707,pull_request
411455256,4200d097612d4df5f86540ec3b85bc88047ee097,974,master,canceled,-36,2018-08-02 20:10:57 UTC,411455257,411455258,411455259,411455260,411455261,pull_request
411455045,86ef413ebbc69984c2c697b9122b48fa0e5b61c6,,python-use-bionic-image,errored,889,2018-08-02 20:08:58 UTC,411455046,411455047,411455048,411455049,411455050,push
409454340,17e88b2a6e5277bfa8c93e30889362976d1230f3,973,master,failed,354,2018-07-29 06:09:43 UTC,409454341,409454342,409454343,409454344,409454345,pull_request
409228417,41b3913d51980ff6f20348b127dc142c07e07e71,973,master,failed,344,2018-07-28 08:22:30 UTC,409228418,409228419,409228420,409228421,409228422,pull_request
406411492,e0e003f7c4842a315a8096926723455b5275587f,,master,failed,540,2018-07-20 20:33:23 UTC,406411493,406411494,406411495,406411496,406411497,push
406409799,1dcc85a235a6c0734cd18191680af0931d56117a,,python-fix-master-loop-tests,failed,409,2018-07-20 20:31:51 UTC,406409800,406409802,406409803,406409806,406409808,push
406409758,65a8abc5bbe97bd30644ea0ac75c1646f1d5b202,972,master,errored,425,2018-07-20 20:26:33 UTC,406409762,406409763,406409764,406409765,406409766,pull_request
406277630,0e8e16560d8ff0a96c79cd892d8141109ff513cb,972,master,failed,424,2018-07-20 14:36:22 UTC,406277632,406277633,406277639,406277640,406277642,pull_request
406263780,ad83529070c9a74846a8ce18de0ec573a10c35fa,,python-fix-master-loop-tests,failed,960,2018-07-20 14:03:10 UTC,406263792,406263794,406263805,406263814,406263820,push
405994662,b9668a38399d352a6adca99324859ca78e05cda9,,python-fix-master-loop-tests,failed,895,2018-07-19 21:02:08 UTC,405994664,405994667,405994668,405994669,405994671,push
405912372,9677da8dc6e8ffaa4bcc4d2a1b39a2a6170a7513,,python-fix-master-loop-tests,passed,880,2018-07-19 17:33:11 UTC,405912375,405912378,405912382,405912384,405912386,push
405861176,ecfa7ef0dd4948b853c252318a406dbfaf753592,,python-fix-master-loop-tests,passed,824,2018-07-19 15:27:33 UTC,405861177,405861178,405861179,405861180,405861181,push
405854080,fc0803ad4697cf83828e9af077d7062c347930aa,,python-fix-master-loop-tests,passed,859,2018-07-19 15:10:59 UTC,405854087,405854089,405854092,405854093,405854095,push
405812606,5bd1cea6a3e2ca48d5b2b278b371689e8fb67f8a,,master,errored,840,2018-07-19 13:37:58 UTC,405812625,405812645,405812656,405812661,405812662,push
405407628,8c51c1b038a20e754b2cbb6e5065807a2fd74ac0,,python-992_virtual-keyspaces,passed,862,2018-07-18 15:25:33 UTC,405407629,405407630,405407631,405407632,405407633,push
403638739,44934507a1ff53345a5fd4f04cfcc74f2e0e8606,,python-992_virtual-keyspaces,errored,366,2018-07-13 16:40:30 UTC,403638740,403638741,403638742,403638743,403638744,push
403574785,353ca785f83527a3cca0a2c0e8d142ac99eab874,971,master,passed,1023,2018-07-13 14:15:33 UTC,403574786,403574787,403574788,403574789,403574790,pull_request
403316313,53c7fd61c45f4a73e8b6a0ff15b27da83091b293,,python-fix-trunk-tests,passed,964,2018-07-12 21:42:22 UTC,403316314,403316315,403316316,403316317,403316318,push
403283241,5016b0a47ca5ee9f799b9fa87f666e92913084de,,python-fix-trunk-tests,failed,326,2018-07-12 20:15:35 UTC,403283242,403283243,403283244,403283245,403283246,push
401718368,da74ff805d8e88fac1dbd1bd6baa565803a57080,970,master,passed,853,2018-07-09 11:29:45 UTC,401718369,401718370,401718371,401718372,401718373,pull_request
401718022,1f01bcde7c3287a42b14f04fc1584622fe752341,969,master,errored,715,2018-07-09 11:27:21 UTC,401718023,401718024,401718025,401718026,401718027,pull_request
401717777,d43294e6d092870c4bde768e6e63385d84ab6847,969,master,errored,800,2018-07-09 11:26:04 UTC,401717778,401717779,401717780,401717781,401717782,pull_request
401716334,38a26e5b0eeb506049e2e21d97c2c08e9cb1abd9,969,master,errored,300,2018-07-09 11:21:53 UTC,401716335,401716336,401716337,401716338,401716339,pull_request
399716049,6963971a307a9311b980c28351842a4eb47bb44b,968,master,failed,350,2018-07-03 18:51:18 UTC,399716050,399716051,399716052,399716053,399716054,pull_request
397501974,5de8503d01a4cbf2bddafa3af3b009c24347fbef,964,4.x-pluggable,failed,936,2018-06-27 19:41:53 UTC,397501975,397501976,397501977,397501978,397501979,397501980,pull_request
397501957,3fcd1a48afdc99f39afea7954eaa556c338669cb,,python-957,failed,469,2018-06-27 19:40:46 UTC,397501958,397501959,397501960,397501961,397501962,397501963,push
397034925,0a37d8254c85e704a4eec92ce7df30223b75cb73,964,4.x-pluggable,failed,948,2018-06-26 19:20:02 UTC,397034927,397034929,397034931,397034932,397034934,397034935,pull_request
397034884,db114510b7431b2b2fc05717a82a7706d9bdb287,,python-957,failed,1031,2018-06-26 19:15:43 UTC,397034885,397034886,397034887,397034888,397034889,397034890,push
396905066,7ffea2fa98a5bf816d54f3b2bcaa5f308b0f7dc6,964,4.x-pluggable,failed,1071,2018-06-26 14:07:44 UTC,396905067,396905068,396905069,396905070,396905071,396905072,pull_request
396905036,9fe072820c0ca14aad7051e938ba41f9ce812b7a,,python-957,failed,492,2018-06-26 14:06:07 UTC,396905037,396905038,396905039,396905040,396905041,396905042,push
396892092,60ae53d8500f339e209c4a0e18ea00c796306168,964,4.x-pluggable,failed,1023,2018-06-26 13:39:42 UTC,396892096,396892099,396892109,396892110,396892126,396892131,pull_request
396892004,977fb82fc3b5b5af35cbc671a1bd7bf85bc9c211,,python-957,failed,539,2018-06-26 13:38:35 UTC,396892005,396892006,396892007,396892008,396892009,396892010,push
396471567,6e232b4e06a520672783340dd5d406d199d5c94e,,ssl-test,passed,806,2018-06-25 16:00:23 UTC,396471568,396471569,396471571,396471573,396471574,push
396453303,850f218b5cde1fd000338517372395f690097153,,master,passed,1118,2018-06-25 15:18:05 UTC,396453304,396453305,396453307,396453309,396453311,push
395630657,1b86ea1a7a029671809f81567aa973577f2af056,966,master,passed,930,2018-06-22 20:52:00 UTC,395630658,395630659,395630660,395630661,395630662,pull_request
395630635,17c55e6daecf2a4674d9d22730b792d67f1230f4,,python-fix-keyspace-test-hang,passed,1046,2018-06-22 20:49:06 UTC,395630636,395630637,395630638,395630639,395630640,push
394720840,f89dc230bcb5a735d146be41e8e853299ccb6b16,967,master,passed,909,2018-06-20 20:06:28 UTC,394720841,394720842,394720843,394720844,394720845,pull_request
394720367,ca60ff4a65bffe8727f06930370416b1b2c7c802,966,master,passed,934,2018-06-20 20:03:12 UTC,394720368,394720369,394720370,394720371,394720372,pull_request
394720111,a785c7911945257489b85baaac3c4a2fe3289f85,,python-fix-keyspace-test-hang,passed,974,2018-06-20 19:59:48 UTC,394720112,394720113,394720114,394720115,394720116,push
394719723,4d8cb688dc6008bb26c1797b513bd76f036ab31f,,python-test_cluster-pep8-fixes,passed,831,2018-06-20 19:57:19 UTC,394719724,394719725,394719726,394719727,394719728,push
394719604,4d8cb688dc6008bb26c1797b513bd76f036ab31f,,python-fix-keyspace-test-hang,errored,701,2018-06-20 19:55:56 UTC,394719605,394719606,394719607,394719608,394719609,push
394337767,2dce5aa087aac4160317b4cb32131c20bd5bd5a8,965,python-957,failed,797,2018-06-19 23:14:35 UTC,394337768,394337769,394337770,394337771,394337772,394337773,pull_request
394337757,4a08e62a848fd94cadd28e99883645e3adfe9e14,,python-960,failed,867,2018-06-19 23:12:14 UTC,394337758,394337759,394337760,394337761,394337762,394337763,push
394322034,3ab34d1e9ced4924cfa190c1af62a87b960a8f3f,965,python-957,failed,835,2018-06-19 22:12:58 UTC,394322035,394322036,394322037,394322038,394322039,394322040,pull_request
394321999,c986835ba0def10a5fc6a9988d715cd1379d081f,,python-960,failed,468,2018-06-19 22:11:37 UTC,394322000,394322001,394322002,394322003,394322004,394322005,push
394288116,b7df7594eaaac82164f280894909fe1fdd1ca593,965,python-957,failed,1292,2018-06-19 20:45:19 UTC,394288117,394288118,394288119,394288120,394288121,394288122,pull_request
394288084,3bc70d4e0f4c6c241c29eb4e6a156269628a6567,,python-960,failed,1065,2018-06-19 20:42:53 UTC,394288085,394288086,394288087,394288088,394288089,394288090,push
394284550,0a032362818aeb702a9c7d50c5f4ba021fcf2dba,965,python-957,failed,1463,2018-06-19 20:35:49 UTC,394284551,394284552,394284553,394284554,394284555,394284556,pull_request
394284529,797e9ab6416dd09e53e7b49bf6a9cd329b4f71ae,,python-960,failed,522,2018-06-19 20:34:04 UTC,394284530,394284531,394284532,394284533,394284534,394284535,push
394280724,a065922fabd257590e21634c1d81f980f41d9a63,965,python-957,failed,1121,2018-06-19 20:25:10 UTC,394280725,394280726,394280727,394280728,394280729,394280730,pull_request
394277265,79cdbe4e0432b6804272261e2e7bc07209ecb5a9,,python-960,failed,1272,2018-06-19 20:18:41 UTC,394277266,394277267,394277268,394277269,394277270,394277271,push
394076179,6d83a609ffa7616c8d894e4612b2650029abb3b4,955,master,passed,1037,2018-06-19 12:14:06 UTC,394076180,394076181,394076182,394076183,394076184,394076185,pull_request
393825268,4950fb1c6508fb0077fe454b35174e05a8df33b0,,python-895_require-only-one-resolved-contact-point,failed,367,2018-06-18 20:54:57 UTC,393825269,393825270,393825271,393825272,393825273,push
393663569,74f7c4bde894bfc263bd240359b7db5e0959d0b7,964,4.x-pluggable,failed,1210,2018-06-18 14:30:56 UTC,393663570,393663571,393663572,393663573,393663574,393663575,pull_request
393663545,e8963b7e5ee245c0b9df4f7724cb3831535e8e80,,python-957,failed,1072,2018-06-18 14:28:43 UTC,393663546,393663547,393663548,393663549,393663550,393663551,push
392961889,c2fab936d4d3be92df8eb8c24a1f8f1735f6f7ee,964,4.x-pluggable,failed,1009,2018-06-16 01:22:38 UTC,392961890,392961891,392961892,392961893,392961894,392961895,pull_request
392961882,f6e459fbc129181d7e2b5076c6b4b6a3deeaff06,,python-957,failed,519,2018-06-16 01:21:32 UTC,392961883,392961884,392961885,392961886,392961887,392961888,push
392948324,598fe435e9af9486ba95ccacbba7ee516558299e,964,4.x-pluggable,failed,902,2018-06-16 00:04:35 UTC,392948325,392948326,392948327,392948328,392948329,392948330,pull_request
392948311,172c128ff5aebfc6c1b3649a608d69fd31857fa9,,python-957,failed,700,2018-06-16 00:02:50 UTC,392948312,392948313,392948314,392948315,392948316,392948317,push
392947202,574f604efb893b165407cad9faadf153a959ab61,964,4.x-pluggable,failed,1038,2018-06-15 23:58:05 UTC,392947203,392947204,392947205,392947206,392947207,392947208,pull_request
392947136,f1ba5440f3e17a2402115510a8c22e071e93f559,,python-957,failed,614,2018-06-15 23:56:35 UTC,392947137,392947138,392947139,392947140,392947141,392947142,push
392851259,dc8da61f3d340feeea503810fff7ab358bdebff5,964,4.x-pluggable,failed,1224,2018-06-15 19:13:53 UTC,392851261,392851262,392851263,392851264,392851266,392851267,pull_request
392851252,3945de651656a6212b9052c1b5914177f402a67c,,python-957,failed,800,2018-06-15 19:12:36 UTC,392851253,392851254,392851255,392851256,392851257,392851258,push
392796202,8ed3c706982e0e442cba73826f9d36c4d4169b56,,python-895_require-only-one-resolved-contact-point,failed,1622,2018-06-15 16:47:15 UTC,392796203,392796204,392796205,392796206,392796207,push
392795850,54acf4754b9e963fe8e864a735aa157d96fd3791,,python-895_require-only-one-resolved-contact-point,canceled,0,,392795851,392795852,392795853,392795854,392795855,push
392795755,8ed3c706982e0e442cba73826f9d36c4d4169b56,,python-895_require-only-one-resolved-contact-point,canceled,0,,392795756,392795757,392795758,392795759,392795760,push
392742022,9a23b46b7d8c4dbf50b958cafb1d2b5ef768d673,,ssl-test,failed,1790,2018-06-15 14:34:15 UTC,392742023,392742024,392742025,392742026,392742027,392742028,push
392467311,14b810836fe6b73a591ec43c1a8aabed4287fcc2,,python-loop-test-fix-attempt,passed,821,2018-06-14 21:58:39 UTC,392467312,392467313,392467314,392467315,392467316,push
392400112,911b91935ee5a44e9667d8efb10d8257d7408a23,,ssl-test,failed,964,2018-06-14 19:02:40 UTC,392400113,392400114,392400115,392400116,392400117,392400118,push
392373701,906cd305a9c629248def8dafa7a6e2cc99558f87,,ssl-test,failed,712,2018-06-14 17:57:07 UTC,392373702,392373703,392373704,392373705,392373706,392373707,push
392286313,43e85accd446d1695232c171ba069330cee42878,,master,passed,1180,2018-06-14 14:39:05 UTC,392286314,392286315,392286316,392286317,392286318,push
392249986,c45743a438e058d0179fe527ea47a83c61a26060,,master,passed,942,2018-06-14 13:23:08 UTC,392249987,392249988,392249989,392249990,392249991,push
391973249,ec5ba59cf2df2817dae13246703f96bd40f706bc,,ssl-test,failed,380,2018-06-13 21:48:25 UTC,391973250,391973251,391973252,391973253,391973254,391973255,push
391911142,c360ceb8dd12a9a0eebffe94f2eabeba0473a963,955,master,failed,948,2018-06-13 19:25:18 UTC,391911143,391911144,391911145,391911146,391911147,391911148,391911149,pull_request
391910679,9d2844a4b0486349c2f49342f4008cda1f6ff2fc,953,master,passed,794,2018-06-13 19:22:55 UTC,391910680,391910681,391910682,391910683,391910684,pull_request
391458592,d0b3a09d17b4185717a3aeef9957bdf87f19eb82,951,master,failed,1020,2018-06-12 20:58:32 UTC,391458593,391458594,391458595,391458596,391458597,391458598,pull_request
391458574,16ae36b52cad2bd9e96cd60c5ab5ce3ffb47f809,,python-new-row_factory,failed,1051,2018-06-12 20:54:40 UTC,391458575,391458576,391458577,391458578,391458579,391458580,push
391282288,3443e165c7bbed71cef312f5192ec92e6fce4252,951,master,failed,434,2018-06-12 14:04:55 UTC,391282289,391282290,391282291,391282292,391282293,391282294,pull_request
391282229,0b889eba55c3b33ed038b306f7538fcdcb5c6976,,python-new-row_factory,failed,1107,2018-06-12 14:01:09 UTC,391282230,391282231,391282232,391282233,391282234,391282235,push
390934263,726dfd5c82f63db5053b5daaf74a8f9df12ed1e1,964,4.x-pluggable,failed,965,2018-06-11 19:25:36 UTC,390934264,390934265,390934266,390934267,390934268,390934269,pull_request
390934241,8aabe15f78277330b67870c6bb373f40c8f92cc1,,python-957,failed,1022,2018-06-11 19:22:22 UTC,390934242,390934243,390934244,390934245,390934246,390934247,push
390920863,06dbf09ae88602721a457212605d2c31f8e317d1,964,4.x-pluggable,failed,487,2018-06-11 18:51:25 UTC,390920864,390920865,390920866,390920867,390920868,390920869,pull_request
390920394,ebc3e136cde34f8a8693004161d61f1f558d73b8,,python-957,failed,978,2018-06-11 18:47:48 UTC,390920395,390920396,390920397,390920398,390920399,390920400,push
390916200,b3a45dadadb8807060cdabdf6f52075a7e3958f7,,4.x,failed,967,2018-06-11 18:43:58 UTC,390916201,390916202,390916203,390916204,390916205,390916206,push
390916154,398f1bea20ae76fcd9cad7d5317ec31cda27c951,,4.x-pluggable,failed,1023,2018-06-11 18:39:10 UTC,390916155,390916156,390916157,390916158,390916159,390916160,push
390896581,7a3b23e3f41b7572127fb9a0add5016b943d6ebe,,python-957,failed,448,2018-06-11 17:50:25 UTC,390896582,390896583,390896584,390896585,390896586,390896587,push
389879971,302601861eed6295610fad05081611379c38f916,,python-957,failed,339,2018-06-08 19:37:09 UTC,389879972,389879973,389879974,389879975,389879976,389879977,push
389709412,8c1a484e2fcab9e6fc8895102b015f772539b5b5,,python-957,failed,454,2018-06-08 12:47:07 UTC,389709413,389709414,389709415,389709416,389709417,389709418,push
389661973,c44a3b3280ac65a16ac5b03e5a99395738a922d3,,python-957,failed,393,2018-06-08 10:35:23 UTC,389661974,389661975,389661976,389661977,389661978,389661979,push
389509117,0779238f27fbe48268d6cbedba081b6fc8628fbd,,python-957,failed,304,2018-06-08 00:52:00 UTC,389509118,389509119,389509120,389509121,389509122,389509123,push
389436630,56f429ce0f1611bbf9e455705f4e4c59a6b8804d,,python-957,failed,335,2018-06-07 21:02:13 UTC,389436631,389436632,389436633,389436634,389436635,389436636,push
389030373,58623ef38933a55e024bf29b4487857a8b716d22,,4.x-pluggable,failed,890,2018-06-07 00:09:39 UTC,389030374,389030375,389030376,389030377,389030378,389030379,push
389028298,940d86fba91aa9263a2aae11496735688d9deca1,,4.x-pluggable,failed,959,2018-06-07 00:01:55 UTC,389028299,389028300,389028301,389028302,389028303,389028304,push
388929895,b0da901df85438261b46a3dd6d1f25e60c0f20a0,,4.x-pluggable,failed,857,2018-06-06 19:16:23 UTC,388929896,388929897,388929900,388929901,388929902,388929903,push
388808210,91a7b2dd5eb7c9af070fab5f7acfcc64440dc1c8,,4.x-pluggable,failed,940,2018-06-06 14:52:52 UTC,388808211,388808212,388808213,388808214,388808215,388808216,push
388494706,474a8007f7bee70e3def8abc47f5aa27b9233677,,4.x-pluggable,failed,883,2018-06-05 21:38:34 UTC,388494707,388494708,388494709,388494710,388494711,388494712,push
388493796,810abd7136fa7be9c723d24554a8c3e2d313c4f4,,4.x-pluggable,failed,923,2018-06-05 21:35:53 UTC,388493797,388493798,388493799,388493800,388493801,388493802,push
388458446,cb045ff6b89e1e637b6cbae0f69c8bd82a1175a2,963,4.x-pluggable,failed,920,2018-06-05 20:09:58 UTC,388458447,388458448,388458449,388458450,388458451,388458452,pull_request
388458120,4ed0bcc87fcfab667189c967e1bd4f7578241e94,,python-958,failed,1061,2018-06-05 20:06:27 UTC,388458121,388458122,388458123,388458124,388458125,388458126,push
388456468,10a079fe0ee4bf66160d7e9e3b02a2c0c11bbb88,,python-958,failed,955,2018-06-05 20:03:42 UTC,388456470,388456471,388456473,388456474,388456476,388456477,push
388456117,8d5f606c5d7490e967e43aee9ae54371606d9213,,4.x-pluggable,failed,955,2018-06-05 20:01:16 UTC,388456118,388456119,388456120,388456121,388456122,388456123,push
388440477,c929dfe3e4a0f8abb5a1f64a7f5e9b5cd1268c99,962,4.x-pluggable,failed,949,2018-06-05 19:25:10 UTC,388440478,388440479,388440480,388440481,388440482,388440483,pull_request
388439250,a45c2a6bbcb522c2f3c50ddd39de2dde64ed5471,,python-956,failed,874,2018-06-05 19:22:20 UTC,388439251,388439252,388439253,388439254,388439255,388439256,push
388436289,1c1b71fd613796faaed074afffba4cbe12d77f6a,,python-956,canceled,0,,388436290,388436291,388436292,388436293,388436294,388436295,push
388435970,1c1b71fd613796faaed074afffba4cbe12d77f6a,,4.x-pluggable,failed,909,2018-06-05 19:19:39 UTC,388435971,388435972,388435973,388435974,388435975,388435976,push
388434800,1c1b71fd613796faaed074afffba4cbe12d77f6a,,4.x,failed,1029,2018-06-05 19:16:10 UTC,388434801,388434802,388434803,388434804,388434805,388434806,push
388434656,d547d3f57a9ef60b12989ab3f13f3de7322fb16e,961,4.x,errored,335,2018-06-05 19:14:36 UTC,388434657,388434658,388434659,388434660,388434661,388434662,pull_request
388434116,2e5a53a0022e156dd03b3c87daa8daf66b72242b,,4.x,canceled,0,,388434117,388434118,388434119,388434120,388434121,388434122,push
388434088,25edb0b96bef2f49d47c7d2dbcfd1587eda49f04,960,4.x,errored,314,2018-06-05 19:12:47 UTC,388434089,388434090,388434091,388434092,388434093,388434094,pull_request
388434000,bafbd03a4e917d611fd1b228199b03a057df40e4,,revert-956-python-956-tests,failed,960,2018-06-05 19:09:34 UTC,388434001,388434002,388434003,388434004,388434005,388434006,push
388433669,f4b35a8c680d98570b0f52112ef9c37bddce1cca,,revert-931-python-956,failed,993,2018-06-05 19:05:41 UTC,388433670,388433671,388433672,388433673,388433674,388433675,push
388432982,c8333c577c0313e88a6b3f877c342f1139647d96,,4.x,failed,1018,2018-06-05 19:03:18 UTC,388432983,388432984,388432985,388432986,388432987,388432988,push
388432349,7a64cc5d7624c58d112a427444547c67c6c75aeb,959,4.x,errored,418,2018-06-05 19:00:50 UTC,388432350,388432351,388432352,388432353,388432354,388432355,pull_request
388431096,ae1dbce9e26955e01fd0fdde36aede6614446046,957,4.x,failed,992,2018-06-05 18:58:08 UTC,388431097,388431098,388431099,388431100,388431101,388431102,pull_request
388431082,b23f1b2d3b4bfd608ec25e8029490c263615581e,,python-954,failed,391,2018-06-05 18:57:07 UTC,388431083,388431084,388431085,388431086,388431087,388431088,push
388403845,a726c6e6e9a2ed93f250a7316bec6a708436a156,,master,failed,879,2018-06-05 17:48:46 UTC,388403846,388403847,388403848,388403849,388403850,388403851,push
388355346,fe306c230bb40381a31d7c87ec7b62e1ae77b5d6,950,master,failed,941,2018-06-05 15:53:29 UTC,388355347,388355349,388355351,388355352,388355353,388355354,pull_request
388355271,5452e1e519127c8c50d8d82cfb6bc73cde85a352,,python-973,failed,860,2018-06-05 15:51:04 UTC,388355272,388355273,388355274,388355275,388355276,388355277,push
387985623,2f6a917152e0f9bf870908d48f36ee640c2d6298,951,master,failed,344,2018-06-04 20:48:53 UTC,387985624,387985625,387985626,387985627,387985628,387985629,pull_request
387985596,b9460c97d9bea57152a87c70c3ef6655e386be6a,,python-new-row_factory,failed,351,2018-06-04 20:48:51 UTC,387985597,387985598,387985599,387985600,387985601,387985602,push
386857306,cea2bb12a12d7d7b8c2679187e0f3aafba6b40cc,,dev-guide,failed,991,2018-06-01 20:41:06 UTC,386857307,386857308,386857309,386857310,386857311,386857312,push
386804686,4e9eb5a4318c6de462c2dff439ba7dc1781dbe85,,revert-946-python-958,failed,1033,2018-06-01 18:30:22 UTC,386804687,386804688,386804689,386804690,386804691,386804692,push
386296015,29e7f8fd9ae5b5214c9bf2dc76a7eb12ff09a501,,master,failed,361,2018-05-31 17:54:22 UTC,386296016,386296017,386296018,386296019,386296020,386296021,push
385927851,58da9d119eb1b2e3ad77b017a5c611383115c19e,958,master,failed,333,2018-05-30 22:33:04 UTC,385927852,385927853,385927854,385927855,385927856,385927857,pull_request
383251919,3ad0c418ebf99278c40bdfc2b19fdd300f9cb94a,,4.x,failed,1043,2018-05-24 15:29:40 UTC,383251920,383251921,383251922,383251923,383251924,383251925,push
383220363,778691930adf0e75de1586a20737aef74ee76997,905,4.x,failed,1043,2018-05-24 14:26:35 UTC,383220364,383220365,383220366,383220367,383220368,383220369,pull_request
383220319,b02dfbc8dae0cc4d5a774af72b416c00bc850ea9,,python-506,failed,971,2018-05-24 14:23:56 UTC,383220320,383220321,383220322,383220323,383220324,383220325,push
383189456,9df421e893638b4cdb03c38ac6bf656208cf5443,957,4.x,failed,1103,2018-05-24 13:20:13 UTC,383189457,383189458,383189459,383189460,383189461,383189462,pull_request
383189425,b69a5e26c2fca488fd2e4ebd036b41da2a8ef01a,,python-954,failed,583,2018-05-24 13:18:45 UTC,383189426,383189427,383189428,383189429,383189430,383189431,push
382862269,38f00e6b7c349101c38afbd542eec32541af0722,957,4.x,failed,995,2018-05-23 20:13:13 UTC,382862270,382862271,382862272,382862273,382862274,382862275,pull_request
382862238,e6eaaf6c47fb9f4650b924fd650b82754c626a2f,,python-954,failed,1132,2018-05-23 20:13:11 UTC,382862239,382862240,382862241,382862242,382862243,382862244,push
382762740,7066500c244157aa609ddc58621c3990b504c18f,884,master,failed,578,2018-05-23 16:25:41 UTC,382762741,382762742,382762743,382762744,382762745,382762746,pull_request
382678005,9ec3c5fc3d230945b214f49f5d2342840333d516,957,4.x,failed,392,2018-05-23 13:36:41 UTC,382678006,382678007,382678008,382678009,382678010,382678011,pull_request
382676397,165693b8d8bc2a3b09437d3074b655059df249fa,,python-954,failed,919,2018-05-23 13:33:13 UTC,382676398,382676399,382676400,382676401,382676402,382676403,push
382283257,4e8c0cebf2b99e8721f34cea1c0e72fbaca6f191,,4.x,failed,367,2018-05-22 17:53:58 UTC,382283258,382283259,382283260,382283261,382283262,382283263,push
382283044,4544e52d9217a730620107dc6229e26c8355699e,956,4.x,errored,226,2018-05-22 17:52:17 UTC,382283045,382283046,382283047,382283048,382283049,382283050,pull_request
382235336,89113b51c123fd8ed3a6cf172606a2b3ba09d269,955,master,failed,985,2018-05-22 16:02:20 UTC,382235337,382235338,382235339,382235340,382235341,382235342,382235343,pull_request
382232223,1747723d9e704c2fa146ece6f2c4becb0634b618,955,master,errored,949,2018-05-22 15:55:37 UTC,382232224,382232225,382232226,382232227,382232228,382232229,382232230,pull_request
382188440,590ad0f7cdf2cc82d584b35b8b6e36bd6ce8f93f,953,master,passed,1114,2018-05-22 14:29:14 UTC,382188441,382188442,382188443,382188444,382188445,pull_request
381990355,ff4ed1dc6b37c38338e4eb598b0616d2bdb57177,955,master,errored,990,2018-05-22 05:02:11 UTC,381990356,381990357,381990358,381990359,381990360,381990361,381990362,pull_request
381988249,ef05005345511217c8451c0fd4aa18b8539092e9,953,master,passed,840,2018-05-22 04:49:54 UTC,381988250,381988251,381988252,381988253,381988254,pull_request
381845296,eb8888e752a30bcd17dc6f9aa798727a390b67d6,,master,failed,1046,2018-05-21 20:14:15 UTC,381845297,381845298,381845299,381845300,381845301,381845302,push
381829776,6000ccac4e1d945d5b3a364ec022c7751b808f43,954,master,failed,847,2018-05-21 19:34:31 UTC,381829777,381829779,381829781,381829782,381829783,381829784,pull_request
381819240,47b4d7cb916dcb3196ba844c334113e8f26fcc70,,replace-lz4-test,errored,1341,2018-05-21 19:05:57 UTC,381819241,381819242,381819243,381819244,381819245,381819246,push
381810148,fbebdfa67c5f38d9b2aee50fd8ab4ce2cd559f87,,python-956-tests,failed,850,2018-05-21 18:42:38 UTC,381810149,381810150,381810151,381810152,381810153,381810154,push
381768498,cb85d9c4974f08824451e1e6567072fae1691f0e,953,master,failed,862,2018-05-21 17:02:37 UTC,381768499,381768500,381768501,381768502,381768503,pull_request
381754405,32d6852b8197fa7e70c1a30c9e42d27a956c789e,953,master,failed,908,2018-05-21 16:30:28 UTC,381754406,381754407,381754408,381754409,381754410,381754411,pull_request
381715484,98dbc8e0589f7913b2c764afd7ca4026bf1a21a5,,travis_test,failed,1574,2018-05-21 15:07:15 UTC,381715485,381715486,381715487,381715488,381715489,381715490,381715491,push
381709732,a6a130118ecdc71ebaedb84e8e6093f928a5f569,,travis_test,failed,1352,2018-05-21 14:54:21 UTC,381709733,381709734,381709735,381709736,381709737,381709738,381709739,push
381707987,6ef3f1d113ecfc58e328119d7683c0acff0ed392,,travis_test,failed,974,2018-05-21 14:49:55 UTC,381707988,381707989,381707990,381707991,381707992,381707993,push
381705960,fd60ef127fd12a138e1012e7293df78eee29385b,,travis_test,errored,860,2018-05-21 14:45:38 UTC,381705973,381705976,381705986,381705987,381705988,381705989,push
381703867,8e3eaf83b0e97f8d7eab6e92f8c3a978b140b978,,python-956-tests,failed,1023,2018-05-21 14:41:28 UTC,381703868,381703869,381703870,381703871,381703872,381703873,push
381141220,bd0f29bd2af25797240973505862e65b8b8f5632,,python-954,failed,443,2018-05-19 18:39:35 UTC,381141221,381141222,381141223,381141224,381141225,381141226,push
381122144,1c1b4362191de5996ae1a60c072b2224cd7d9e3c,,python-954,failed,464,2018-05-19 17:16:38 UTC,381122145,381122146,381122147,381122148,381122149,381122150,push
381113396,6cb61e7ca04e0d3f8d7498772c60b9edbc76122d,953,master,failed,1059,2018-05-19 16:40:24 UTC,381113397,381113398,381113399,381113400,381113401,381113402,pull_request
380865008,340d8a9adce2db463c8fd8423c47f4e46bbbfb25,952,master,failed,973,2018-05-18 20:25:16 UTC,380865009,380865010,380865011,380865012,380865013,380865014,pull_request
380851463,b4f5224e3fb1b0ab9f8a893cb61f8f86a4aef554,,fix-lz4test,failed,884,2018-05-18 19:49:28 UTC,380851464,380851465,380851466,380851467,380851468,380851469,push
380851140,98de5613e1ae6cd819cbda7d335151c2a7b76a3e,,python-954,failed,347,2018-05-18 19:48:18 UTC,380851141,380851142,380851143,380851144,380851145,380851146,push
380715844,705c286dca4be3229c0e60cd4486a70ac5611583,950,master,failed,933,2018-05-18 14:18:33 UTC,380715845,380715846,380715847,380715848,380715849,380715850,pull_request
380715819,c8728b9aa05d741d6a88207ba3d35b9a69139d55,,python-973,failed,1099,2018-05-18 14:15:45 UTC,380715820,380715821,380715822,380715823,380715824,380715825,push
380704155,411e60e1c2838b543244caba730cd5c292c20fe4,,master,failed,924,2018-05-18 13:53:55 UTC,380704156,380704157,380704158,380704159,380704160,380704161,push
380700821,f0445f6cf0f79aa027e0f08d351597bda9c42eb8,941,master,failed,977,2018-05-18 13:48:43 UTC,380700822,380700823,380700824,380700825,380700826,380700827,pull_request
380700776,6bce25c918f442d7231d9d1721313f2c82faf33a,,python-697,failed,1129,2018-05-18 13:46:21 UTC,380700777,380700778,380700779,380700780,380700781,380700782,push
380356458,9ba7e717f63b3f0e0400048e06e75eff7a6cfa13,,python-954,failed,862,2018-05-17 18:33:16 UTC,380356459,380356460,380356461,380356462,380356463,380356464,push
380269941,094bdf60bae67b5c685d52dd3d747f364bcd0343,951,master,failed,392,2018-05-17 15:31:35 UTC,380269942,380269943,380269944,380269945,380269946,380269947,pull_request
380260457,7e463bd7d7d3913b8a6ff1cfd7745f2a9beaa286,,python-new-row_factory,failed,959,2018-05-17 15:10:45 UTC,380260459,380260460,380260461,380260463,380260464,380260466,push
380246737,bba4599ab53a97ed896cc4eb032bea51db9496b7,,python-new-row_factory,failed,917,2018-05-17 14:43:05 UTC,380246738,380246739,380246740,380246741,380246742,380246743,push
379887460,2dc1219904eb3eaadd3c8fc7403f7971ca0fb89c,,4.x,failed,1139,2018-05-16 19:45:03 UTC,379887461,379887462,379887463,379887464,379887465,379887466,push
379749330,18028749a2c9362fc789415f1f8b1bd6b1fa9ebe,941,master,failed,1143,2018-05-16 14:38:30 UTC,379749331,379749332,379749333,379749334,379749335,379749336,pull_request
379749286,6a43b314446a8f20529dfabd42a00889383b5e63,,python-697,failed,1163,2018-05-16 14:34:20 UTC,379749287,379749288,379749290,379749292,379749293,379749294,push
379409360,635cb9f2f7c3d92939830fb96aa330f933a2cd44,946,4.x,failed,929,2018-05-15 20:39:14 UTC,379409361,379409362,379409363,379409364,379409365,379409366,pull_request
379409332,10a079fe0ee4bf66160d7e9e3b02a2c0c11bbb88,,python-958,failed,1015,2018-05-15 20:36:44 UTC,379409333,379409334,379409335,379409336,379409337,379409338,push
379387216,ad0003ffb8d89f7291f19cb26e9644ec025bdffa,,python-954,failed,1040,2018-05-15 19:49:39 UTC,379387217,379387218,379387219,379387220,379387221,379387222,push
379373698,3fd5ad7ee3ff62a38c0d1dd0357d0a441d0fc3b9,,run_travis,failed,975,2018-05-15 19:17:25 UTC,379373699,379373700,379373701,379373702,379373703,379373704,push
379351074,defd9eb000174773a0c13e4778a16c31eb224921,,run_travis,failed,1115,2018-05-15 18:25:00 UTC,379351075,379351076,379351077,379351078,379351080,379351082,push
378801960,82311c616d42306d5ce9ad6f01d97b32ca8a6c37,950,master,failed,981,2018-05-14 16:19:45 UTC,378801961,378801962,378801963,378801964,378801965,378801966,pull_request
378801926,63cacefcafe04d9859318f7d8a7d99e5301d45a0,,python-973,failed,927,2018-05-14 16:17:14 UTC,378801927,378801928,378801929,378801930,378801931,378801932,push
378754599,bb6937c9b4ab029539f1f6dc6c4f63f14e0de4a2,950,master,failed,1302,2018-05-14 14:44:47 UTC,378754600,378754601,378754602,378754604,378754605,378754606,pull_request
378754298,fb473ce65f1250c04822bbe08be64faa9d016df6,,python-973,failed,1320,2018-05-14 14:41:09 UTC,378754299,378754300,378754301,378754302,378754303,378754304,push
378753718,9c46a5235d1700a79b93c36badaf29a7fd48c07f,,python-973,errored,793,2018-05-14 14:38:42 UTC,378753719,378753720,378753721,378753722,378753723,378753724,push
376939325,806632b7305609b5841efc4b900367f2de0ed23f,946,4.x,passed,967,2018-05-09 17:35:23 UTC,376939326,376939327,376939328,376939329,376939330,376939331,pull_request
376939316,b3fdcef15804576912f7d2fc529df07a172f79c6,,python-958,passed,966,2018-05-09 17:32:58 UTC,376939317,376939318,376939319,376939320,376939321,376939322,push
376903757,0f39e9ba3b38199c0653f99fb4af275f513315b1,946,4.x,passed,939,2018-05-09 16:05:33 UTC,376903758,376903759,376903760,376903761,376903762,376903763,pull_request
376903746,608dac29c6d88a4479f5a10029a05d8362274f15,,python-958,passed,877,2018-05-09 16:05:32 UTC,376903748,376903749,376903750,376903752,376903753,376903754,push
376897034,ecd96425c13f6fb562c4179154580228dbc4cf01,946,4.x,failed,973,2018-05-09 15:51:28 UTC,376897035,376897036,376897037,376897038,376897039,376897040,pull_request
376897025,09f6eadc0e5f8dcb66a7d624cdc60d89092df70e,,python-958,failed,864,2018-05-09 15:51:03 UTC,376897026,376897027,376897028,376897029,376897030,376897031,push
376353672,f6aff8a641833bd36ad90fcc6481c3af8d62b9e3,,python-697,passed,1042,2018-05-08 12:59:28 UTC,376353673,376353674,376353675,376353676,376353677,376353678,push
372426402,9ddb1b82a4012b8bbdd25bcc6ac9c035e7761ea1,946,4.x,passed,1119,2018-04-28 14:36:15 UTC,372426403,372426404,372426405,372426406,372426407,372426408,pull_request
372426387,5bd79d3b7b24d364ca5f1ec878131b918976800f,,python-958,passed,1146,2018-04-28 14:32:40 UTC,372426388,372426389,372426390,372426391,372426392,372426393,push
372426326,ab241e70a4a0bc9f8f4d2403eddf0795ffd35a26,,4.x,passed,1103,2018-04-28 14:29:54 UTC,372426327,372426328,372426329,372426330,372426331,372426332,push
372421403,ed1c043b2f69156b013e222d566162f02ecef41d,946,4.x,passed,1028,2018-04-28 14:13:31 UTC,372421404,372421405,372421406,372421407,372421408,372421409,pull_request
372421393,a7aa4b908adb8acbcafdac1503e5834f6f271e79,,python-958,passed,999,2018-04-28 14:11:05 UTC,372421394,372421395,372421396,372421397,372421398,372421399,push
372134247,e606593949bebdf1f50dbe94dc269aa8c4a31a59,,python-506-rebase,passed,971,2018-04-27 17:17:41 UTC,372134248,372134249,372134250,372134251,372134252,372134253,push
372044490,defd9eb000174773a0c13e4778a16c31eb224921,,master,passed,1020,2018-04-27 13:53:51 UTC,372044491,372044492,372044493,372044494,372044495,372044496,push
371810968,0f389bd9c0f53b7b80d929a41c09dd3984eca691,944,master,passed,943,2018-04-26 23:43:49 UTC,371810969,371810970,371810971,371810972,371810973,371810974,pull_request
371745669,bae0dc97b87661f83865217a7bb942d874a2a896,948,master,passed,1042,2018-04-26 20:32:34 UTC,371745670,371745671,371745672,371745673,371745674,371745675,pull_request
371745641,e51fe3c27011e743acf7f737e56f6c828d075004,,python-test-token-range-ownership,passed,1059,2018-04-26 20:29:51 UTC,371745642,371745643,371745644,371745645,371745646,371745647,push
371744214,94df983ff93c0370574c5c5a91fd1891c6c0c650,,master,passed,978,2018-04-26 20:26:32 UTC,371744215,371744216,371744218,371744220,371744222,371744224,push
371738826,9dee19e28b4fe01649c1893957220db865f79221,,python-test-token-range-ownership,passed,1031,2018-04-26 20:12:15 UTC,371738827,371738828,371738829,371738830,371738831,371738832,push
371352781,96a653dea7f7fc5c70efb93d400fa02b4592bd40,944,master,passed,1014,2018-04-26 01:52:21 UTC,371352782,371352783,371352784,371352785,371352786,371352787,pull_request
371263853,94df983ff93c0370574c5c5a91fd1891c6c0c650,,python-fix-simulacron-install,passed,1065,2018-04-25 20:51:54 UTC,371263855,371263857,371263859,371263860,371263861,371263862,push
371236904,5ecb7f46ed5485df0fa5febff3ac47dc2197e62b,946,4.x,passed,1080,2018-04-25 19:52:08 UTC,371236905,371236906,371236907,371236908,371236909,371236910,pull_request
371236897,3fd639bd85f4dafc8ae34003e13c12b22a933c03,,python-958,passed,1144,2018-04-25 19:49:27 UTC,371236898,371236899,371236900,371236901,371236902,371236903,push
371224494,5ecb7f46ed5485df0fa5febff3ac47dc2197e62b,946,4.x,failed,669,2018-04-25 19:23:18 UTC,371224495,371224496,371224497,371224498,371224499,371224500,pull_request
371224472,3b89b796692db145a9e5d30a662549a9d370aebe,,python-958,passed,995,2018-04-25 19:20:37 UTC,371224473,371224474,371224475,371224476,371224477,371224478,push
371209405,307640f543b14a5a61704e04141deac6b93b52c0,,python-check-install-fix,passed,1033,2018-04-25 18:45:18 UTC,371209407,371209408,371209409,371209410,371209411,371209412,push
371030264,c21c5e480a8b2f9efe871fede7abfe8a1f6fa76f,,4.x,passed,1133,2018-04-25 12:09:59 UTC,371030265,371030266,371030267,371030268,371030269,371030270,push
370677571,6ee13342ea5c63fe2c25da770e0530d9ac7fc69b,,master,passed,976,2018-04-24 17:21:12 UTC,370677572,370677573,370677574,370677575,370677576,370677577,push
370614495,31850908884be663299f8a36a189ae8758c7e979,931,4.x,passed,1106,2018-04-24 15:04:38 UTC,370614496,370614497,370614498,370614499,370614500,370614501,pull_request
370614482,f6cfc1ebc8ac4fea1782950f8849864a6ae9aedd,,python-956,passed,1244,2018-04-24 15:00:43 UTC,370614483,370614484,370614485,370614486,370614487,370614488,push
370607467,f1bf510b18b16c467a5da28b1d06df18fe64e46b,948,master,passed,1107,2018-04-24 14:43:01 UTC,370607468,370607469,370607470,370607471,370607472,370607473,pull_request
370606597,3c2c6df6b69141e2b4637dcbd562c3ccd5ece0ae,,python-test-token-range-ownership,passed,1097,2018-04-24 14:40:02 UTC,370606598,370606599,370606600,370606601,370606602,370606603,push
370176478,1a95d1b3a9961837a3728f9f97163683aff8ba0d,,4.x,passed,997,2018-04-23 16:19:17 UTC,370176479,370176480,370176481,370176482,370176483,370176484,push
370153908,bad3316764434125fbb963ebdce965845729d63f,,python-958,failed,406,2018-04-23 15:36:02 UTC,370153909,370153910,370153911,370153912,370153913,370153914,push
370152887,8c57e819cd7d87a16ac601e7639bf6112e807049,947,4.x,passed,1050,2018-04-23 15:32:57 UTC,370152888,370152889,370152890,370152891,370152892,370152893,pull_request
370152847,ff9f3f0a810dbee7aad0f56724d29b2fc662a497,,python-merge-master-to-4.x-04-20-2018,passed,1045,2018-04-23 15:30:06 UTC,370152848,370152849,370152850,370152851,370152852,370152853,push
370135464,2004556511c9003fde568bb485c3cfa2fcc36771,944,master,passed,993,2018-04-23 14:59:13 UTC,370135465,370135466,370135467,370135468,370135469,370135470,pull_request
370134281,3c2c6df6b69141e2b4637dcbd562c3ccd5ece0ae,,token-fix,failed,186,2018-04-24 14:36:54 UTC,370134282,370134283,370134284,370134285,370134286,370134287,push
370133089,8b8770d9f145d8223ed1661c145cc568e64756d1,,python-token-range-owenrship,failed,248,2018-04-23 14:51:59 UTC,370133090,370133091,370133092,370133093,370133094,370133095,push
370130795,b5a3b4847ed762ecd321dfecc36924ea41d4b942,947,4.x,passed,1165,2018-04-23 14:47:43 UTC,370130796,370130797,370130798,370130799,370130800,370130801,pull_request
370130723,6eb960cc4bc11eca5cf022bbefac7cb3713a4968,,python-merge-master-to-4.x-04-20-2018,passed,1226,2018-04-23 14:48:34 UTC,370130724,370130725,370130726,370130727,370130728,370130729,push
369330192,08508223af9cb97ff37aa38559af13223f24fd5f,947,4.x,passed,995,2018-04-20 21:59:51 UTC,369330193,369330194,369330195,369330196,369330197,369330198,pull_request
369330171,60cf6f9ef2bb0a7f4cb3ca4bf182e8469ff92193,,python-merge-master-to-4.x-04-20-2018,passed,1036,2018-04-20 21:57:28 UTC,369330172,369330173,369330174,369330175,369330176,369330177,push
369292799,5ab3360123ad504883b5ec386127569e32872d42,947,4.x,passed,1096,2018-04-20 20:15:06 UTC,369292800,369292801,369292802,369292803,369292804,369292805,pull_request
369292770,fc34924e9beaa519716c21f5ac8ccdf695b5e6ce,,python-merge-master-to-4.x-04-20-2018,failed,582,2018-04-20 20:13:59 UTC,369292771,369292772,369292773,369292774,369292775,369292776,push
369268703,80272a4377ba16e9c355e4499bc98da49c0042eb,947,4.x,failed,1055,2018-04-20 19:05:26 UTC,369268704,369268705,369268706,369268707,369268708,369268711,pull_request
369268259,31a32fa53c39931057fb8f13934b9a771013e429,,python-merge-master-to-4.x-04-20-2018,failed,985,2018-04-20 19:02:52 UTC,369268260,369268261,369268262,369268263,369268264,369268265,push
369216576,5d27d676521802aa0bc95d2e95b90338a3001f98,943,master,passed,1032,2018-04-20 16:40:37 UTC,369216577,369216578,369216579,369216580,369216581,369216582,pull_request
369216542,4b0de5e9bd7afc5e422b503bbd4cb9bb01c45c0e,,python-flaky-auth-tests,passed,996,2018-04-20 16:37:55 UTC,369216543,369216544,369216545,369216546,369216547,369216548,push
368824460,48e622b170d9223d0151cd63274bd6a7d1da013f,,python-958,passed,843,2018-04-19 20:06:14 UTC,368824461,368824462,368824463,368824464,368824465,368824466,push
368788491,bd33436380b4c099afa5c4c924ec3b086412603a,,python-958,failed,358,2018-04-19 18:42:50 UTC,368788492,368788493,368788494,368788495,368788496,368788497,push
368781288,87fa0402bde502fa656634c6ad2321a2730f750b,945,4.x,passed,887,2018-04-19 18:27:57 UTC,368781289,368781290,368781291,368781292,368781293,368781294,pull_request
368781262,392c0ce634881b40d13f79680086b32dc3593a5b,,fix-unit-tests,passed,817,2018-04-19 18:25:22 UTC,368781263,368781265,368781266,368781267,368781269,368781270,push
368778988,88f4d6a053a34096da357541c92526945fe1dc6c,945,4.x,passed,826,2018-04-19 18:22:49 UTC,368778989,368778990,368778991,368778992,368778993,368778994,pull_request
368778975,82bfcf3451b680433a53798e1ab5dd90fe861e9c,,fix-unit-tests,passed,904,2018-04-19 18:20:03 UTC,368778976,368778977,368778978,368778979,368778980,368778981,push
368778519,abb37d0074f408182c22c51615acaedd11a1326a,945,4.x,canceled,0,,368778520,368778521,368778522,368778523,368778524,368778525,pull_request
368778043,e1fef70ca07b0b555dee4c3337384f7a7b10634c,,fix-unit-tests,errored,734,2018-04-19 18:17:43 UTC,368778047,368778052,368778057,368778060,368778062,368778063,push
368343553,c1d518dd2f9f2b99c6362f117e23814112afb98b,944,master,failed,409,2018-04-18 20:44:27 UTC,368343554,368343555,368343556,368343557,368343558,368343559,pull_request
