tr_build_id,tr_job_id,tr_build_number,tr_original_commit,tr_log_lan,tr_log_status,tr_log_setup_time,tr_log_analyzer,tr_log_frameworks,tr_log_bool_tests_ran,tr_log_bool_tests_failed,tr_log_num_tests_ok,tr_log_num_tests_failed,tr_log_num_tests_run,tr_log_num_tests_skipped,tr_log_num_test_suites_run,tr_log_num_test_suites_ok,tr_log_num_test_suites_failed,tr_log_tests_failed,tr_log_testduration,tr_log_buildduration
705976291,705976292,100,283d4e84ef1d13a6bbe3900afc1ef414af14a30b,python,ok,1,python,unittest,true,false,12,0,12,0,,,,"",80.84,
705976433,705976434,101,0a6b29564a0fa534340250c7755cea03cf6f7ac2,python,broken,3,python,unittest,true,true,1,11,12,0,,,,"",0.01,
705978049,705978050,102,46d9027766029f1281013c6210f05fbd11fef1d9,python,ok,2,python,unittest,true,false,12,0,12,0,,,,"",91.08,
705978061,705978062,103,f6f7d2604989bcb9cde57bdfe9e259653215f8cf,python,ok,0,python,unittest,true,false,12,0,12,0,,,,"",105.45,
705981137,705981138,104,17d7086a64a88b75eef8496b6a98db998949e7c5,python,broken,3,python,unittest,true,true,1,11,12,0,,,,"",0.01,
705981905,705981906,105,c04af6f1f2da0f962409b53bd3eda973edae850c,python,broken,2,python,unittest,true,true,1,11,12,0,,,,"",0.46,
705982554,705982555,106,6de065544e816ab0c5fd064ee8a41873b9cb6783,python,ok,2,python,unittest,true,false,12,0,12,0,,,,"",71.55,
705982740,705982741,107,cacca227927971179496c423771f11a97565ea04,python,broken,3,python,unittest,true,true,1,11,12,0,,,,"",0.01,
705983211,705983212,108,92921c84c0a1c6c6abcaed023734037054a2d657,python,broken,2,python,unittest,true,true,1,11,12,0,,,,"",0.01,
705983669,705983670,109,c3c43be8f6987bb04b435921ad83bb905ccdc1c4,python,ok,3,python,unittest,true,false,12,0,12,0,,,,"",90.79,
705216811,705216812,10,4c2ea87b568f8d736bcc1814ebd62cb62f7c19a0,python,broken,3,python,"",false,,,,,,,,,"",,
705989675,705989676,110,92427e68e3f441d3450c4b80eaa24eb1ea29c51d,python,ok,1,python,unittest,true,false,12,0,12,0,,,,"",75.19,
705995931,705995932,111,83318fa2f66add7f9715d5844973218e603b1140,python,ok,3,python,unittest,true,false,12,0,12,0,,,,"",88.95,
705997837,705997838,112,83318fa2f66add7f9715d5844973218e603b1140,unknown,unknown,,plain,"",false,,,,,,,,,"",,
705997843,705997844,113,892895d45e192c77020a9b34a33fb783f96322ef,python,ok,3,python,unittest,true,false,12,0,12,0,,,,"",97.8,
705997971,705997972,114,24f4c613a671ce3f14b934f55dcbb72780cfb617,python,ok,1,python,unittest,true,false,12,0,12,0,,,,"",87.26,
706006200,706006201,115,96b6f2015a0fe969163cfb1208ddc1b3d544e7b1,python,ok,3,python,unittest,true,false,12,0,12,0,,,,"",78.24,
706027126,706027127,116,bda826af650619e66f2172c4e02a527326fde653,python,ok,3,python,unittest,true,false,12,0,12,0,,,,"",80.34,
706027563,706027564,117,c7032f2fbeb9ab90942e0047f1747afd52e5071d,python,ok,3,python,unittest,true,false,12,0,12,0,,,,"",101.77,
706030253,706030254,118,ad84ed90c6363129d4e9ce5ae0e28325a5ffc90d,python,ok,3,python,unittest,true,false,12,0,12,0,,,,"",98.47,
706257575,706257576,119,1246473c193a137894b28691c00b24ef0da4c652,python,ok,3,python,unittest,true,false,12,0,12,0,,,,"",84.47,
705218026,705218027,11,ef093109448867a5b0b1c00e8edf819ddfc63c30,python,broken,2,python,"",false,,,,,,,,,"",,
706267208,706267209,120,1246473c193a137894b28691c00b24ef0da4c652,unknown,unknown,,plain,"",false,,,,,,,,,"",,
706267219,706267220,121,4514c6d863e9aad898a63dedafcfe053c410bd04,python,ok,3,python,unittest,true,false,12,0,12,0,,,,"",83.61,
706267515,706267516,122,2c3ccdde6a97cbb6f481c54416a630618f17dc7c,python,ok,1,python,unittest,true,false,12,0,12,0,,,,"",74.01,
706275650,706275651,123,3f6b376c553914b9cdfaaa27b28a87380b1dab74,python,ok,3,python,unittest,true,false,12,0,12,0,,,,"",85.61,
706288577,706288578,124,ce968e6ac368153f0bd5b1deebf120bd311394ea,unknown,unknown,,plain,"",false,,,,,,,,,"",,
706288602,706288603,125,0ee6eb8609dccf6a7ae821bb05b00cab0134dd60,python,ok,2,python,unittest,true,false,12,0,12,0,,,,"",120.77,
706288824,706288825,126,754c6cf4f2bf8219ef0a2b0797b6443043872a45,python,ok,2,python,unittest,true,false,12,0,12,0,,,,"",92.0,
706291885,706291886,127,754c6cf4f2bf8219ef0a2b0797b6443043872a45,unknown,unknown,,plain,"",false,,,,,,,,,"",,
706291887,706291888,128,9a838fa00fd11afaad95f7b9458c025b649f0bca,python,ok,2,python,unittest,true,false,12,0,12,0,,,,"",76.18,
706292522,706292523,129,eadf345329d013103edb2a743903d13e44cbcf6c,python,ok,1,python,unittest,true,false,12,0,12,0,,,,"",102.15,
705218459,705218460,12,2e5d3d905f4469293e62e80b5c4ade80d320b684,python,broken,1,python,"",false,,,,,,,,,"",,
706321367,706321368,130,569163cdd1b45b3e936bc86cef0bdc892071d94a,python,ok,2,python,unittest,true,false,12,0,12,0,,,,"",93.77,
706335310,706335311,131,3975a274ddc0d298e79dc2fbffd8ffd18a4f7776,unknown,unknown,,plain,"",false,,,,,,,,,"",,
706335334,706335335,132,fd8c464c34de4fe17bca156b8b97367eeb63c0a7,python,ok,2,python,unittest,true,false,12,0,12,0,,,,"",90.78,
706343325,706343326,133,03d118b7753e7f16eb6d2738b63b2d2b16938950,python,ok,2,python,unittest,true,false,12,0,12,0,,,,"",76.83,
706343532,706343533,134,5685fd979076234d3f741b6db05edd8cbe1645fd,python,ok,2,python,unittest,true,false,12,0,12,0,,,,"",68.97,
706375313,706375314,135,5685fd979076234d3f741b6db05edd8cbe1645fd,python,ok,3,python,unittest,true,false,12,0,12,0,,,,"",78.72,
706376542,706376543,136,3c0ed55e70003ad2625941c03192e8753d46a74a,python,ok,2,python,unittest,true,false,12,0,12,0,,,,"",84.83,
706379439,706379440,137,4298a8d1ca0c371b691361b0b9d3026f3eae08e2,python,ok,2,python,unittest,true,false,12,0,12,0,,,,"",89.6,
706381988,706381989,138,d41f06dd5eefb53f18d5d284ca6894ae0db934e3,python,ok,2,python,unittest,true,false,12,0,12,0,,,,"",66.74,
706382161,706382162,139,70bbe51c1272b8266b01c115bfffc71316d0117f,python,ok,1,python,unittest,true,false,12,0,12,0,,,,"",99.6,
705219171,705219172,13,b6fbdb6626b0530e4ec1671547888b385a0ecdc0,python,broken,2,python,unittest,true,true,0,1,1,0,,,,"",0.0,
706384730,706384731,140,710cfa1acddafd52130c4a9b3c392420b63d759c,python,ok,2,python,unittest,true,false,12,0,12,0,,,,"",73.86,
706384735,706384736,141,f208964463ae952fb766a75fa4da32c20190c2f2,python,ok,1,python,unittest,true,false,12,0,12,0,,,,"",65.41,
706561908,706561910,142,7c35555746122d168e18eab30a46e8028cc5c356,python,ok,2,python,unittest,true,false,12,0,12,0,,,,"",82.23,
706561915,706561916,143,409110b14f28dfab1fba4f370a5d710cdb0e1712,python,ok,0,python,unittest,true,false,12,0,12,0,,,,"",64.83,
706564444,706564445,144,25ed3f16e1302cf6ef7559f068d08d4f6c5e7bb0,python,ok,2,python,unittest,true,false,12,0,12,0,,,,"",86.13,
706564480,706564481,145,4c393657af997c10b5700c3b9c8f60486fe76f8d,python,ok,1,python,unittest,true,false,12,0,12,0,,,,"",70.87,
706566901,706566902,146,352283dac1c3b41ed5f5cd0926810da7632f40fb,python,ok,2,python,unittest,true,false,12,0,12,0,,,,"",77.64,
706566907,706566908,147,2f89542f8a01863080c831a99fecaabe570b9511,python,ok,1,python,unittest,true,false,12,0,12,0,,,,"",85.64,
706571027,706571028,148,d369b083605e35f2bed87e9a84043c043dcbcade,python,ok,2,python,unittest,true,false,12,0,12,0,,,,"",83.34,
706647407,706647408,149,283933fd825d74d210e5894a9c95934c2ef1e0e2,python,ok,3,python,unittest,true,false,12,0,12,0,,,,"",79.03,
705219178,705219179,14,ff79aeb2f545cc447169ab680e6e7f8ad63de995,python,broken,1,python,unittest,true,true,0,1,1,0,,,,"",0.0,
706729206,706729207,150,e28315acc225de9aa65910f21d5c685462ed4aa5,python,broken,2,python,unittest,true,true,0,1,1,0,,,,"",0.0,
706729393,706729394,151,902cb48f94a021b1f96d2e223adf05bccc19a378,python,broken,3,python,unittest,true,true,0,1,1,0,,,,"",0.0,
706729611,706729612,152,3b67f9c91b37b55709884553b66d4836ad8f8cca,python,broken,3,python,unittest,true,true,0,1,1,0,,,,"",0.0,
706731781,706731782,153,a350bcedc0febe29106015156638e3dabf02d766,python,broken,3,python,unittest,true,true,0,1,1,0,,,,"",0.0,
706731842,706731843,154,e03acd69eed3625fa50d5b19db0726a9285087e1,python,broken,2,python,unittest,true,true,0,1,1,0,,,,"",0.0,
706752829,706752830,155,f13c2c6dd9d966439c3cfcda3fadd74dfe229bcc,python,ok,2,python,unittest,true,false,12,0,12,0,,,,"",81.29,
706764250,706764251,156,d27f562384d8e041c0d631db74b40b280d9fd87c,python,ok,2,python,unittest,true,false,12,0,12,0,,,,"",84.98,
706764372,706764373,157,e9ae551797af8de6e398e30bf351230855d25749,python,ok,1,python,unittest,true,false,12,0,12,0,,,,"",81.26,
706808496,706808497,158,5088671c0b189fa827c3afc25ce72c54ebab93a1,python,ok,2,python,unittest,true,false,12,0,12,0,,,,"",75.37,
706808767,706808768,159,5088671c0b189fa827c3afc25ce72c54ebab93a1,python,ok,2,python,unittest,true,false,12,0,12,0,,,,"",100.62,
705220693,705220694,15,db7bbcd19681b802183dba8ea47f8a4f227d7a43,python,broken,3,python,unittest,true,true,0,1,1,0,,,,"",0.0,
706809892,706809893,160,3d03d65512ac679fb92f1c02824312802f26cc4e,python,ok,1,python,unittest,true,false,12,0,12,0,,,,"",73.05,
706903696,706903697,161,48ec6708a29f478ae2631391e5be7c61667e1516,python,ok,2,python,unittest,true,false,12,0,12,0,,,,"",78.97,
706983534,706983535,162,28ac3cc53ab98c826bfc016b9d6506eb7e27c015,python,ok,2,python,unittest,true,false,12,0,12,0,,,,"",68.61,
706983586,706983587,163,4fda7abb5e3253234ebdcb77bf99dfb5961e6b68,python,ok,0,python,unittest,true,false,12,0,12,0,,,,"",92.7,
706983793,706983794,164,1a0e641130a5e88f103faf0503fbba2f17f78f2c,python,ok,3,python,unittest,true,false,12,0,12,0,,,,"",83.47,
706983795,706983796,165,5b755ad4490ae0d6f50eb6ce73e8d5b512bf2a6b,python,ok,1,python,unittest,true,false,12,0,12,0,,,,"",74.37,
707070717,707070718,166,182648478f5ffdb8118d423800d627650b0c7969,python,ok,2,python,unittest,true,false,12,0,12,0,,,,"",92.27,
707074493,707074494,167,9df156f102017d240921639ad506444f6c5aa7a0,python,ok,2,python,unittest,true,false,12,0,12,0,,,,"",88.3,
707078166,707078168,168,8fba6975e5bab195b1c48ebf243513ba5380925d,python,ok,3,python,unittest,true,false,12,0,12,0,,,,"",88.96,
707083775,707083776,169,f4bd19353d74b5f4802eee6bde38f26000ed793b,python,ok,2,python,unittest,true,false,12,0,12,0,,,,"",87.7,
705220699,705220700,16,16045fe307e8fca4ad8da272aac123876a18d4ff,python,broken,1,python,unittest,true,true,0,1,1,0,,,,"",0.0,
707088205,707088206,170,e2c2d6e50f8a99184e1feeda5a28da67396609ce,python,ok,2,python,unittest,true,false,12,0,12,0,,,,"",101.74,
707092232,707092233,171,9dca34d87d695558657fe3ab9e9402fa70605f74,python,ok,2,python,unittest,true,false,12,0,12,0,,,,"",89.48,
707102613,707102614,172,aec6f8c63b967844605bd00904648c86bf4397d8,python,ok,2,python,unittest,true,false,12,0,12,0,,,,"",87.86,
707102638,707102639,173,52b27f9bbc8b815abc64a915e81de4b2b52b3332,python,ok,1,python,unittest,true,false,12,0,12,0,,,,"",91.26,
707175002,707175003,174,0e9e7b0350843cbf75e58dfb263c24a0aca9f29a,python,ok,2,python,unittest,true,false,12,0,12,0,,,,"",84.77,
707175344,707175346,175,fde4c3d3e1df486d7ef2e809a54b06767b6abe1c,python,ok,2,python,unittest,true,false,12,0,12,0,,,,"",71.16,
707177297,707177298,176,c79bf8220453a8bad9b1b474bc80314aee19bc6c,python,ok,1,python,unittest,true,false,12,0,12,0,,,,"",83.77,
707190143,707190144,177,8c700546707771b022ef8511896f8bdbd3de771c,python,ok,3,python,unittest,true,false,12,0,12,0,,,,"",74.22,
707190490,707190491,178,ec69b51c051009357e62136ec204c249115f3517,python,ok,2,python,unittest,true,false,12,0,12,0,,,,"",74.75,
707190884,707190885,179,ab229113ec597540c0e3020f8437d7ae7ac98841,python,ok,2,python,unittest,true,false,12,0,12,0,,,,"",82.99,
705221926,705221927,17,7b6ad2e0ec27e9cab616e9acf63de58e51948e9a,python,broken,3,python,unittest,true,true,0,1,1,0,,,,"",0.0,
707220255,707220256,180,220edb592d417c6faf14101ef808ff0abd377116,python,ok,3,python,unittest,true,false,12,0,12,0,,,,"",90.86,
707220272,707220273,181,1bf73ff98007e1165f240cade599f77a366ea326,python,ok,1,python,unittest,true,false,12,0,12,0,,,,"",95.06,
707225734,707225735,182,be28cac02e4c47d143ed67095a8f3609fb4397d8,python,broken,2,python,unittest,true,true,0,1,1,0,,,,"",0.0,
707227164,707227165,183,e10393c4f00d2d15f7c29f974ddaf7cb985685b9,python,ok,2,python,unittest,true,false,12,0,12,0,,,,"",71.49,
707227303,707227304,184,e0ea009d55fb66ac8beb250a87a75cd0dad468b2,python,ok,1,python,unittest,true,false,12,0,12,0,,,,"",68.64,
707229088,707229089,185,3e4a031a62c407c5a0e83663846c767c3fc0b494,python,ok,2,python,unittest,true,false,12,0,12,0,,,,"",81.11,
707230828,707230829,186,e1fe2698a6cdd05939e928f31803953393e0500a,python,ok,2,python,unittest,true,false,12,0,12,0,,,,"",79.38,
707231239,707231240,187,f37860e4b2afa002a7981ed0b35aff33cfe6614f,python,ok,0,python,unittest,true,false,12,0,12,0,,,,"",72.01,
707231375,707231376,188,a9b8f3265a1e468319676d5b3afe499e0561eb9e,python,ok,2,python,unittest,true,false,12,0,12,0,,,,"",94.75,
707233055,707233056,189,ee20cf0296ef2da36e1d6ef5863680d2bf6fd094,python,ok,2,python,unittest,true,false,12,0,12,0,,,,"",99.16,
705221934,705221935,18,293b07f2bbb5366dbda04d57838b82cfc10e461a,python,broken,1,python,unittest,true,true,0,1,1,0,,,,"",0.0,
707274491,707274492,190,41edcbfbd5bc543c8fe14fec57e8ac87e7222fca,python,ok,2,python,unittest,true,false,12,0,12,0,,,,"",74.65,
707282218,707282219,191,c6c97216c7bd6dbbe4fdda04326b0cde9b2a64e2,python,ok,2,python,unittest,true,false,12,0,12,0,,,,"",78.63,
707284360,707284361,192,ee20cf0296ef2da36e1d6ef5863680d2bf6fd094,python,ok,2,python,unittest,true,false,12,0,12,0,,,,"",89.12,
707292007,707292008,193,99fa623c84404d8b35ce9eacd1b7fa7e5030f865,python,ok,2,python,unittest,true,false,12,0,12,0,,,,"",67.28,
707293020,707293021,194,f328849f066e588eeab860d97f3eca8fcf67b553,python,ok,2,python,unittest,true,false,12,0,12,0,,,,"",71.15,
707293837,707293838,195,409d187cebb89901ca85fe9b67b3ae78621d8040,python,ok,2,python,unittest,true,false,12,0,12,0,,,,"",81.87,
707294759,707294760,196,76c6b3567d23b423bdc95e3dd23aeba62e34b6e5,python,ok,1,python,unittest,true,false,12,0,12,0,,,,"",92.86,
707295619,707295620,197,061dd7ab1032e929207e12abb2cc1e7d13efb36a,python,ok,2,python,unittest,true,false,12,0,12,0,,,,"",74.83,
707305410,707305411,198,8bd301099b82a5d2372a201b99125016def481a9,python,ok,2,python,unittest,true,false,12,0,12,0,,,,"",74.53,
707305561,707305562,199,16eb8ddc85fe20148623fa1afbb676f359c53ab8,python,ok,1,python,unittest,true,false,12,0,12,0,,,,"",79.98,
705224729,705224730,19,bab1b43cd58fb49f392e075c9ab4933136f0d2b9,python,unknown,3,python,"",false,,,,,,,,,"",,
705199729,705199730,1,7af3449150234dafcc35198a9a54299f936e985e,python,unknown,3,python,"",false,,,,,,,,,"",,
707414007,707414008,200,cd5b101763fc715cd0b300279081020377059d5d,python,ok,2,python,unittest,true,false,12,0,12,0,,,,"",84.84,
707424875,707424876,201,cd504f5982c6935a061dfbb4a7eda26e34cd667a,python,ok,2,python,unittest,true,false,12,0,12,0,,,,"",78.13,
707427164,707427165,202,2a192c3b9187727583b14477b5631a66dd8d58fc,python,ok,2,python,unittest,true,false,12,0,12,0,,,,"",71.26,
707502808,707502809,203,bb392d1c2cfd2be07d39d834c40f9f95c8815415,python,ok,2,python,unittest,true,false,12,0,12,0,,,,"",74.66,
707503089,707503090,204,362b0b1446f14fc7a4916a459ce680a11840acc8,python,ok,1,python,unittest,true,false,12,0,12,0,,,,"",90.74,
707509814,707509815,205,c9bcc1ef23d73f69295eeb49c6fa8f92ee0528f4,python,ok,2,python,unittest,true,false,12,0,12,0,,,,"",73.6,
707524817,707524818,206,7f0b39da886c6fd82807e747cccf4af4817d3e00,python,ok,2,python,unittest,true,false,12,0,12,0,,,,"",68.61,
707524982,707524983,207,280d31107ba30f4ff8a1b6bd6b18408c6d472c6e,python,ok,2,python,unittest,true,false,12,0,12,0,,,,"",68.17,
707525721,707525722,208,7e2be00fcb5c6a508f8b0ad15029c4b844cd41e4,python,ok,2,python,unittest,true,false,12,0,12,0,,,,"",69.75,
707525951,707525952,209,40972062eca25a641243263fa5d70f6422bdade6,python,ok,2,python,unittest,true,false,12,0,12,0,,,,"",95.14,
705224737,705224738,20,a252a522f8487790a3e5362fec50ea6789392b33,python,unknown,1,python,"",false,,,,,,,,,"",,
707526878,707526879,210,ceb47b9d6eee00a85b5472f7a16fd5817af5f530,python,ok,2,python,unittest,true,false,12,0,12,0,,,,"",91.15,
707630805,707630806,211,f6f690f22b3c332e1ba625ead555090276b95d7d,python,ok,2,python,unittest,true,false,12,0,12,0,,,,"",105.59,
707632855,707632856,212,f6f690f22b3c332e1ba625ead555090276b95d7d,python,ok,2,python,unittest,true,false,12,0,12,0,,,,"",90.54,
707633260,707633261,213,0baedf681429d0c481ce1307a5c6698d765440b1,python,ok,2,python,unittest,true,false,12,0,12,0,,,,"",73.62,
707834950,707834951,214,c49d58770bb8e19bd2a87f56eeb232ac5d7efef4,python,ok,2,python,unittest,true,false,12,0,12,0,,,,"",95.43,
707872095,707872096,215,5b7fb8b0f79d32c002c3218ef625435869101aab,python,ok,2,python,unittest,true,false,12,0,12,0,,,,"",78.9,
707883882,707883883,216,f472718795cac93d8aea0956c596665766e5c0e1,python,ok,2,python,unittest,true,false,12,0,12,0,,,,"",85.45,
708030559,708030560,217,770b6518109c77eedf53732c6c059fbe8a9d9dd6,python,ok,2,python,unittest,true,false,12,0,12,0,,,,"",81.38,
708031882,708031883,218,bc54f1e7c341beebf8ee6e6f2665014c5d49c005,python,ok,2,python,unittest,true,false,12,0,12,0,,,,"",76.29,
708783206,708783207,219,754288ea111a74224c559cc11b8b4340e7da0cc4,python,ok,2,python,unittest,true,false,12,0,12,0,,,,"",82.93,
705227228,705227229,21,cb75876e0afc9e9d0816313fbcc30c80d6191a92,python,broken,3,python,unittest,true,true,3,9,12,0,,,,"",20.96,
708809662,708809663,220,64495f245f24fed8758a0b7557431499e66b3844,python,ok,2,python,unittest,true,false,12,0,12,0,,,,"",78.37,
708809878,708809879,221,ea118ed814719f5518e52a9274246f0de19c34ee,python,ok,2,python,unittest,true,false,12,0,12,0,,,,"",77.08,
709122226,709122227,222,e7044de2a9271553b531e8cc1c9992744dd3141d,python,unknown,3,python,"",false,,,,,,,,,"",,
709123703,709123704,223,1e107ac46f8bfd4cbcfd6a2137436d16bdce3509,python,broken,5,python,unittest,true,true,0,1,1,0,,,,"",0.0,
709215912,709215913,224,d4e345fcfe58aec1dbdcc6fb4c76a2d1c7660164,python,ok,3,python,unittest,true,false,12,0,12,0,,,,"",87.41,
709215918,709215919,225,8b273af6f577dfbeae3d3ada40dc6f57918a004c,python,broken,7,python,unittest,true,true,11,1,12,0,,,,"",65.62,
709225909,709225910,226,cdad11bf49ac469a7ebbe513f4ce59f0ce9f1c80,python,broken,3,python,unittest,true,true,11,1,12,0,,,,"",73.21,
709230046,709230047,227,ca3f91033fd1a29e1f8cc5fb3e770ae01023db5f,python,broken,3,python,unittest,true,true,11,1,12,0,,,,"",89.29,
709230050,709230051,228,71e3b2c1980fd87bad077323249c4c4735684f24,python,unknown,4,python,"",false,,,,,,,,,"",,
709230057,709230058,229,dcdbb80d6be6db421d32f6013c073418288a6548,python,broken,3,python,unittest,true,true,11,1,12,0,,,,"",102.4,
705227234,705227235,22,a8ea2ee8cdb760579cc093590fa6930bcff00eb8,python,broken,1,python,unittest,true,true,3,9,12,0,,,,"",21.43,
709240274,709240275,230,e0cac4fbead6c3927872d7ce97e6a14eb983aa57,python,broken,2,python,unittest,true,true,11,1,12,0,,,,"",89.69,
709243865,709243866,231,ea118ed814719f5518e52a9274246f0de19c34ee,python,ok,2,python,unittest,true,false,12,0,12,0,,,,"",72.1,
709246061,709246062,232,ea118ed814719f5518e52a9274246f0de19c34ee,python,broken,2,python,unittest,true,true,11,1,12,0,,,,"",87.56,
709246763,709246764,233,fdc3278780082378f99e9eecc150bdeb02b10707,python,broken,2,python,unittest,true,true,11,1,12,0,,,,"",62.86,
709249882,709249884,234,428fa7ab667cd2ae41b4359631b44bad348b6d44,python,ok,2,python,unittest,true,false,12,0,12,0,,,,"",75.93,
709250824,709250825,235,ea118ed814719f5518e52a9274246f0de19c34ee,python,ok,2,python,unittest,true,false,12,0,12,0,,,,"",101.83,
709254296,709254297,236,a17688320989f1e0a8c202d7d9331ce313303ea7,python,broken,2,python,unittest,true,true,11,1,12,0,,,,"",102.01,
709300845,709300846,237,32adb3b49bc60a9db34eb690e8f7bd5c4728fbf7,python,ok,2,python,unittest,true,false,12,0,12,0,,,,"",75.5,
709305256,709305257,238,8a50b02fee257a5dc935081c5e0bf537039a1ff8,python,ok,1,python,unittest,true,false,12,0,12,0,,,,"",74.1,
709315705,709315706,239,2ae6e083f6c622738cbd424dc9328759a56b0606,python,ok,2,python,unittest,true,false,12,0,12,0,,,,"",80.19,
705228047,705228048,23,51fc22d4884ee23162c7cc004b04b360fdb74913,python,broken,2,python,unittest,true,true,3,9,12,0,,,,"",20.28,
709315723,709315724,240,d0e9d5c3e21f1fbf83842d79f766cdd28cab4388,python,ok,0,python,unittest,true,false,12,0,12,0,,,,"",74.54,
709327224,709327225,241,d0455ce3430d9591e3ee85a9069d5ea5c3b7dfab,python,ok,2,python,unittest,true,false,12,0,12,0,,,,"",59.51,
709327228,709327229,242,33fb9b059ae186afbc65c93f1b4507f73396be81,python,ok,1,python,unittest,true,false,12,0,12,0,,,,"",58.97,
709370116,709370117,243,86bf214151a40b40c60b722e5f746d73eaaf7224,python,ok,2,python,unittest,true,false,12,0,12,0,,,,"",88.57,
709383850,709383851,244,312cca91d6fc7d198e5f5005f9d3d4063845aa7c,python,ok,0,python,unittest,true,false,12,0,12,0,,,,"",76.63,
709386325,709386326,245,64392a4f68b10aa05828e303e53dc9d1c024c70c,python,ok,2,python,unittest,true,false,12,0,12,0,,,,"",78.67,
709387337,709387338,246,64392a4f68b10aa05828e303e53dc9d1c024c70c,python,ok,2,python,unittest,true,false,12,0,12,0,,,,"",59.59,
709400862,709400863,247,648493267d238415f7c8b533f31347f44377f9b2,python,broken,1,python,unittest,true,true,9,3,12,0,,,,"",72.93,
709402776,709402777,248,2bd1d30d0583de7902972e8e077f9ec625bdb491,python,ok,0,python,unittest,true,false,12,0,12,0,,,,"",71.5,
709428538,709428539,249,23e1efa5e0885598c552152edbb298e87809e0e4,python,ok,1,python,unittest,true,false,12,0,12,0,,,,"",60.32,
705228051,705228052,24,268d6b11079199b8bd69976d85e5a1936f947045,python,broken,1,python,unittest,true,true,3,9,12,0,,,,"",20.58,
709428933,709428934,250,0e137fac908c6a69b6fdb40e25b0797554946225,python,ok,1,python,unittest,true,false,12,0,12,0,,,,"",81.29,
709511663,709511664,251,d85957bb0a4a15695381ba945517434997c60a0a,python,ok,2,python,unittest,true,false,12,0,12,0,,,,"",65.15,
709512004,709512005,252,255ec7b40039dac459a026e90f2c5201b3434254,python,ok,2,python,unittest,true,false,12,0,12,0,,,,"",86.97,
709512512,709512513,253,d1498eb3fb8764199c6640f332c4a003702613cc,python,ok,3,python,unittest,true,false,12,0,12,0,,,,"",67.69,
709518524,709518525,254,86b62750cb53e2554ad92aeee8ffd77d3827f54f,python,ok,1,python,unittest,true,false,12,0,12,0,,,,"",71.84,
709770700,709770701,255,26d4f712f597c607f4af171b26c0e1729e63c4e1,python,ok,3,python,unittest,true,false,12,0,12,0,,,,"",67.74,
709783132,709783133,256,628dcc9a182b7ae6f3586d4f7da3b168b8850a4e,python,ok,5,python,unittest,true,false,12,0,12,0,,,,"",69.72,
709787018,709787019,257,fa6ea49562c7de54df7c5ea589ca712375106103,python,ok,3,python,unittest,true,false,12,0,12,0,,,,"",71.94,
709787024,709787025,258,1d966c3d88399c6b3c5e6390328269e63fe013c2,python,ok,5,python,unittest,true,false,12,0,12,0,,,,"",58.15,
709791574,709791575,259,1b47ba8f0501a8904c7233fd21e586e7ec6e8936,python,broken,3,python,unittest,true,true,0,1,1,0,,,,"",0.0,
705228910,705228911,25,2d7908fb8c177fb12628bedbe0250e13a0760e32,python,broken,3,python,unittest,true,true,3,9,12,0,,,,"",20.43,
709791675,709791676,260,7a31d422cd05d4c2ae1838998041bb87b843164c,python,broken,5,python,unittest,true,true,0,1,1,0,,,,"",0.0,
709793027,709793028,261,c825e4aace05b7978272c2cf14fd0ae098186641,python,broken,3,python,unittest,true,true,7,5,12,0,,,,"",50.36,
709793029,709793030,262,1c9f680737150db313a9733b21edfb0d3cb192a6,python,broken,5,python,unittest,true,true,7,5,12,0,,,,"",45.28,
709794047,709794048,263,e94f8192e0163d66426e744aa42da44e42c853e0,python,ok,2,python,unittest,true,false,12,0,12,0,,,,"",75.6,
709794053,709794054,264,298d76321a962d0196e105cd66883bc09faafb62,python,ok,5,python,unittest,true,false,12,0,12,0,,,,"",86.39,
709797088,709797089,265,26d080f149b1533934260e2fbf5495b2f74f8b78,python,ok,3,python,unittest,true,false,12,0,12,0,,,,"",101.26,
709797103,709797104,266,ce6149b7aaddbe5be8c1a64da103f36d8f29e5df,python,ok,5,python,unittest,true,false,12,0,12,0,,,,"",86.44,
709808012,709808013,267,79fd53df43a70a2a4b63d7b54533957f04dbafe7,python,ok,2,python,unittest,true,false,12,0,12,0,,,,"",89.23,
709842454,709842455,268,b121ade02108cd308b64ce7c9942af1b46d4759a,python,ok,2,python,unittest,true,false,12,0,12,0,,,,"",87.54,
709844371,709844372,269,b121ade02108cd308b64ce7c9942af1b46d4759a,python,ok,2,python,unittest,true,false,12,0,12,0,,,,"",89.95,
705228912,705228913,26,0f48fc5675cd0a54843a47b62d5d86db08fbe498,python,broken,1,python,unittest,true,true,3,9,12,0,,,,"",20.14,
709844459,709844460,270,36bd80db17f73caa63bd373e4dc8cf6f24f1cf08,python,ok,3,python,unittest,true,false,12,0,12,0,,,,"",80.42,
709848443,709848444,271,c189937faab0f4c3e51aad654470f6e9c8a26c88,python,ok,2,python,unittest,true,false,12,0,12,0,,,,"",80.03,
709850367,709850368,272,0f8e197245f85d5f260ceb663cfce98a5c6be050,python,ok,2,python,unittest,true,false,12,0,12,0,,,,"",76.47,
709853537,709853538,273,7431108d314b596c6779615242e7e1935729ccf7,python,ok,2,python,unittest,true,false,12,0,12,0,,,,"",86.1,
709856699,709856700,274,ef41d8a7e5655bc7b03f61d270a9752a549d8b47,python,ok,2,python,unittest,true,false,12,0,12,0,,,,"",82.32,
709857156,709857157,275,f6c2769b56afb3e6bd3272f6a21d3312a8a4873b,python,ok,2,python,unittest,true,false,12,0,12,0,,,,"",88.14,
709857329,709857330,276,a796725289e0cee4dace77cbc1d8dfa7c3af902b,python,ok,1,python,unittest,true,false,12,0,12,0,,,,"",79.63,
709857541,709857542,277,7696f3dee8bf6c0de19519f4289332474714fc19,python,ok,2,python,unittest,true,false,12,0,12,0,,,,"",92.24,
709857554,709857555,278,3035815c579c5161563e61cc16a15008bd350aff,python,ok,1,python,unittest,true,false,12,0,12,0,,,,"",90.73,
709861394,709861395,279,8248556672fa9a5920b1f1dd98a9fabbc160b5fa,python,ok,2,python,unittest,true,false,12,0,12,0,,,,"",92.83,
705229901,705229902,27,429f9988ab02f3906ed962e9cf343eaa485be617,python,ok,2,python,unittest,true,false,12,0,12,0,,,,"",84.33,
710062066,710062067,280,8248556672fa9a5920b1f1dd98a9fabbc160b5fa,python,ok,2,python,unittest,true,false,12,0,12,0,,,,"",78.45,
710079366,710079367,281,55e72ca73300b88e742ebfa992165519775dc99d,python,ok,2,python,unittest,true,false,12,0,12,0,,,,"",86.17,
710080128,710080129,282,aea7f8ebbc2d90356e81109391f7ce4ebc6e5dd0,python,ok,0,python,unittest,true,false,12,0,12,0,,,,"",101.71,
710088043,710088044,283,3d9d2c3997d79a6649db03e4a74f8418fe08e08d,python,broken,2,python,unittest,true,true,6,9,15,0,,,,"",41.24,
710088890,710088891,284,f088d1a7bc13350ff14bba7c2475e75d39fba7b6,python,broken,0,python,unittest,true,true,5,10,15,0,,,,"",34.58,
710092567,710092568,285,9fd7f50b6013416d1744902d31825822d09ec2e0,python,broken,2,python,unittest,true,true,14,1,15,0,,,,"",117.08,
710092572,710092573,286,7c48ecd510ac15fe0a601f3c72f71dc6d8f28fc2,python,broken,1,python,unittest,true,true,13,2,15,0,,,,"",124.76,
710098418,710098419,287,cc1330dd745c8eee3f82b5a8a194d1a12e5eebb7,python,unknown,2,python,"",false,,,,,,,,,"",,
710098471,710098472,288,7be42b3c9a0638447f7c02d199c26b9381d99a79,python,unknown,1,python,"",false,,,,,,,,,"",,
710100218,710100219,289,42c8a9518d57e1a8f53fbfa92885d4415de4a02c,python,ok,2,python,unittest,true,false,12,0,12,0,,,,"",74.1,
705229903,705229904,28,bc743ab60ebf9f73de480056685fefb5a7cdc093,python,ok,1,python,unittest,true,false,12,0,12,0,,,,"",71.57,
710121094,710121095,290,a7f5281d2a064ded199944351a6fe15b02e05e0c,python,broken,2,python,unittest,true,true,11,1,12,0,,,,"",79.6,
710121287,710121288,291,42c8a9518d57e1a8f53fbfa92885d4415de4a02c,python,ok,2,python,unittest,true,false,12,0,12,0,,,,"",83.06,
710130020,710130021,292,39e729076d1a59616ab560f3048a5d1446fb7abb,python,broken,2,python,unittest,true,true,13,2,15,0,,,,"",106.31,
710130029,710130031,293,e05e56aa916c5809863a4908732cfb2a0d909c98,python,broken,1,python,unittest,true,true,14,1,15,0,,,,"",129.07,
710150398,710150399,294,628d4b678742afb80246a4c68df501eaa671d19e,python,ok,2,python,unittest,true,false,12,0,12,0,,,,"",89.64,
710156924,710156925,295,e2d4bf4e4964045544867a13d89aaa150401cd21,python,ok,1,python,unittest,true,false,12,0,12,0,,,,"",102.37,
710177982,710177983,296,4aca188b83efc70573351333647efab33da6a5e8,python,ok,2,python,unittest,true,false,12,0,12,0,,,,"",91.83,
710232718,710232719,297,58a88e7c16c9ee6d9119d2b0d00963c99f5df838,python,ok,2,python,unittest,true,false,12,0,12,0,,,,"",87.1,
710264247,710264248,298,b987c75ddf42d82553b3a500893268cdf8ab43c9,python,ok,0,python,unittest,true,false,12,0,12,0,,,,"",86.19,
710271733,710271734,299,43179f2137399ef2dd432de042397b792688569c,python,ok,1,python,unittest,true,false,12,0,12,0,,,,"",88.43,
705231732,705231733,29,182bb1414cc49cf8c44d09e65880fe1d79defd3c,python,ok,3,python,unittest,true,false,12,0,12,0,,,,"",94.0,
705200635,705200636,2,89585b1657f15322459b80db09b1fe0ef4ff613f,unknown,broken,,plain,"",false,,,,,,,,,"",,
710430113,710430114,300,b0048b8db45960170c662e7a09de7c4aa6c43713,python,ok,1,python,unittest,true,false,12,0,12,0,,,,"",95.53,
710430301,710430302,301,22411ac5cb56d22085ba446d20d17ce508999708,python,ok,1,python,unittest,true,false,12,0,12,0,,,,"",88.45,
710431171,710431172,302,0f3867a8ea86eb31b9ce30b0af321c05da695919,python,ok,0,python,unittest,true,false,12,0,12,0,,,,"",90.24,
710449671,710449672,303,d532cae22e70b78b70560b5eb9f90525ed33cee2,python,ok,2,python,unittest,true,false,12,0,12,0,,,,"",93.89,
710450181,710450182,304,782b9a5ad2579dd3798736d31b84d61734d76c01,python,ok,2,python,unittest,true,false,12,0,12,0,,,,"",101.7,
710513526,710513527,305,b0f0cb6905a661bced792b493dc8cd522a8946c1,python,broken,1,python,unittest,true,true,0,1,1,0,,,,"",0.0,
710566060,710566061,306,9fe1e0e0cfbd7114477ba3d15c235f2eff6b2150,python,ok,0,python,unittest,true,false,12,0,12,0,,,,"",78.17,
710571947,710571948,307,58c1557a17bb4ffa960bcce010f378c3b86e3db3,python,ok,1,python,unittest,true,false,12,0,12,0,,,,"",87.06,
710571949,710571950,308,3c02a801142546b12055f9e1bb54c5a3c066f2c3,python,ok,3,python,unittest,true,false,12,0,12,0,,,,"",86.69,
710598849,710598850,309,002da401f89d6928ad2223cb909e2185ae23b2f3,python,ok,3,python,unittest,true,false,12,0,12,0,,,,"",84.2,
705231734,705231735,30,84aed4b88ac2ab181169cdbf5ce60bca0ff2e9a7,python,ok,1,python,unittest,true,false,12,0,12,0,,,,"",70.15,
710600309,710600310,310,002da401f89d6928ad2223cb909e2185ae23b2f3,python,ok,2,python,unittest,true,false,12,0,12,0,,,,"",103.39,
710600946,710600947,311,2a7cd92fcd3ef4fe1650b51e87ee16ec77dabc1b,python,unknown,2,python,"",false,,,,,,,,,"",,
710601968,710601969,312,dc49c1c8a266534b62b0ac3f25c00952256b1682,python,unknown,3,python,"",false,,,,,,,,,"",,
710603904,710603905,313,04f777c87e1451495f6cc3c68459e04b6132ec95,python,unknown,3,python,"",false,,,,,,,,,"",,
710606176,710606177,314,74ff97d73247030e7d5cde091e3f556ee9a956c9,python,unknown,3,python,"",false,,,,,,,,,"",,
710608392,710608393,315,6ffb34ad47a6393bc70b0d1795ba3c3cdee460c0,python,ok,3,python,unittest,true,false,12,0,12,0,,,,"",86.23,
710610185,710610186,316,78fc74b38938dc1e9d7bff88ded31e92c20c8a5b,python,ok,6,python,unittest,true,false,12,0,12,0,,,,"",85.53,
710612040,710612041,317,a887f2af049c2bc011dd1b049b9dff037b565170,python,ok,1,python,unittest,true,false,12,0,12,0,,,,"",78.09,
710613890,710613891,318,451944c4a9e2b7ad4fcdbbaf53d1d72f3ead9635,python,ok,1,python,unittest,true,false,12,0,12,0,,,,"",78.14,
710622064,710622065,319,8f73fdfc9fe929fc0bb795a9c6b6dde2ac88cda8,python,ok,1,python,unittest,true,false,12,0,12,0,,,,"",83.27,
705234846,705234847,31,8693d2993d508802514df5fb7e7aea7a459313fc,python,ok,2,python,unittest,true,false,12,0,12,0,,,,"",77.96,
710637154,710637155,320,f52b0610a368b080209c172429f38b60e00a900a,python,broken,1,python,unittest,true,true,0,1,1,0,,,,"",0.0,
710637998,710637999,321,b7cc67db7c7c985334371a2ca0b0d69996d126e5,python,ok,1,python,unittest,true,false,12,0,12,0,,,,"",85.94,
710780445,710780446,322,e80645e5b00bcdc6d936d02d4c5bc52160a5aa22,python,ok,2,python,unittest,true,false,12,0,12,0,,,,"",86.95,
710936076,710936077,323,78aeb2084c0ab546c6254cd9bd42feb0f6836181,python,ok,1,python,unittest,true,false,12,0,12,0,,,,"",102.56,
710939049,710939050,324,78aeb2084c0ab546c6254cd9bd42feb0f6836181,python,ok,1,python,unittest,true,false,12,0,12,0,,,,"",79.14,
710939556,710939557,325,96c80b568cfb7a0801b4d5a90ed5cd7f175fa801,python,ok,0,python,unittest,true,false,12,0,12,0,,,,"",95.48,
710958332,710958333,326,10635d6799b7ad32523402551e9d3d2e8f6df285,python,ok,2,python,unittest,true,false,12,0,12,0,,,,"",97.4,
710960978,710960979,327,10635d6799b7ad32523402551e9d3d2e8f6df285,python,ok,3,python,unittest,true,false,12,0,12,0,,,,"",83.33,
710961127,710961128,328,9d314c2bf897a2af88c362cf606c1b780f325b18,python,ok,2,python,unittest,true,false,12,0,12,0,,,,"",84.77,
711095592,711095593,329,a7fa3560b1aa95159aec762c15bfea116bb662a1,python,broken,2,python,unittest,true,true,11,1,12,0,,,,"",69.74,
705235522,705235523,32,5c6f6b4546e78f76d8d8073503cc4c2b07bd36be,python,ok,3,python,unittest,true,false,12,0,12,0,,,,"",91.19,
711103905,711103906,330,5b7b7712dad3840c9eda9fd060c76c504641a7f5,python,broken,2,python,unittest,true,true,11,1,12,0,,,,"",67.83,
711109354,711109355,331,e72fc5f17f46a2a317f95874f5fd88b69fa771a1,python,broken,2,python,unittest,true,true,11,1,12,0,,,,"",89.51,
711121494,711121495,332,8bd3d96866d4d169e0be41778e4526b82abb8cb2,python,ok,2,python,unittest,true,false,12,0,12,0,,,,"",103.24,
711128163,711128166,333,43b72be8b74e542612237e5f02132fda18d0e36f,python,ok,0,python,unittest,true,false,12,0,12,0,,,,"",91.95,
711203518,711203519,334,36cceea9b7c674dd9678bd2b3d101eb77ed6996e,python,broken,3,python,unittest,true,true,0,1,1,0,,,,"",0.0,
711207389,711207390,335,505b0627aa5db8aa982ef20c83d55ab1afb6c4b6,python,ok,2,python,unittest,true,false,12,0,12,0,,,,"",92.17,
711254558,711254559,336,5391ccddff2d0ef38639f7ae5a4ebb197f9eae7c,python,ok,2,python,unittest,true,false,12,0,12,0,,,,"",62.7,
711254564,711254565,337,ed54ec3e84105de2756edae9c8502b2d2483b761,python,ok,1,python,unittest,true,false,12,0,12,0,,,,"",60.65,
711256599,711256600,338,3c0a3a918c1e02cfffb4419030dfcbdc4866f7a9,python,ok,2,python,unittest,true,false,12,0,12,0,,,,"",90.38,
711299093,711299094,339,75fa8853059e3cc030ae1bb0cdc7b3209809d688,unknown,unknown,,plain,"",false,,,,,,,,,"",,
705235571,705235572,33,36912b2a48bd4ca38ee1642914b92c96e7fa6f3a,python,ok,3,python,unittest,true,false,12,0,12,0,,,,"",85.44,
711299196,711299197,340,1094929a34be8fdaab10d0a38faaba8a4f78c799,python,ok,2,python,unittest,true,false,12,0,12,0,,,,"",86.91,
711302253,711302254,341,a341cc45a10fe443dc652e9af6dde90d1ab43045,python,ok,131,python,unittest,true,false,12,0,12,0,,,,"",93.62,
711318329,711318330,342,9c00bd409813a63485c560aeecd174d79ee77261,python,ok,2,python,unittest,true,false,12,0,12,0,,,,"",97.03,
711318589,711318590,343,900f5f20348f978df8c719218426c45eb4fc292f,python,ok,2,python,unittest,true,false,12,0,12,0,,,,"",88.8,
711354927,711354928,344,970421c78088c1483288347439fa3b160e0c2fc4,python,ok,0,python,unittest,true,false,13,0,13,0,,,,"",252.6,
711418462,711418463,345,a9add5bc7b1e42f265b5f7a040a9a5212d6686ea,python,broken,2,python,unittest,true,true,0,1,1,0,,,,"",0.0,
711566402,711566403,346,300ee3fa36b041c204f492926ab04ea3651b7425,python,ok,2,python,unittest,true,false,12,0,12,0,,,,"",90.41,
711567564,711567565,347,99bedabe2d4e81acd9f4a94ff58769a1b1495822,python,ok,0,python,unittest,true,false,12,0,12,0,,,,"",63.64,
711567965,711567966,348,e98b82e18f13a071da5ca690ccb8b6b4446f2408,python,ok,2,python,unittest,true,false,12,0,12,0,,,,"",109.55,
711567971,711567972,349,142f8e56311f16d304a7defa348501325c72e0c4,python,ok,0,python,unittest,true,false,12,0,12,0,,,,"",66.12,
705236152,705236153,34,69abcab466e61988c74f9a7b5c44296d2dfa4556,python,ok,3,python,unittest,true,false,12,0,12,0,,,,"",77.08,
711570923,711570924,350,0af4d17c3403cf8507a4ebd2915b8bc5f9fdd0c8,python,ok,2,python,unittest,true,false,12,0,12,0,,,,"",94.68,
711571011,711571012,351,95ccc24f2c0d9a310e4600d63d5eaed657602bb6,python,ok,1,python,unittest,true,false,12,0,12,0,,,,"",79.98,
711579490,711579491,352,10de00a268ed9d52133c8bdca2686a49c3c35ee4,python,ok,2,python,unittest,true,false,15,0,15,0,,,,"",157.21,
711579676,711579677,353,0251fa1c233edee4585d7d5e0dbfabfd4735875a,python,ok,1,python,unittest,true,false,15,0,15,0,,,,"",130.21,
711603953,711603954,354,1bd7a88c20c16b4f2b76eb1a510b87f3c8af6195,python,ok,0,python,unittest,true,false,12,0,12,0,,,,"",73.97,
711604243,711604244,355,0c766206c90a24a6459abe61c3890ee5e22a34f2,python,ok,0,python,unittest,true,false,12,0,12,0,,,,"",63.49,
711618238,711618239,356,47d6e51ec5c0713fa09496febcadefdd9448314b,python,ok,2,python,unittest,true,false,15,0,15,0,,,,"",131.09,
711657829,711657830,357,0dedc5f65a25f6ee44ddce7696ac3f9858dd1e02,python,ok,2,python,unittest,true,false,15,0,15,0,,,,"",107.74,
711658837,711658838,358,d35f094d83debbe00648ea101e8be42c10ab108b,python,ok,0,python,unittest,true,false,16,0,16,0,,,,"",297.46,
711660905,711660906,359,6a542665c4e15ab475530ca1eccf1534416069ff,python,ok,2,python,unittest,true,false,16,0,16,0,,,,"",336.22,
705268665,705268666,35,4b3d9213692317f4e3f8edadafd33e97aa8492dc,python,ok,3,python,unittest,true,false,12,0,12,0,,,,"",77.25,
711661201,711661202,360,ac7647473e0f918750cdcd7aae2b16e881c7fec4,python,ok,0,python,unittest,true,false,16,0,16,0,,,,"",297.77,
711661636,711661637,361,9b5b1817360b396cc9419d321bf5ee6ddc88d722,python,ok,0,python,unittest,true,false,16,0,16,0,,,,"",294.73,
711661653,711661654,362,7ca793348ad0c2b67c708c80fc6f65ba3154517b,python,ok,0,python,unittest,true,false,16,0,16,0,,,,"",311.36,
711661900,711661901,363,41be7ab1c7aea8c10642eb94471552090228f69f,python,ok,0,python,unittest,true,false,16,0,16,0,,,,"",290.66,
711662169,711662170,364,e831d12e971e49556d7186d592abfc20024ee42e,python,ok,2,python,unittest,true,false,16,0,16,0,,,,"",313.65,
711664960,711664961,365,56fb1ae76d3dae64c9d31bc817bc31816b719ae2,python,ok,0,python,unittest,true,false,16,0,16,0,,,,"",311.14,
711665478,711665479,366,7f8d4ab5fcf5bd68ddcd4c0367fb772c1eedfb11,python,ok,2,python,unittest,true,false,16,0,16,0,,,,"",312.27,
711674157,711674158,367,ed37ea1d0d42e347b54071572004f00a0c4cc669,python,ok,0,python,unittest,true,false,16,0,16,0,,,,"",311.08,
711765456,711765457,368,9d911ae77284fbe6f22dced1de82c959b8ee828d,python,ok,2,python,unittest,true,false,16,0,16,0,,,,"",305.33,
711766208,711766209,369,b35a48740b453d2992121d2677056074332f816e,python,ok,1,python,unittest,true,false,16,0,16,0,,,,"",305.94,
705268928,705268929,36,1c6281d9c732d3d747db401e300c30674b144283,python,ok,1,python,unittest,true,false,12,0,12,0,,,,"",79.5,
711827454,711827455,370,8cbb88fed98b7dd68aa8b4dd491991a2a5a6428b,python,ok,3,python,unittest,true,false,16,0,16,0,,,,"",309.33,
711828253,711828254,371,fd691f7841660d77131185cfd998f2a5f0a4a26d,python,ok,2,python,unittest,true,false,16,0,16,0,,,,"",310.96,
711829959,711829960,372,fd691f7841660d77131185cfd998f2a5f0a4a26d,python,ok,2,python,unittest,true,false,16,0,16,0,,,,"",258.67,
711857898,711857899,373,d16216776246ce7353b31a40484b62412bd6c03a,python,ok,2,python,unittest,true,false,16,0,16,0,,,,"",258.21,
711864300,711864301,374,57b8aab469b0a0bb60521f4c70372642b00310e1,python,ok,0,python,unittest,true,false,16,0,16,0,,,,"",265.48,
711864501,711864502,375,61960e573403e09030bd80f242715ba3788709a0,python,ok,2,python,unittest,true,false,16,0,16,0,,,,"",263.46,
711883537,711883538,376,2576859b88521db32f8d2071ec5a8551e78924d9,python,broken,2,python,unittest,true,true,0,1,1,0,,,,"",0.0,
711884296,711884297,377,c00591a063da5ae78b2fda2b506f3688e875a231,python,broken,0,python,unittest,true,true,0,1,1,0,,,,"",0.0,
711884369,711884371,378,2576859b88521db32f8d2071ec5a8551e78924d9,python,broken,2,python,unittest,true,true,0,1,1,0,,,,"",0.0,
711885062,711885063,379,124f37feb39443290bebeddd4a76b152c3199826,python,broken,2,python,unittest,true,true,0,1,1,0,,,,"",0.0,
705359601,705359602,37,7c30a9c6f9c5612fd78386592e02f150eb68a95e,python,ok,2,python,unittest,true,false,12,0,12,0,,,,"",71.14,
711885066,711885067,380,5af59d64c5482815ff4b1be3806839d5b4d4471d,python,broken,0,python,unittest,true,true,0,1,1,0,,,,"",0.0,
711886761,711886762,381,8c677f69f4e268896f98b8d00b2f3d2233414f3d,python,broken,2,python,unittest,true,true,11,5,16,0,,,,"",229.13,
711886763,711886764,382,2977a37f41f7d7740f8ced3c2f09fb248c0edc44,python,broken,0,python,unittest,true,true,11,5,16,0,,,,"",215.24,
711889717,711889718,383,91ddca89b7ed4b2f7cdac259c5c9c419b8b95e3b,python,ok,1,python,unittest,true,false,16,0,16,0,,,,"",274.43,
711892558,711892559,384,91ddca89b7ed4b2f7cdac259c5c9c419b8b95e3b,python,ok,0,python,unittest,true,false,16,0,16,0,,,,"",264.87,
711893055,711893056,385,1605f0e063096bc27cd578f36cc4b9c8c320b732,python,ok,0,python,unittest,true,false,16,0,16,0,,,,"",265.05,
712048822,712048823,386,377acc9518113f972537034215632555f50dc343,python,ok,2,python,unittest,true,false,16,0,16,0,,,,"",275.15,
712049026,712049028,387,effbef88e6725f30e9950a9ba026802811995297,python,ok,0,python,unittest,true,false,16,0,16,0,,,,"",259.23,
712052466,712052467,388,3ebe613f21046468111f0e169905a073e6d956e4,python,ok,2,python,unittest,true,false,16,0,16,0,,,,"",263.92,
712153292,712153293,389,be47b94af5b76d36302fa13e176ec63721e38db1,python,ok,0,python,unittest,true,false,16,0,16,0,,,,"",277.48,
705438806,705438807,38,9ba096557de6d80f0bd3e88989db1dd177006999,python,ok,2,python,unittest,true,false,12,0,12,0,,,,"",76.21,
712230939,712230940,390,cb066c032fff270412ba88199eff7b9b8b87164e,python,ok,2,python,unittest,true,false,16,0,16,0,,,,"",283.8,
712235949,712235950,391,8fa8c3a1ccb94ae614ca2d9f7f33507329441646,python,ok,2,python,unittest,true,false,16,0,16,0,,,,"",278.27,
712305234,712305235,392,8fbafd582b02419d945fe90b0ceb4c257da96bc3,python,broken,2,python,unittest,true,true,0,1,1,0,,,,"",0.0,
712305249,712305250,393,3d2abbf0d52a3280fca128ae67a9323e2ffd70d3,python,broken,0,python,unittest,true,true,0,1,1,0,,,,"",0.0,
712305549,712305550,394,13a9b7d32cd10ec10aa40f70948b8863f6ece59f,python,broken,2,python,unittest,true,true,0,1,1,0,,,,"",0.0,
712305551,712305552,395,a345bec4492249c76ca87df708865188c83a3001,python,broken,1,python,unittest,true,true,0,1,1,0,,,,"",0.0,
712308452,712308453,396,105f8774e77d9ef616cb396d7d037126dd503748,python,broken,2,python,unittest,true,true,0,1,1,0,,,,"",0.0,
712308516,712308517,397,f9f041b59625d3ef1074edf23c46922b88afd418,python,broken,1,python,unittest,true,true,0,1,1,0,,,,"",0.0,
712310031,712310032,398,d939c3b85db3cdcd63ad7504dad739e6733727c4,python,ok,2,python,unittest,true,false,16,0,16,0,,,,"",274.87,
712310110,712310111,399,9870e30bac5bc9abfae7196d701cd49564c84854,python,ok,0,python,unittest,true,false,16,0,16,0,,,,"",284.08,
705441336,705441337,39,93b76156c1ded7f7ab04acd4c526b073359f2a82,python,ok,2,python,unittest,true,false,12,0,12,0,,,,"",77.33,
705200760,705200761,3,d7909234ff2a4a21778447b3176f2fe17ffd920b,unknown,broken,,plain,"",false,,,,,,,,,"",,
712378670,712378671,400,c494192bc1bc8251882ba9ee76da9ae47d2a8595,python,ok,2,python,unittest,true,false,16,0,16,0,,,,"",269.4,
712392513,712392514,401,863224ccfbb18b9ef59ee243bb88e8047b15a85f,python,ok,2,python,unittest,true,false,12,0,12,0,,,,"",90.98,
712393053,712393054,402,f14c350c16b3103e0d043ef44741432a2f8c294a,python,ok,3,python,unittest,true,false,16,0,16,0,,,,"",285.99,
712395713,712395714,403,99c8d91c40d09f16f3e66ae658849f86dfd210f5,python,ok,0,python,unittest,true,false,16,0,16,0,,,,"",260.49,
712746277,712746278,404,49d13d488a19e046c6cd1fa1a4208693952d100a,python,ok,2,python,unittest,true,false,16,0,16,0,,,,"",277.44,
712749208,712749209,405,a03d18d6a43b04a246e5c918a43ff4fda6460a61,python,ok,0,python,unittest,true,false,16,0,16,0,,,,"",260.07,
712789419,712789420,406,b02b7694044d5116d58c82b246b8567f9837db87,python,ok,5,python,unittest,true,false,16,0,16,0,,,,"",270.78,
713032107,713032108,407,6735c6b4854251bc3247e2dfa7b480416eb994ab,python,broken,1,python,unittest,true,true,0,1,1,0,,,,"",0.0,
713034823,713034824,408,cac328b4b0c14973ca92e6ed577a5301b2097b2f,python,broken,1,python,unittest,true,true,0,1,1,0,,,,"",0.0,
713036906,713036907,409,649fd13f73243020ee541338386bbcce48fcf38e,python,broken,0,python,unittest,true,true,0,1,1,0,,,,"",0.0,
705457862,705457863,40,93b76156c1ded7f7ab04acd4c526b073359f2a82,python,ok,2,python,unittest,true,false,12,0,12,0,,,,"",81.86,
713059890,713059891,410,61c86e4ed2fefdb6085a3624f924371434eafa77,python,broken,0,python,unittest,true,true,0,1,1,0,,,,"",0.0,
713060085,713060086,411,ebbbc5e34300a6ff23b4d090ee40fe60bde1702d,python,broken,0,python,unittest,true,true,0,1,1,0,,,,"",0.0,
713267873,713267874,412,2e6b9e8d382d6425639cab6fb15414902c36d79f,python,broken,0,python,unittest,true,true,16,1,17,0,,,,test_content_recommender,314.36,
713468902,713468903,413,361ce4bb13ae5d20813a44d685060e7e1dc2d850,python,ok,0,python,unittest,true,false,17,0,17,0,,,,"",262.81,
713472247,713472248,414,5192d1bd74f1aaecd17f83b672774005c35c6022,python,ok,2,python,unittest,true,false,17,0,17,0,,,,"",281.76,
713488212,713488213,415,ed65084e973a0fc531b3f1678a9528e3ab3ba239,python,ok,0,python,unittest,true,false,17,0,17,0,,,,"",292.0,
713530525,713530526,416,3e6e47baeb37bfdb5445c41337a78c7feca29ad2,python,ok,0,python,unittest,true,false,17,0,17,0,,,,"",267.82,
713531226,713531227,417,81f991d61924ffc3db288f5df5ff1b2057cbc992,python,ok,2,python,unittest,true,false,17,0,17,0,,,,"",305.13,
713563493,713563494,418,15302e2decfacbb03d1e9640432e246f4f6499d5,python,ok,3,python,unittest,true,false,19,0,19,0,,,,"",495.09,
713877338,713877339,419,36403ec80799d3cb6a21221a76c510e94c2c6cb0,python,ok,3,python,unittest,true,false,19,0,19,0,,,,"",508.72,
705458261,705458262,41,ade831e0fcc7abc4908c7f35425446e952644fe3,python,broken,2,python,unittest,true,true,0,1,1,0,,,,"",0.0,
713877618,713877619,420,4000dd01e7c7eeeaa27695d0a1333333e38e6419,python,broken,0,python,unittest,true,true,0,1,1,0,,,,"",0.0,
713883224,713883225,421,893f70519504c4b302809797470a50021f549232,python,unknown,0,python,"",false,,,,,,,,,"",,
713961785,713961786,422,8201a1a1eefdfa9c73b4e9596d300fea1962a82b,python,ok,0,python,unittest,true,false,20,0,20,0,,,,"",521.63,
713961966,713961967,423,3b896a664e3790a0feec6e4cf29b7cad6a9f819d,python,ok,0,python,unittest,true,false,20,0,20,0,,,,"",568.3,
714051277,714051278,424,db61d7beead40f0004bce3b3ffbf448a1d2ed9dd,python,broken,0,python,unittest,true,true,19,1,20,0,,,,"",516.13,
714053708,714053709,425,9f5a1ce6d2b178d9fe470a6dbc9520fb64cbc86b,python,ok,0,python,unittest,true,false,20,0,20,0,,,,"",518.51,
714056444,714056445,426,5efb4ecba038219c4419b6d2c7083320ff936792,python,ok,3,python,unittest,true,false,20,0,20,0,,,,"",531.63,
714060390,714060391,427,22692b9efc976e1f1bc7618fcca4122a4bac113f,python,ok,3,python,unittest,true,false,20,0,20,0,,,,"",544.82,
714074020,714074021,428,7e0eea5f44f2a0a8893f8cbd7fcd3b218bb626fd,python,ok,3,python,unittest,true,false,20,0,20,0,,,,"",537.68,
714074706,714074707,429,4a67225296aa7dee19c91c063b75379dc9340d3e,python,ok,3,python,unittest,true,false,20,0,20,0,,,,"",607.1,
705458479,705458480,42,9e39244f00f91ea0179642116cac603bea300824,python,broken,0,python,unittest,true,true,0,1,1,0,,,,"",0.0,
714074745,714074746,430,b0dfe13861ebef130ed5f50e957af3b21bf5618d,python,ok,3,python,unittest,true,false,20,0,20,0,,,,"",599.28,
714122743,714122744,431,6c19837c499b82d2f2c29d3c68c5f3c921800e71,python,ok,0,python,unittest,true,false,20,0,20,0,,,,"",699.57,
714198028,714198029,432,697bb679e6ce77e91801fe55973c56cb5889c042,python,ok,0,python,unittest,true,false,20,0,20,0,,,,"",532.7,
714263726,714263727,433,e14772921c437de506e72fc5f81b94ee80ffc510,unknown,unknown,,plain,"",false,,,,,,,,,"",,
714263740,714263741,434,787eb380bdfccbd277366dcb5fd36ed6b0fc44c9,python,ok,0,python,unittest,true,false,20,0,20,0,,,,"",518.9,
714263922,714263923,435,3c793015caa11c87bff6d1f1ba138d7a1dce5515,python,ok,0,python,unittest,true,false,20,0,20,0,,,,"",560.95,
714267650,714267651,436,69ad349555a90d85173e4e8bc5131b4de6f28e45,unknown,unknown,,plain,"",false,,,,,,,,,"",,
714267667,714267668,437,a2539fe8ea439806e09ba849491b4aed6b660d25,python,ok,0,python,unittest,true,false,20,0,20,0,,,,"",531.78,
714267938,714267939,438,77bbab6ce6f5f5f3e7a514880eb5ef71005bcae1,python,ok,0,python,unittest,true,false,20,0,20,0,,,,"",547.95,
714268241,714268242,439,cefb53ede5339783f47feffdf926e63b1f9e5132,python,ok,0,python,unittest,true,false,20,0,20,0,,,,"",530.66,
705459012,705459013,43,031cdf68d097a69f7908a1cc0cbf6532c16ee531,python,ok,3,python,unittest,true,false,12,0,12,0,,,,"",75.63,
714322944,714322945,440,3d78d09fd838dbf860297bd896b1abfd11cc44d1,python,ok,0,python,unittest,true,false,20,0,20,0,,,,"",526.93,
714535836,714535837,441,0a80134d2f50a06d0909b009e69f03084d583703,python,ok,4,python,unittest,true,false,20,0,20,0,,,,"",528.91,
714535976,714535977,442,4ec100ade89cea076bc5730461ce266a2458e9fc,python,ok,3,python,unittest,true,false,20,0,20,0,,,,"",556.91,
714601898,714601899,443,d0b2ee4b63722f2935eb15ee0ed5d6cfa24faa3b,python,unknown,3,python,"",false,,,,,,,,,"",,
714634287,714634288,444,c283ae58704a5d929fe2627ce65aff6b9f8e028a,python,broken,0,python,unittest,true,true,20,1,21,0,,,,"",584.91,
714634696,714634697,445,2b8db762790647aae49aab53dbcc1775fa2b4b88,python,broken,0,python,unittest,true,true,20,1,21,0,,,,"",572.07,
714634776,714634777,446,5bdaa483cac2dafcf8bf01f6152d7b11103e0d06,python,broken,0,python,unittest,true,true,20,1,21,0,,,,"",553.27,
714645163,714645164,447,a4e6fa24e318b962a74bec09305c488327d125dc,python,broken,0,python,unittest,true,true,20,1,21,0,,,,"",593.6,
714648725,714648726,448,9c6b0d426a6e16e471a47857661c4363e44b8646,python,ok,1,python,unittest,true,false,21,0,21,0,,,,"",581.8,
714653101,714653102,449,9ae9dd158c5feeb2a48d5ee9ad3fccfa82af114a,python,ok,1,python,unittest,true,false,21,0,21,0,,,,"",875.76,
705461829,705461830,44,fd46c412ca342e080b8b93cb83ef1ff7a39833ea,python,unknown,2,python,"",false,,,,,,,,,"",,
714660170,714660171,450,b97ca39fb18c1ae9267f3a138630f168b0801ae1,python,unknown,3,python,"",false,,,,,,,,,"",,
714698596,714698597,451,f79ad2cfec361c7eba47a5f05ad4d0f62f5196f3,python,ok,3,python,unittest,true,false,21,0,21,0,,,,"",570.2,
714946764,714946765,452,f89ba6d072cbe23d44171d9d3dc7874fbf84f567,python,ok,3,python,unittest,true,false,21,0,21,0,,,,"",545.22,
715006578,715006579,453,f79ad2cfec361c7eba47a5f05ad4d0f62f5196f3,python,ok,3,python,unittest,true,false,21,0,21,0,,,,"",590.75,
715012519,715012520,454,f89ba6d072cbe23d44171d9d3dc7874fbf84f567,python,ok,3,python,unittest,true,false,21,0,21,0,,,,"",553.85,
715013620,715013621,455,04230aea62da32833ece02d0fe110f38a686eee4,python,ok,0,python,unittest,true,false,21,0,21,0,,,,"",598.26,
715016511,715016512,456,03f2f992af1768700c262330449ece5416a54770,python,ok,3,python,unittest,true,false,21,0,21,0,,,,"",607.26,
715343978,715343979,457,03f2f992af1768700c262330449ece5416a54770,python,ok,3,python,unittest,true,false,21,0,21,0,,,,"",581.85,
715344934,715344935,458,03f2f992af1768700c262330449ece5416a54770,python,ok,3,python,unittest,true,false,21,0,21,0,,,,"",567.71,
717006384,717006385,459,d07c512f60c719a522565e35f2219b4aa4c40b05,python,ok,3,python,unittest,true,false,21,0,21,0,,,,"",671.35,
705461831,705461832,45,d6b48f60c836b5b4863a4303bb1aca9f84cbc5d2,python,unknown,1,python,"",false,,,,,,,,,"",,
717008158,717008159,460,8ed9524a7a06006e509ef93c417e1696f68ef2af,python,unknown,,python,"",false,,,,,,,,,"",,
717008304,717008305,461,8fa0f6390f08045c40cf43d97c30a9827329a5f6,python,ok,3,python,unittest,true,false,21,0,21,0,,,,"",615.79,
717008355,717008356,462,54908348b6a85f87c688f1746662e3bf19fa2fd9,python,ok,3,python,unittest,true,false,21,0,21,0,,,,"",536.26,
717010500,717010501,463,2a0ee8254af7ffea80a78076b2934904d2405939,python,ok,3,python,unittest,true,false,21,0,21,0,,,,"",584.51,
717011975,717011976,464,0f861c04caea1ed699c847a5bfec11eb89094325,python,ok,3,python,unittest,true,false,21,0,21,0,,,,"",581.79,
717224930,717224931,465,e241e6d987abc7934930cec39401a15429a39b88,python,broken,0,python,unittest,true,true,0,1,1,0,,,,"",0.0,
717235074,717235075,466,25aed3aba2edd9477c5fad75b33141c2afbc76eb,python,ok,0,python,unittest,true,false,21,0,21,0,,,,"",559.74,
717260555,717260556,467,363ba79a6a688a2a9b3043b73a6044fbcbb3233c,python,ok,4,python,unittest,true,false,21,0,21,0,,,,"",553.85,
717261383,717261384,468,a8d3c432a2f51aef13b932f5fe092803c84b4f41,python,ok,3,python,unittest,true,false,21,0,21,0,,,,"",670.12,
717704330,717704331,469,5d2a6a6143295d59eec2a57f54368031dd9eec41,python,ok,3,python,unittest,true,false,21,0,21,0,,,,"",575.67,
705463333,705463334,46,cd7c57537fa618420c40da499395252db59edf27,python,ok,2,python,unittest,true,false,12,0,12,0,,,,"",80.56,
717704441,717704442,470,5dc63e4ab33a3d4efb30667cced5d7b802de7cb8,python,ok,3,python,unittest,true,false,21,0,21,0,,,,"",611.41,
717704733,717704734,471,015ba609c166712f194df05e67616de22666082a,python,ok,3,python,unittest,true,false,21,0,21,0,,,,"",651.03,
717704822,717704823,472,0a681db73b5aeba5abe5534f4830c19f3c392445,python,ok,5,python,unittest,true,false,21,0,21,0,,,,"",627.89,
717705358,717705359,473,c4a5f3852130733a2882c05054a7babcc12d8fd6,python,ok,3,python,unittest,true,false,21,0,21,0,,,,"",539.82,
717705537,717705538,474,c1afc9571c9f5f64ebcaa52e141a38420b2b5224,unknown,unknown,,plain,"",false,,,,,,,,,"",,
717705635,717705636,475,1f7547c473048512ab6638165e267787522cb60a,unknown,unknown,,plain,"",false,,,,,,,,,"",,
717706507,717706508,476,eb19b3274c1e38fbe63806c17fb03e1730e53f92,python,ok,4,python,unittest,true,false,21,0,21,0,,,,"",582.75,
717708449,717708450,477,527dfad9b040d5fead79a81f79b6465e3b83d364,python,ok,3,python,unittest,true,false,21,0,21,0,,,,"",568.49,
717708713,717708714,478,79e8bc9bf3f6ba0bbebebc235e9df8b79af6f195,unknown,unknown,,plain,"",false,,,,,,,,,"",,
717708925,717708926,479,48f5cb13097ff60da3e02ed5d9097f9426fa26d4,unknown,unknown,,plain,"",false,,,,,,,,,"",,
705463344,705463345,47,d15622fc4044fafb7a7248175873b62f4e8d4811,python,ok,0,python,unittest,true,false,12,0,12,0,,,,"",94.55,
717709137,717709138,480,95624002672430e80c1e3fa250d37a35d9b4f1d7,python,ok,4,python,unittest,true,false,21,0,21,0,,,,"",560.74,
717709448,717709449,481,6d9347c37f5d73f2372605cfe75be966e45b2fda,python,ok,3,python,unittest,true,false,21,0,21,0,,,,"",582.24,
717709776,717709777,482,c294f89033a93b03ac9367165e24109bba94eebd,python,ok,3,python,unittest,true,false,21,0,21,0,,,,"",552.64,
717710404,717710405,483,1678d6828861cf1dbb59a810e5151aa57c120ec9,unknown,unknown,,plain,"",false,,,,,,,,,"",,
717710694,717710695,484,87ec39a9a5b00e66f4dffe625062c2c3708b8422,python,ok,3,python,unittest,true,false,21,0,21,0,,,,"",595.48,
717712961,717712962,485,86491cfba431ff397daed0312dc14961b9d667f7,python,ok,3,python,unittest,true,false,21,0,21,0,,,,"",621.65,
717713443,717713444,486,3bc0d758643d9daa92f44b78b15226631ce4e7c7,python,ok,4,python,unittest,true,false,21,0,21,0,,,,"",582.28,
717713963,717713964,487,597fd3f1a158da12b38bac99f6693de252d6a244,python,ok,3,python,unittest,true,false,21,0,21,0,,,,"",550.78,
717714047,717714048,488,847b5c53e8c17e1a93de2ee9c112b822b4e51283,python,ok,4,python,unittest,true,false,21,0,21,0,,,,"",581.87,
717732330,717732331,489,7df33fe8f51177816581f6c04e5790d3f4e95f3c,python,ok,4,python,unittest,true,false,21,0,21,0,,,,"",589.49,
705466577,705466578,48,a25810fe8ad3f8ed2ed48886b28bdb08e1b3b697,python,ok,3,python,unittest,true,false,12,0,12,0,,,,"",93.0,
717734271,717734272,490,ab3cefd0d18199decf5913fb2651b0c30af727e3,python,ok,4,python,unittest,true,false,21,0,21,0,,,,"",602.89,
717734693,717734694,491,22ab809556ec7da4449a7a0383cca00b294247f6,python,ok,3,python,unittest,true,false,21,0,21,0,,,,"",543.23,
717744389,717744390,492,2a45a41595c961a6e0795388ec82d18b9d27311a,python,ok,4,python,unittest,true,false,21,0,21,0,,,,"",630.0,
718637407,718637408,493,58334a0892cbe356866af5419a8dc53f507a7397,python,ok,3,python,unittest,true,false,21,0,21,0,,,,"",563.11,
718638991,718638992,494,58334a0892cbe356866af5419a8dc53f507a7397,python,ok,3,python,unittest,true,false,21,0,21,0,,,,"",651.27,
718658136,718658137,495,0156c2f52bd8187fe0673ace40b6d85f5d5876a1,python,ok,3,python,unittest,true,false,21,0,21,0,,,,"",544.78,
719086969,719086970,496,61a3ad254834d0b6f537204e380c2b5f58be9790,python,broken,0,python,unittest,true,false,21,0,21,0,,,,"",579.65,
719277875,719277878,497,8ca53a5f82f8b10cd6c8890624e89cd6eed27702,unknown,unknown,,plain,"",false,,,,,,,,,"",,
719277964,719277965,498,6f5064220c646ff4866f37f80d470be09d2fbdc9,python,ok,3,python,unittest,true,false,21,0,21,0,,,,"",558.93,
720404533,720404534,499,c91215386cf108df3c5bd7e6407ae85aba56fd92,python,ok,0,python,unittest,true,false,21,0,21,0,,,,"",590.26,
705468659,705468660,49,a8862d41afae33bfe1b4e3fd23e826bf25947035,python,ok,2,python,unittest,true,false,12,0,12,0,,,,"",77.52,
705200875,705200876,4,85f6e8592c90679515ceeaf9f599eec9855e7fa8,unknown,unknown,,plain,"",false,,,,,,,,,"",,
705200875,705200877,4,85f6e8592c90679515ceeaf9f599eec9855e7fa8,python,unknown,3,python,"",false,,,,,,,,,"",,
705200875,705200878,4,85f6e8592c90679515ceeaf9f599eec9855e7fa8,python,unknown,3,python,"",false,,,,,,,,,"",,
705200875,705200879,4,85f6e8592c90679515ceeaf9f599eec9855e7fa8,python,unknown,3,python,"",false,,,,,,,,,"",,
705200875,705200880,4,85f6e8592c90679515ceeaf9f599eec9855e7fa8,python,unknown,3,python,"",false,,,,,,,,,"",,
705200875,705200881,4,85f6e8592c90679515ceeaf9f599eec9855e7fa8,python,unknown,3,python,"",false,,,,,,,,,"",,
705200875,705200882,4,85f6e8592c90679515ceeaf9f599eec9855e7fa8,python,unknown,2,python,"",false,,,,,,,,,"",,
705200875,705200883,4,85f6e8592c90679515ceeaf9f599eec9855e7fa8,python,unknown,,python,"",false,,,,,,,,,"",,
720406717,720406718,500,260b5a768a74e6f56bfc5910cc038cc4000c2449,python,ok,3,python,unittest,true,false,21,0,21,0,,,,"",588.13,
720415011,720415012,501,b5f64988a0defc308d3a44859819a1c02607341a,python,broken,0,python,unittest,true,false,21,0,21,0,,,,"",561.06,
720415348,720415349,502,d26b042af6a1ba47ac3ea67d81110dc39a793ef1,python,broken,0,python,unittest,true,false,21,0,21,0,,,,"",557.6,
722175802,722175805,503,d7b9753828b39d38ae6467fde6226b741699e2aa,python,broken,0,python,unittest,true,false,21,0,21,0,,,,"",557.46,
722175897,722175898,504,eed6a3014aeccde069379e5aa8af13f447797ec5,python,broken,0,python,unittest,true,false,21,0,21,0,,,,"",613.85,
722176349,722176350,505,b14f30c0bd18f0273b51588935e230ac1bb10ba7,python,broken,0,python,unittest,true,false,21,0,21,0,,,,"",911.98,
722178395,722178396,506,f86aff7298e6aa9ffd8b5abe864675807778b4d1,python,broken,1,python,unittest,true,false,21,0,21,0,,,,"",610.06,
722179121,722179122,507,70cd5ffc7dfa8a41e434b25c5b822ac36939ff9e,python,broken,0,python,unittest,true,false,21,0,21,0,,,,"",687.33,
722925738,722925739,508,0fca4b314ed30fcddad65d33af3d5d6fb0939915,python,ok,1,python,unittest,true,false,22,0,22,0,,,,"",553.94,
722927947,722927948,509,64bb9ef6e82be36588e80cea909e9d8b79106ed1,python,ok,0,python,unittest,true,false,22,0,22,0,,,,"",587.08,
705471085,705471086,50,462b8812385ba806ed6860a5323311e9d7bdb753,python,ok,2,python,unittest,true,false,12,0,12,0,,,,"",66.7,
722935073,722935074,510,6984a9792a2240162ea4ceda2cca22d6b052818a,python,broken,1,python,"",false,,,,,,,,,"",,
722945756,722945757,511,46042e85c4677f476f6a91f09bba86728128fb75,python,broken,1,python,"",false,,,,,,,,,"",,
722947742,722947743,512,754a0222e6363635693b9c153c4b5c9d0f1bb3ec,python,ok,1,python,unittest,true,false,22,0,22,0,,,,"",535.45,
723298376,723298377,513,8ae750cfc3ebe99f520c73f9801823a43029e1cf,python,broken,3,python,"",false,,,,,,,,,"",,
723504204,723504205,514,c4696eb4beb3a9da34d247247252617dedc3466b,python,ok,0,python,unittest,true,false,21,0,21,0,,,,"",430.55,
723515430,723515431,515,ac4b2c48cb79df30013b2e7a9513d2957177a919,python,ok,3,python,unittest,true,false,21,0,21,0,,,,"",409.31,
725625443,725625444,516,d974096b6a46324e5c11e2706cd8f042ca319b53,python,ok,4,python,unittest,true,false,21,0,21,0,,,,"",407.56,
726643612,726643613,517,4fc84e0d4bbfeae7ec518ab261fa9e11c687c396,python,broken,0,python,unittest,true,true,0,1,1,0,,,,"",0.0,
726644915,726644916,518,1727157049d4a56dd9b8277f1cea9889cc25f68d,python,ok,0,python,unittest,true,false,21,0,21,0,,,,"",410.13,
726694442,726694443,519,2d622629313d0621bf98d159adf8557e0dff3067,python,ok,2,python,unittest,true,false,21,0,21,0,,,,"",514.44,
705491481,705491482,51,a30ef4c3f9265fe8ed560b8a8a63b19e485e7f7e,python,ok,2,python,unittest,true,false,12,0,12,0,,,,"",82.94,
727835346,727835347,520,3d167ba9c25091cf900a27610007ed57fb24005f,python,ok,0,python,unittest,true,false,21,0,21,0,,,,"",439.09,
727835521,727835522,521,d4e359c734087df1dba253bc4d87fc365856a6f9,python,ok,0,python,unittest,true,false,21,0,21,0,,,,"",517.77,
727844919,727844920,522,3d25a2f921077edf3119f9b3fab45f641fe9f8b0,python,ok,3,python,unittest,true,false,21,0,21,0,,,,"",704.31,
728038254,728038255,523,b9ba09b874bef349016aeeb9f8660c7cd288c87c,python,ok,2,python,unittest,true,false,21,0,21,0,,,,"",416.58,
728626979,728626980,524,3884eddce939bb52bd3c6e31c25187577f4b81b6,python,broken,1,python,unittest,true,true,0,1,1,0,,,,"",0.0,
728633651,728633652,525,71088f544e56ac02273d9df7871372e070394230,python,ok,1,python,unittest,true,false,21,0,21,0,,,,"",396.43,
728887207,728887208,526,9c38bb6a4e2e078ffc515dc21cb18813f429e27b,python,ok,1,python,unittest,true,false,21,0,21,0,,,,"",436.99,
728887446,728887447,527,78b7740491181ceeb2c43463efdd9dfaed9d6a90,python,ok,0,python,unittest,true,false,21,0,21,0,,,,"",406.65,
729204720,729204721,528,b9ba09b874bef349016aeeb9f8660c7cd288c87c,python,ok,2,python,unittest,true,false,21,0,21,0,,,,"",411.77,
729206690,729206691,529,6a2122ca5ccaccc0dd0cc0065f2cf8252b7b2ef4,python,ok,2,python,unittest,true,false,21,0,21,0,,,,"",499.87,
705491599,705491600,52,ebea7859d5cd3fd06f3027bc30da2f4605c23bc4,python,ok,2,python,unittest,true,false,12,0,12,0,,,,"",63.45,
729208292,729208293,530,a0dd4e209d9a47411d2e0f1cffb28bd92bee9eda,python,ok,2,python,unittest,true,false,21,0,21,0,,,,"",399.77,
729208962,729208963,531,ec082bf824ef699b13661d627c9bede2ba5eb277,python,broken,2,python,unittest,true,true,21,1,22,0,,,,"",498.19,
729211518,729211519,532,805a765bab476a0bee65d395fd3a042d2460b01a,python,ok,2,python,unittest,true,false,22,0,22,0,,,,"",416.33,
729322547,729322550,533,7d95c8004209bc54bf51f68b990de3859bd9fac9,python,ok,2,python,unittest,true,false,21,0,21,0,,,,"",395.77,
729350251,729350252,534,e1cf2fe3d146e91a6ce3c3f8c06c5eb95d41b2f5,python,broken,0,python,unittest,true,true,20,1,21,0,,,,"",446.65,
729359200,729359201,535,a543a957ab0307f24793db12298a4e1682f2c5e1,python,ok,1,python,unittest,true,false,21,0,21,0,,,,"",420.2,
729386180,729386181,536,11043237c19605219615d820a7f558a83e70dbf8,python,ok,4,python,unittest,true,false,22,0,22,0,,,,"",480.91,
729386690,729386691,537,e3bfd64e086d667ff078897291128e924f73e879,python,ok,0,python,unittest,true,false,22,0,22,0,,,,"",523.21,
729391449,729391450,538,cc2a60bf1e1b478e4ac7648a23996a4fd48fdaa9,python,ok,2,python,unittest,true,false,22,0,22,0,,,,"",503.13,
729401469,729401470,539,e4c81386d49dd8b53b6d3e6cec53dd1667d14c5e,python,ok,2,python,unittest,true,false,22,0,22,0,,,,"",426.02,
705506835,705506836,53,861c4ff139f2c9516875b87250710bd0cbd71475,python,ok,3,python,unittest,true,false,12,0,12,0,,,,"",81.26,
729503041,729503042,540,e4c81386d49dd8b53b6d3e6cec53dd1667d14c5e,python,ok,2,python,unittest,true,false,22,0,22,0,,,,"",407.05,
729539993,729539994,541,6435059975926795b4862c711702e9d1ea4e4340,python,ok,0,python,unittest,true,false,22,0,22,0,,,,"",454.12,
729650218,729650219,542,17ac0bd90c5a9dca2b37b71a0678e1e62bc0197d,python,ok,2,python,unittest,true,false,22,0,22,0,,,,"",480.43,
729657805,729657806,543,17ac0bd90c5a9dca2b37b71a0678e1e62bc0197d,python,ok,3,python,unittest,true,false,22,0,22,0,,,,"",402.36,
729945311,729945312,544,cd887aeb117c98db13084cb5db3163d32c3046a1,python,ok,2,python,unittest,true,false,22,0,22,0,,,,"",425.33,
729948312,729948313,545,2e2420f4400a56d18bc2d490bcbc14d533d17749,python,ok,3,python,unittest,true,false,22,0,22,0,,,,"",424.0,
731196553,731196554,546,41305cb43fcd2d430d0c49620e8d210e117aee96,python,broken,2,python,unittest,true,true,0,1,1,0,,,,"",0.0,
731745268,731745269,547,fdb99da2d8da01bc90d53f25059be789fe50a177,python,broken,0,python,unittest,true,true,0,1,1,0,,,,"",0.0,
731747260,731747261,548,62778e4e26745bdeb69abbcf4096b9b6bed1c9a9,python,ok,0,python,unittest,true,false,22,0,22,0,,,,"",456.49,
731751801,731751802,549,c4689e157070be6174edc7025aa0bc2f2d6659a7,python,ok,2,python,unittest,true,false,22,0,22,0,,,,"",386.45,
705507242,705507243,54,4989605dafc9b1f5f78a17ee1b7d334df5e1bcef,python,ok,3,python,unittest,true,false,12,0,12,0,,,,"",71.75,
732318027,732318028,550,5f02e4dfed82919067598398a050692af9a94565,python,ok,3,python,unittest,true,false,22,0,22,0,,,,"",417.02,
732516545,732516546,551,4c6d88a88196174a2c10c53e7fdaf6bbc016cc19,python,broken,0,python,unittest,true,true,21,1,22,0,,,,"",345.79,
732524300,732524301,552,140009084822019f0eebfc1895215475805e8803,python,ok,0,python,unittest,true,false,22,0,22,0,,,,"",363.05,
732570597,732570598,553,ce2692fccb00f0f80fbad2a915adce5c014de7f2,python,ok,1,python,unittest,true,false,22,0,22,0,,,,"",404.21,
732581308,732581309,554,ebbea72020a01d31f50e069325ea55e9e129a2d9,python,ok,0,python,unittest,true,false,22,0,22,0,,,,"",412.13,
733130427,733130428,555,97d4f3a79fab175c9a1de2e522e752fb94cfbc29,python,ok,2,python,unittest,true,false,22,0,22,0,,,,"",379.77,
733130554,733130555,556,d96291e9aa2440545c1c3b9a2d8d0a50ea1524b5,python,ok,2,python,unittest,true,false,22,0,22,0,,,,"",488.28,
733130556,733130557,557,11fbb1f4c8e5624d85fa9bb16dabec56ae30face,python,ok,0,python,unittest,true,false,22,0,22,0,,,,"",380.54,
733703702,733703703,558,ec8e4e4e0e4acae9f4967d65cfc8a28a9c5a1135,python,ok,3,python,unittest,true,false,22,0,22,0,,,,"",400.99,
734930000,734930001,559,53edc7e6a135f8aad4adddd11bfb5fc85ba1327f,python,broken,2,python,unittest,true,true,0,1,1,0,,,,"",0.0,
705515485,705515486,55,b228833ab2f1bfcc4e42b23264163bc1286a04f5,python,ok,2,python,unittest,true,false,12,0,12,0,,,,"",100.98,
734933320,734933321,560,c9339f70faab562f78eaaa163911c643a0d3b5e5,python,unknown,2,python,"",false,,,,,,,,,"",,
734934846,734934847,561,05db54267c55674b4aa9b1c24cc9b31ea3a0d531,python,ok,2,python,unittest,true,false,22,0,22,0,,,,"",412.49,
734939676,734939677,562,31868be2f1181c1d11aebd5db355abcf54320a89,python,ok,1,python,unittest,true,false,22,0,22,0,,,,"",407.02,
735063643,735063644,563,002a183d214cb0ef43412a84b0a6195c76c6cbcb,unknown,unknown,,plain,"",false,,,,,,,,,"",,
735063645,735063646,564,03c08c7d5ac3ce95d5e36c737765ebda36160b18,unknown,unknown,,plain,"",false,,,,,,,,,"",,
735064662,735064663,565,dc7f5308e76e681f0e1512af153bc51cf9926c47,python,ok,2,python,unittest,true,false,23,0,23,0,,,,"",490.54,
735064664,735064665,566,b2c42eeac0b15c9e5aec6e61950f67e8abcd0c9d,python,ok,1,python,unittest,true,false,23,0,23,0,,,,"",468.26,
738714069,738714070,567,7c80620b5c2b3a542264f920b76cebf37a6f98a0,python,ok,2,python,unittest,true,false,22,0,22,0,,,,"",398.72,
741993581,741993582,568,41ee22b92cf9f25d19ce5ba7b51b10ab35a8dc1f,python,ok,0,python,unittest,true,false,22,0,22,0,,,,"",384.05,
742555269,742555270,569,0c055fa294c0cc6e409746481e6c00683fffdcb8,python,ok,3,python,unittest,true,false,22,0,22,0,,,,"",676.52,
705515919,705515920,56,cb5004a74a3b1ba3c4a7ef0355df1333710f075f,python,ok,2,python,unittest,true,false,12,0,12,0,,,,"",75.16,
744897508,744897509,570,0c055fa294c0cc6e409746481e6c00683fffdcb8,python,ok,2,python,unittest,true,false,22,0,22,0,,,,"",374.75,
745242346,745242347,571,30df5a3c3fe15895c89427dd3bf266581e9ab69d,python,ok,2,python,unittest,true,false,22,0,22,0,,,,"",376.02,
748478498,748478499,572,03fa17419bc79d26c1988ffc45964ca2840406fc,unknown,unknown,,plain,"",false,,,,,,,,,"",,
748478505,748478506,573,4fe53ee88793dab9bc2d945fc1772be243f1e8a5,python,broken,2,python,"",false,,,,,,,,,"",,
749646334,749646335,574,104c5bb469176109c75b10fa64b9882f27cb714c,python,unknown,2,python,"",false,,,,,,,,,"",,
749697352,749697353,575,ebabcc58a6b42f0771124f3373f8eb90eea4daac,python,ok,2,python,unittest,true,false,22,0,22,0,,,,"",381.11,
749697409,749697410,576,e199d09cc765721edd002be5bef355b7d843d2fd,python,ok,2,python,unittest,true,false,22,0,22,0,,,,"",368.89,
749697413,749697414,577,2d1897ded4ad5257f66f0e60c34bbecd8ca6ffa5,python,ok,0,python,unittest,true,false,22,0,22,0,,,,"",402.34,
749718081,749718082,578,e9a234197facf191b5d1962a499c2b11cb87647b,python,ok,2,python,unittest,true,false,22,0,22,0,,,,"",495.23,
705517643,705517644,57,8d90965fef93ad349bce7b44d80e47999115c68a,python,ok,2,python,unittest,true,false,12,0,12,0,,,,"",77.73,
705519026,705519027,58,fd4fabff8baadfa7a084a478e4ef183339e19813,python,ok,2,python,unittest,true,false,12,0,12,0,,,,"",74.45,
705522163,705522164,59,581c52ba6add015312652c733adccbb7c4684c5d,python,ok,3,python,unittest,true,false,12,0,12,0,,,,"",76.98,
705201236,705201237,5,a03f2773279d41fb06d825531cbe804f69d1df3d,python,unknown,2,python,"",false,,,,,,,,,"",,
705526466,705526467,60,74dc0936f56be83d559a98522a0e68c304facf0d,unknown,unknown,,plain,"",false,,,,,,,,,"",,
705527116,705527117,61,9838ec514396ec5d46518768bb423ba569b55e7c,python,ok,2,python,unittest,true,false,12,0,12,0,,,,"",80.76,
705527595,705527596,62,b56842b8aa005d808bb8e344ed1525bc0139369d,python,ok,2,python,unittest,true,false,12,0,12,0,,,,"",82.25,
705528487,705528488,63,124a3b35817a11d097bf977796d3f9d8d64db369,python,ok,2,python,unittest,true,false,12,0,12,0,,,,"",65.77,
705529817,705529818,64,c8c83ed5e6ffe8e745339e93ebc1e09976fda21d,unknown,unknown,,plain,"",false,,,,,,,,,"",,
705530007,705530008,65,19491e370e21e2a4e77394179ec6f86909264f8c,python,ok,2,python,unittest,true,false,12,0,12,0,,,,"",74.9,
705578128,705578129,66,a221f528b2ab658aecbca34e7a638bff1e4a5bb6,python,ok,2,python,unittest,true,false,12,0,12,0,,,,"",107.79,
705580185,705580186,67,50d949a53987c30e99e060e1d40f184ab6c6c3fb,python,ok,2,python,unittest,true,false,12,0,12,0,,,,"",81.26,
705581499,705581500,68,764ade001670ab6b90f85c0168dc8ad3f6a1cfa9,python,ok,2,python,unittest,true,false,12,0,12,0,,,,"",87.38,
705581664,705581665,69,d30d25d71682a788d3aad22d1590b8610b220b02,python,ok,2,python,unittest,true,false,12,0,12,0,,,,"",101.76,
705202520,705202521,6,629c2e928b5df98c161ab5485f5b909bc17feae3,python,broken,2,python,pytest,true,false,0,0,0,0,,,,"",0.01,
705599581,705599582,70,189d174aa25e32f2dd51b9bb0f5c0a7e860680e7,python,ok,2,python,unittest,true,false,12,0,12,0,,,,"",79.52,
705600055,705600056,71,4988be44ecc5e383862e39f30adc91a63d122dde,python,ok,3,python,unittest,true,false,12,0,12,0,,,,"",70.06,
705600865,705600866,72,4e7e922d17a9ed164d8c51d80747d5adfcd18c9d,python,ok,3,python,unittest,true,false,12,0,12,0,,,,"",80.2,
705604547,705604548,73,876c97524013858eb4c8a58d75d2e3d90905d08d,python,broken,3,python,unittest,true,true,1,11,12,0,,,,"",1.06,
705620719,705620720,74,51be7e4ea1c26809208e510cf817ec4ac57b0cf4,python,ok,2,python,unittest,true,false,12,0,12,0,,,,"",75.58,
705626219,705626220,75,2aa384b6b80625c2b03cd987fbb2760a6de2e639,python,ok,2,python,unittest,true,false,12,0,12,0,,,,"",72.01,
705626459,705626460,76,a0631488bab78d36693afaedfaa6c287ba1a9de4,python,ok,2,python,unittest,true,false,12,0,12,0,,,,"",81.79,
705629188,705629189,77,3867f075984b7fd180943848522049ad4d6b9a29,python,ok,3,python,unittest,true,false,12,0,12,0,,,,"",83.74,
705630932,705630933,78,6a173962e7dcb142fbd2f93e150492acec9a64f8,python,ok,2,python,unittest,true,false,12,0,12,0,,,,"",82.66,
705636511,705636512,79,104c6505c34c83857280d55aed5e300f71011b4f,python,broken,1,python,unittest,true,true,1,11,12,0,,,,"",0.32,
705204525,705204526,7,e9232a83d0d2c8d0bbc65d044f3c3f8c36683901,python,broken,3,python,pytest,true,false,0,0,0,0,,,,"",1.93,
705639319,705639320,80,e5caf935b1877a3c642a9cc3e76f85f99a67d910,python,broken,2,python,unittest,true,true,11,1,12,0,,,,test_analyze_sklearn_classifiers,76.23,
705640581,705640582,81,5a36f5a2fc69f764b65be7cd235b7eab11ebe5af,python,ok,2,python,unittest,true,false,12,0,12,0,,,,"",94.16,
705848844,705848845,82,5a36f5a2fc69f764b65be7cd235b7eab11ebe5af,python,ok,2,python,unittest,true,false,12,0,12,0,,,,"",74.57,
705849044,705849045,83,2140fcbc14dfb4da0a381c759382aa4194b130dd,python,ok,1,python,unittest,true,false,12,0,12,0,,,,"",76.5,
705849096,705849097,84,e5e3d28f5d243cd60c440a0adb8eb9f9ffeec28a,python,ok,2,python,unittest,true,false,12,0,12,0,,,,"",71.95,
705851631,705851632,85,876c41d2fb08f2758c366ce177ba6f95cce823bd,python,ok,3,python,unittest,true,false,12,0,12,0,,,,"",77.82,
705851637,705851638,86,13dc94b184cc56785d12923464b45c4704ddefb2,python,ok,1,python,unittest,true,false,12,0,12,0,,,,"",76.49,
705854570,705854571,87,a7f5281d2a064ded199944351a6fe15b02e05e0c,python,ok,3,python,unittest,true,false,12,0,12,0,,,,"",89.57,
705854586,705854587,88,8d9263976930f29d628af0e5ae1263090ca8b20d,python,ok,1,python,unittest,true,false,12,0,12,0,,,,"",72.16,
705857297,705857298,89,87d2d8d4da21a426ec2a5ec1c4c9b0c79a150231,python,ok,2,python,unittest,true,false,12,0,12,0,,,,"",65.02,
705207963,705207964,8,4db2cf280fde8edebbb2d56d3aa0ad4a4e76c2c7,python,broken,3,python,"",false,,,,,,,,,"",,
705857509,705857510,90,871ba5ed9321291fd3fe36e348c7cbd2bd624631,python,ok,3,python,unittest,true,false,12,0,12,0,,,,"",74.54,
705876448,705876449,91,d33b701fbe053f3900714451598f7907194720fc,python,ok,2,python,unittest,true,false,12,0,12,0,,,,"",85.94,
705883421,705883422,92,fe436ac0c06a7881929a376ee974b444ad39e91b,python,ok,2,python,unittest,true,false,12,0,12,0,,,,"",72.32,
705887266,705887267,93,fe436ac0c06a7881929a376ee974b444ad39e91b,python,ok,3,python,unittest,true,false,12,0,12,0,,,,"",76.53,
705896014,705896015,94,871ba5ed9321291fd3fe36e348c7cbd2bd624631,python,ok,3,python,unittest,true,false,12,0,12,0,,,,"",77.31,
705896033,705896034,95,871ba5ed9321291fd3fe36e348c7cbd2bd624631,python,ok,3,python,unittest,true,false,12,0,12,0,,,,"",83.1,
705973118,705973119,96,1dff92358d393fc0bb35e0ce0147cf2364f06814,python,ok,2,python,unittest,true,false,12,0,12,0,,,,"",119.07,
705974672,705974673,97,79864bbaa6d6518c0732cd79b9e2a24a5bc4d76c,python,ok,3,python,unittest,true,false,12,0,12,0,,,,"",81.17,
705975919,705975920,98,09a0901441ff7a06e20958d629ffb7739b6defaa,python,broken,2,python,unittest,true,true,1,11,12,0,,,,"",0.01,
705975968,705975969,99,00bdc556e038f4a8fc20fe349f9a51c6df5f4ecf,python,ok,3,python,unittest,true,false,12,0,12,0,,,,"",80.52,
705214996,705214997,9,ea39f7900e246095f221a7024280dc5053ddb793,python,broken,3,python,"",false,,,,,,,,,"",,
