build_id,commit,pull_req,branch,status,duration,started_at,jobs,event_type
743162448,f9ac39ba86dabeead64ba9bc2a686ce97c7fd40c,2250,master,errored,1001,2020-11-12 13:08:28 UTC,743162449,743162450,743162451,pull_request
743152317,f94cde5168f9248e621ec6d90bbe3496bf1f8b63,2256,master,passed,2416,2020-11-12 12:43:48 UTC,743152318,743152319,743152320,pull_request
743151846,50720d00c6012df3a794c0d72767c518e28bdf20,2255,master,passed,2321,2020-11-12 12:42:06 UTC,743151847,743151848,743151849,pull_request
743151735,aecc515a03121754d315c5c2c80bbcab0ab61756,2256,master,canceled,0,,743151736,743151737,743151738,pull_request
743146734,745025aa4d8a93df7c99e2ee7f0705074e141d8f,2256,master,canceled,0,,743146735,743146736,743146737,pull_request
743145568,8f548c754c2abd78bdfb82f2530de53944b35368,2255,master,canceled,0,,743145569,743145570,743145571,pull_request
743144131,0ce7685477d33374ddf0fe7f32b5a2d04040b47c,,master,passed,2371,2020-11-12 11:24:36 UTC,743144132,743144133,743144134,push
743143618,aa900ce1150c674013effe46c3f02e7eb8540f27,2250,master,failed,551,2020-11-12 11:05:04 UTC,743143619,743143620,743143622,pull_request
743142126,4e709494405d02ddf9ad4887b55d24fc6c1a5b76,2189,master,passed,2425,2020-11-12 11:02:12 UTC,743142127,743142128,743142129,pull_request
743140719,a2202867fd5305b6ce5d9dc9a75758997a1afa43,2256,master,canceled,0,,743140720,743140721,743140722,pull_request
743139935,5e9943aa1f51a97068fc37d53dea1d447570becc,,master,canceled,0,,743139936,743139937,743139938,push
743127273,a235a2cc5f71cc289bbc6b1d4966eb3e3b2064b8,2256,master,passed,2369,2020-11-12 08:25:39 UTC,743127274,743127275,743127276,pull_request
743106124,7a8ca018a39e10a37f40559f1c9ab761a816d724,2240,master,passed,2387,2020-11-12 05:36:16 UTC,743106125,743106126,743106127,pull_request
743096240,9220bc8fa7b69f8b58482ba7be7d1b602e6df79d,2238,master,passed,2437,2020-11-12 04:40:06 UTC,743096241,743096242,743096243,pull_request
743093715,dd73f6b79d2531281fae703f75aa5e112dbfaa11,2256,master,passed,2378,2020-11-12 04:34:29 UTC,743093716,743093717,743093718,pull_request
743080289,1e6b7425ec20e2bddc6331a21016475a43f9d995,,master,passed,2314,2020-11-12 01:53:14 UTC,743080290,743080291,743080292,push
743017564,074fa8f0252f9a976e137899fcf90622d039c4af,2133,master,failed,552,2020-11-11 19:30:06 UTC,743017565,743017566,743017568,pull_request
743016940,97d4b2dce25694a32c52589740715ebc2c234055,2133,master,failed,493,2020-11-11 19:27:27 UTC,743016941,743016942,743016943,pull_request
742959051,ebb07af3f623859c88793b3cb73ee4f7cc7f8e77,2255,master,passed,2316,2020-11-11 15:25:39 UTC,742959052,742959053,742959054,pull_request
742915225,0983d9df1883df54fcfadd260f4cf5346cd3756a,2254,master,passed,2422,2020-11-11 12:30:20 UTC,742915226,742915227,742915228,pull_request
742903257,0e0fc287bc316850e2babaeb3e89d1e3a1d70b5d,2252,master,failed,2503,2020-11-11 09:58:24 UTC,742903258,742903259,742903260,pull_request
742898119,08bef38b408ee5c1e33a5bb37acb9f3cc2457dec,2254,master,passed,2443,2020-11-11 09:02:37 UTC,742898120,742898121,742898122,pull_request
742895754,a23998c5e6265a7c67894eddec1e91a6f15d76af,2254,master,failed,788,2020-11-11 08:31:03 UTC,742895755,742895756,742895757,pull_request
742877524,38758b48984aadd70945f71a572fcdde4569f36e,2238,master,passed,2363,2020-11-11 06:04:14 UTC,742877525,742877526,742877527,pull_request
742686552,188907776084323182da2beeab28812ba77588a8,2253,master,passed,2324,2020-11-10 12:12:01 UTC,742686553,742686554,742686555,pull_request
742683155,62e41a6788a63c2c216c8f2eef5cd24591ed149a,2253,master,passed,2243,2020-11-10 11:51:08 UTC,742683156,742683157,742683158,pull_request
742661622,3c4e641ae7114215cb73cce939058d91417cef42,2253,master,passed,2356,2020-11-10 09:34:42 UTC,742661623,742661624,742661625,pull_request
742659948,86724b48550900e69145d845bdc79de4b517f7d6,2253,master,failed,1266,2020-11-10 09:25:57 UTC,742659949,742659950,742659951,pull_request
742656489,cdab4c6a3f049fdb19e136746819b3d9e314251f,2253,master,errored,1391,2020-11-10 09:10:12 UTC,742656490,742656491,742656492,pull_request
742649079,c43a6f9d3638c7b060e105112e61899d04131a2d,2253,master,passed,2317,2020-11-10 08:19:43 UTC,742649081,742649082,742649085,pull_request
742647494,d5a09ac773808ce9c6ba5ff0e061fd665aaf6219,2253,master,passed,2317,2020-11-10 08:09:43 UTC,742647495,742647496,742647497,pull_request
742617914,a5757700b69bac87380d63d0d64f7535627f1cdc,2238,master,passed,2383,2020-11-10 04:18:45 UTC,742617915,742617916,742617917,pull_request
742461685,273ada99a2ccae97177af3cb20a83f2a3391234c,2251,master,passed,2411,2020-11-09 15:01:43 UTC,742461686,742461687,742461688,pull_request
742452216,59a195f1a566e6724acc8bda246faf2f4ad89dae,,master,passed,2621,2020-11-09 14:21:58 UTC,742452217,742452218,742452219,push
742439804,98e6c2bd5cc26d99d5392dc7bc50f544096e1e98,2229,master,passed,2388,2020-11-09 13:18:46 UTC,742439805,742439806,742439807,pull_request
742439704,7f91d24599ddd1534fbbbc762a70e2d4068a5076,2229,master,passed,2325,2020-11-09 13:18:05 UTC,742439705,742439706,742439707,pull_request
742435678,f153a5eef7760c4eb1c3f54b7c679264e7b59ebc,2245,master,passed,2498,2020-11-09 12:57:20 UTC,742435679,742435680,742435681,pull_request
742425862,5583545ae429f368af2f892ac8465d1ae44a3637,2229,master,passed,2409,2020-11-09 12:01:09 UTC,742425863,742425864,742425865,pull_request
742425661,be79fc01b962e43100d27e031fcbc124fd5c7dc7,2229,master,passed,2491,2020-11-09 11:59:54 UTC,742425662,742425663,742425664,pull_request
742395214,a1ae067fbe4b48bfed8ea44135574427b47da003,2251,master,passed,2345,2020-11-09 09:22:59 UTC,742395215,742395216,742395217,pull_request
742392697,fcc7dad3f70fee2638e27ccf4af80e33b4541c2c,2251,master,canceled,0,,742392698,742392699,742392700,pull_request
742390861,e04a69326bc51dc1d43ef2833cd664a80373fea3,2251,master,canceled,0,,742390862,742390863,742390864,pull_request
742331733,e1e34f87c49780c6d59e111408b1306663f284c1,2253,master,passed,2434,2020-11-09 02:13:02 UTC,742331734,742331735,742331736,pull_request
742313810,4f573f589a3df3dccc0335417689eb1ab8bf7bb8,2250,master,failed,541,2020-11-08 23:45:13 UTC,742313811,742313812,742313813,pull_request
742311838,5e21dc87242fb921abf905d64e60d30e3fb6a2f8,2250,master,failed,560,2020-11-08 23:27:33 UTC,742311839,742311840,742311841,pull_request
742311731,0059fcd565e622439c715ea17d35957afdefa172,2250,master,errored,980,2020-11-08 23:26:38 UTC,742311732,742311733,742311734,pull_request
742309195,c4f85972f775a8ca61bb89b23b33c2e3415a9fe7,2250,master,failed,550,2020-11-08 23:06:49 UTC,742309196,742309197,742309198,pull_request
742308670,fbcac3e285b6eb4fce213b7148f710559389124c,2250,master,failed,568,2020-11-08 23:02:55 UTC,742308671,742308672,742308673,pull_request
742308535,15da787f18254558eaa8159fe08a3829ab5ca00e,2250,master,failed,572,2020-11-08 23:01:21 UTC,742308536,742308537,742308538,pull_request
742250981,4e12683a57987ccbb9416be60d7754adc62994c8,2250,master,failed,708,2020-11-08 16:22:28 UTC,742250982,742250983,742250984,pull_request
742250052,6f0110f3c57d77dd74f871def57594bb6daf11d5,2250,master,failed,685,2020-11-08 16:15:49 UTC,742250053,742250054,742250055,pull_request
742249064,c8da1d78f328b1de35c4ae005920e4fced73bf84,2250,master,failed,695,2020-11-08 16:15:39 UTC,742249065,742249066,742249067,pull_request
742246681,4dc629a2fa0afa06ebc8108a2e4ed8b76541734e,2250,master,failed,686,2020-11-08 16:00:29 UTC,742246682,742246683,742246684,pull_request
742234657,c3089d4f71a2781b5967127f17a6e947aed9c159,2253,master,failed,788,2020-11-08 14:53:23 UTC,742234658,742234659,742234660,pull_request
742233124,ce8c54200e10bdf18600f830ccf50dfda6452db7,1983,master,passed,2390,2020-11-08 14:40:33 UTC,742233125,742233126,742233127,pull_request
742232794,50b4de74f7a2f1a59fcb9d6ed192f5adbcd4cc77,2189,master,passed,2342,2020-11-08 14:37:30 UTC,742232795,742232796,742232797,pull_request
742232775,685faea33a909d6d7f6e71126baf8de648689d36,2253,master,failed,759,2020-11-08 14:37:25 UTC,742232776,742232777,742232778,pull_request
742232590,f7cdaed216113c8df3feacf20675a617651a23e4,2241,master,passed,2411,2020-11-08 14:36:14 UTC,742232591,742232592,742232593,pull_request
742232098,ef3f447216c4f5c05c44ec15075bb6ec97bdbc00,2252,master,failed,2409,2020-11-08 14:32:37 UTC,742232099,742232100,742232101,pull_request
742220920,eb0519ab829cfd4b87f89f65334130c3ae8667c2,2251,master,passed,2329,2020-11-08 12:36:48 UTC,742220921,742220922,742220923,pull_request
742155935,175bc0c492441339a43d8294c10313f3f9265c5b,2250,master,failed,663,2020-11-07 23:39:05 UTC,742155936,742155937,742155938,pull_request
742152821,b97e2eef1c5f6a2ce14e49772f1dbb62220e96aa,2250,master,failed,710,2020-11-07 23:08:27 UTC,742152822,742152823,742152824,pull_request
742149259,43112e7735cf7bd1af5c9e92ef9a1f6053276361,2250,master,failed,667,2020-11-07 22:36:10 UTC,742149260,742149261,742149262,pull_request
742148239,dd1d28385767f81944a8bc1e269b0ebb755b81fe,2250,master,failed,899,2020-11-07 22:25:52 UTC,742148240,742148241,742148242,pull_request
742003069,a68e0f6be664be3466daef0198cfb5f9cd54397b,2249,master,failed,1022,2020-11-07 00:38:54 UTC,742003070,742003071,742003072,pull_request
742002798,b35f364e3cec933fc292f806b219361f90e043f9,2249,master,canceled,0,,742002799,742002800,742002801,pull_request
741997223,80d06a4f5c5fbba848ce67fb0ef4386301f85ec8,2249,master,failed,2227,2020-11-06 23:29:57 UTC,741997224,741997225,741997226,pull_request
741996188,9824c7e90eb3b0401b0691f736b4cc535c52f70a,2249,master,failed,1298,2020-11-06 23:21:50 UTC,741996189,741996190,741996191,pull_request
741960218,94d65e11cb876104ce8d6cea72ffc4f4079f0c2a,2248,master,passed,2456,2020-11-06 19:43:45 UTC,741960219,741960220,741960221,pull_request
741927795,d226a9456a8cfdb108a50744d702e915b46c7ffa,,master,passed,2272,2020-11-06 16:59:23 UTC,741927796,741927797,741927798,push
741922780,700636eb06ad332cb10f518ae684cc629ba40709,2247,master,errored,76,2020-11-06 16:51:40 UTC,741922781,741922782,741922783,pull_request
741917675,7abe78f409bcde2de3900047d699f59dffe99b44,2247,master,canceled,0,,741917676,741917677,741917678,pull_request
741915693,7a8c8eb5fd9b34d2a1a9a54faf45cd496e9ab0d3,2247,master,canceled,0,,741915694,741915695,741915696,pull_request
741911634,25f9fab984b62db253eb81edd8610e52cebb8525,2247,master,canceled,0,,741911635,741911636,741911637,pull_request
741895108,29e06c5a34bcf4ffe4a5768c4100f14172d9edab,2247,master,passed,2416,2020-11-06 15:07:36 UTC,741895109,741895110,741895111,pull_request
741891791,137cb9d78c8c361c03ea37c621ccb541316d799e,2247,master,passed,2316,2020-11-06 14:55:00 UTC,741891792,741891793,741891794,pull_request
741891023,6e5a0c621463ea0b289c5200981759a2ba153671,2247,master,failed,763,2020-11-06 14:50:41 UTC,741891024,741891027,741891028,pull_request
741857744,bc31390ec4d7321ab77db754947b3831051c78cd,2245,master,passed,2363,2020-11-06 12:14:53 UTC,741857745,741857746,741857747,pull_request
741842664,0b6838c11901a31e6ee9a792222b484bb630151a,2245,master,passed,2360,2020-11-06 10:32:59 UTC,741842665,741842666,741842667,pull_request
741838577,7588ee94654ab4c089536e12b6d608bc670d3444,2247,master,failed,752,2020-11-06 10:01:56 UTC,741838578,741838579,741838580,pull_request
741834772,eee71b8bacdd4bb9f86dbcde8a25aebd829f9c4c,2247,master,canceled,0,,741834773,741834774,741834775,pull_request
741826383,18e652f8a32eb83afc4df2dc49370390b9affa29,2240,master,passed,2291,2020-11-06 08:17:25 UTC,741826384,741826385,741826386,pull_request
741818552,ec6540cc556d736f990b798e036e96783ef8f640,2241,master,passed,2249,2020-11-06 07:40:24 UTC,741818553,741818554,741818555,pull_request
741815161,fcdb63948bf43ef01d19d1c9059742ac1c669fa7,2238,master,passed,2354,2020-11-06 07:05:45 UTC,741815162,741815163,741815164,pull_request
741814513,cc9d1de475daef7e972b81d104e4f10e7074c4a4,2238,master,canceled,0,,741814514,741814515,741814516,pull_request
741793521,a700a13bcd39d45537ec9da8411d1989ac497044,2238,master,passed,2451,2020-11-06 03:55:53 UTC,741793522,741793523,741793524,pull_request
741789085,fdcb195b829fdc4f52d777ae09630ee65eb0a977,,master,passed,2324,2020-11-06 03:09:57 UTC,741789086,741789087,741789088,push
741788850,0ce01815113bfd3ca0081925a645255fb9408253,2243,master,errored,76,2020-11-06 03:06:44 UTC,741788851,741788852,741788853,pull_request
741755232,c6a2a0a6ef88bc9a072065dc50e8236ac5f75366,2247,master,passed,2297,2020-11-05 23:25:46 UTC,741755233,741755234,741755235,pull_request
741755199,b433d8b50cb11c4d064d1a5ba362b370225e4fe1,2247,master,canceled,0,,741755200,741755201,741755202,pull_request
741754928,becd0d8edd55df849f3cdfd3b68e9f95b9fe3e5d,2247,master,canceled,0,,741754929,741754930,741754931,pull_request
741637276,8da3ecc9db38d788e509bc4d1b3723e0be22b35b,2245,master,passed,2388,2020-11-05 14:08:37 UTC,741637277,741637278,741637279,pull_request
741632512,3f2bdbf61effac44f08264bae1dbd87a6a32566e,2241,master,passed,2506,2020-11-05 13:42:32 UTC,741632513,741632514,741632515,pull_request
741623697,3087d696acc5f03e9017f5224c69c6ce79849bdf,2241,master,errored,2194,2020-11-05 12:55:09 UTC,741623698,741623699,741623700,pull_request
741623243,b4a3473779b7ffef6de326b88cd460fa96b576cd,2241,master,passed,2456,2020-11-05 12:52:23 UTC,741623244,741623245,741623246,pull_request
741593381,9348ea12af6aa0ed9ded52367f186b5606ad8ebc,2211,master,passed,2435,2020-11-05 10:29:31 UTC,741593382,741593383,741593384,pull_request
741592761,136f0490233eda71f39675e153f26f3ce2b52c11,2211,master,canceled,0,,741592762,741592763,741592764,pull_request
741583238,8218ab1d9c05692f75042aece23e53a1fabf8536,2246,master,passed,2304,2020-11-05 09:51:17 UTC,741583239,741583240,741583241,pull_request
741579107,4033a56e0124acf4405d319c408a412d9bafa6d2,2238,master,passed,2384,2020-11-05 09:21:45 UTC,741579108,741579109,741579110,pull_request
741578641,e1c8e6b552401173edfb1472be4ffd46b4d39230,2246,master,canceled,0,,741578642,741578643,741578644,pull_request
741577794,9423c77414b8a12cfe947c7f31600e93635fa8ba,2246,master,canceled,0,,741577795,741577796,741577797,pull_request
741577790,07fb973bd3a3bb16c090a61c5aad74b9794e36ef,2242,master,passed,2336,2020-11-05 09:06:30 UTC,741577791,741577792,741577793,pull_request
741575283,cb77477a7fc82fea1ddbb7e9303d7d219b1b8df4,2246,master,canceled,0,,741575284,741575285,741575286,pull_request
741575127,65510d46e3e808202c4d09de4cefa6d4ef742760,2242,master,canceled,0,,741575128,741575129,741575130,pull_request
741566906,6e181e4c05be58bf02f1e84eef9b3606e219a240,2238,master,passed,2300,2020-11-05 07:02:44 UTC,741566907,741566908,741566909,pull_request
741552275,97a1b55523a8707c0e949700f8a18cae91e418aa,2245,master,passed,2362,2020-11-05 05:09:23 UTC,741552276,741552277,741552278,pull_request
741550467,9e5f4f4ae68788ed1f78d5a15c11fe951242ae1d,2244,master,errored,2172,2020-11-05 04:51:05 UTC,741550468,741550469,741550470,pull_request
741549932,14ea6f1e5101c066d669a852664751cced1ae366,2244,master,passed,2356,2020-11-05 04:46:57 UTC,741549933,741549934,741549935,pull_request
741532854,8629d81be0ac550826ccdcce00cefa99d6052f22,2241,master,passed,2348,2020-11-05 02:08:01 UTC,741532855,741532856,741532857,pull_request
741305413,c1f0679b423f9e45d352c31bf85419c967f25626,2242,master,passed,2274,2020-11-04 04:40:53 UTC,741305414,741305415,741305416,pull_request
741302967,14cc6bd90dd4937286e33d120111b6664a6aa38d,2243,master,passed,2255,2020-11-04 04:06:55 UTC,741302968,741302969,741302970,pull_request
741302846,2980291ed1a4d4aac15ef04122916d8a6b3525e5,2243,master,passed,2344,2020-11-04 04:00:26 UTC,741302847,741302848,741302849,pull_request
741296527,d9d6ed068a5aa5cb06a824838c52c226dc33491c,1983,master,passed,2428,2020-11-04 02:59:24 UTC,741296528,741296529,741296530,pull_request
741295722,029b55540551686ee4184561124a89f2bff90719,2243,master,passed,2251,2020-11-04 02:51:34 UTC,741295723,741295724,741295725,pull_request
741295285,8438bb3e61635d36f272f08bda3853a12abc510f,2242,master,failed,2339,2020-11-04 02:47:28 UTC,741295286,741295287,741295288,pull_request
741276669,2e9edae7fc57ab9c9c7c097008724ac99a1791a3,,master,passed,2372,2020-11-04 00:19:46 UTC,741276670,741276671,741276672,push
741141188,1dc7fdd4d07296fdf0b1c9068aff4928ab78ac6b,2241,master,passed,2377,2020-11-03 15:04:22 UTC,741141190,741141191,741141193,pull_request
741094312,6c4f6bc34bafc5291cb09acd0303f9fedbe6fcb7,2241,master,passed,2420,2020-11-03 12:08:27 UTC,741094313,741094314,741094315,pull_request
741087799,f0e6e45baad5563a8df32c65bae6c4be9b6f59eb,2241,master,canceled,0,,741087800,741087801,741087802,pull_request
741061581,036e395952b9123f5feff915f84f9709d49931af,2238,master,passed,2333,2020-11-03 07:40:13 UTC,741061582,741061583,741061584,pull_request
741061171,81f6999324d7570bcf9f7e80274471c59e036769,2238,master,canceled,0,,741061172,741061173,741061174,pull_request
741052359,0d72019086cc630ee6e96eb487b1594b68b5d914,2238,master,failed,1124,2020-11-03 06:26:41 UTC,741052360,741052361,741052362,pull_request
741028638,6316bb7eb3c9d413bb40fc6a5e01d132f4fc2cfc,2238,master,passed,2313,2020-11-03 03:54:47 UTC,741028639,741028640,741028641,pull_request
741028316,f56341f9539e705d3dbd08be6a702fe38e70dd9a,2238,master,canceled,0,,741028317,741028318,741028319,pull_request
741027052,bb7491510f3bc1aa415fed5b045c10b64a5f8697,2163,master,passed,2959,2020-11-03 03:22:56 UTC,741027053,741027054,741027056,pull_request
741023750,c19da85b32f17fd78ff2fb03298ef66675c1705c,,master,passed,2393,2020-11-03 03:22:08 UTC,741023751,741023752,741023753,push
741023692,30a0f4b6e4c66894580ba42842923794ff4d5d9a,,master,canceled,0,,741023695,741023696,741023698,push
741018108,59f115f14a99570b103d62f8f9f2fc809a2bb54e,2094,master,passed,2319,2020-11-03 02:11:20 UTC,741018110,741018112,741018113,pull_request
741009936,c70845687337ac65d00d3680d551549b9bda2b56,,master,passed,2425,2020-11-03 00:43:47 UTC,741009937,741009938,741009939,push
741008239,0e714693f4a259d5757f0b5b4af84aa00b1047f6,,master,passed,2447,2020-11-03 00:32:46 UTC,741008240,741008241,741008242,push
741004625,df232623a0c6d5d559cc1d38044792254a5075b7,2236,master,passed,2359,2020-11-03 00:13:46 UTC,741004626,741004627,741004628,pull_request
741002958,3a68c2dca243e2879c5c5b7cbd67545664317f00,2240,master,passed,2268,2020-11-03 00:07:42 UTC,741002959,741002960,741002961,pull_request
740999442,22ac953b11f13fd243f2ae1e65eb89a683ca2035,2236,master,failed,758,2020-11-02 23:35:00 UTC,740999443,740999444,740999445,pull_request
740992297,d97e255d7d307d8c2bfecb36fc9e5b03496c6ac7,2236,master,failed,2233,2020-11-02 22:54:53 UTC,740992298,740992299,740992300,pull_request
740982941,b3dcf6b01478a6e86b11f6a373ac18ea0e1405ba,2236,master,failed,2377,2020-11-02 22:07:17 UTC,740982942,740982943,740982944,pull_request
740980652,0528ab9a70ecb58ed8f85ac94d8b2bacd1581906,2162,master,passed,2597,2020-11-02 21:58:51 UTC,740980653,740980654,740980655,pull_request
740797423,845bb1b696f89874b675037607eb6b82a4f8aeac,2237,master,passed,2307,2020-11-02 10:37:10 UTC,740797424,740797425,740797426,pull_request
740795329,7ae0e2ad6cb1f361304fd3a8abe25a96c6147850,2237,master,canceled,0,,740795330,740795331,740795332,pull_request
740776762,e6bf0fe1aa2b195949c48559375e275a3d98bbb6,2237,master,passed,2290,2020-11-02 08:41:12 UTC,740776763,740776764,740776765,pull_request
740771443,72198f37d6d24d91ebc25801a316421eddd137f4,2237,master,passed,2272,2020-11-02 08:07:27 UTC,740771444,740771445,740771446,pull_request
740769386,b20e0bf6ca9b605fa4a6203bd06454abd6a98ce2,,master,passed,2270,2020-11-02 07:56:52 UTC,740769387,740769388,740769389,push
740768766,e7c579ff5bcc88c2ca0173192d9accd5786bca23,,master,canceled,0,,740768767,740768768,740768769,push
740765869,30500c01bdd6347021579c4b81632f84bb3aed08,2238,master,passed,2317,2020-11-02 07:44:10 UTC,740765870,740765871,740765872,pull_request
740765344,8d1c02c9ca38a135217a4bd8a4955b292db9bffd,2238,master,canceled,0,,740765345,740765346,740765347,pull_request
740729105,dd5188a28aaf5a138675f463af30a6f2617a228e,2239,master,passed,2468,2020-11-02 03:02:04 UTC,740729106,740729107,740729108,pull_request
740649678,d03ce47536ddb2aaec6d445b3ea48464081a7ed0,,master,passed,2444,2020-11-01 17:46:37 UTC,740649679,740649680,740649681,push
740563463,f001a50f0745d8f24f70d867edb5b80a9f95165b,2158,master,passed,2297,2020-11-01 08:17:54 UTC,740563464,740563465,740563466,pull_request
740562037,b71f2be0ea5b03c8cb6e258e0a9e192061cf9bb6,2158,master,passed,2230,2020-11-01 07:58:48 UTC,740562038,740562039,740562040,pull_request
740553126,0381c81156cc802574ce91aa7ebaf47d3f93f0ba,2158,master,passed,2301,2020-11-01 06:01:38 UTC,740553127,740553128,740553129,pull_request
740550917,cff0cfd2feaaf363369722cdb3261c985ffb4afd,2158,master,passed,2236,2020-11-01 05:41:52 UTC,740550918,740550919,740550920,pull_request
740495403,cc7b8d7e0fe7238c5b8740f278697daddb4339ec,2158,master,passed,2408,2020-10-31 21:46:28 UTC,740495404,740495405,740495406,pull_request
740370266,9817c37f78d6ffd7b116567bb617737f71080147,2235,master,failed,2368,2020-10-31 06:23:59 UTC,740370267,740370268,740370269,pull_request
740369177,a58d69b7349b5c8a49dd574322cc863897542862,2235,master,failed,1113,2020-10-31 06:11:52 UTC,740369178,740369179,740369180,pull_request
740368878,ca026b349032220acd294c816e4bd31a7a0fb7bd,2235,master,failed,1127,2020-10-31 06:07:12 UTC,740368879,740368880,740368881,pull_request
740368386,ab9a9bbed9583675ec776a9970040964d1b5aa5d,2235,master,failed,756,2020-10-31 06:01:07 UTC,740368387,740368388,740368389,pull_request
740161830,0a796cfc96ef84936eaea5a3dd551258476b17dc,2238,master,failed,2318,2020-10-30 11:47:56 UTC,740161831,740161832,740161833,pull_request
740149090,987cb7f7da6ff1cb436718ac93868d50e88e875f,,master,passed,2364,2020-10-30 10:43:10 UTC,740149091,740149092,740149093,push
740136355,a8b35838a01f9ad564694f30270605cfea105491,2237,master,passed,2379,2020-10-30 09:22:46 UTC,740136356,740136357,740136358,pull_request
740136010,6349dc79b3abeeaaf391f70eb1f6009741e83ce4,2237,master,canceled,0,,740136011,740136012,740136013,pull_request
740064236,c7ef7fee5e418dafd14318d2284329b263f0a035,2236,master,passed,2521,2020-10-29 23:37:00 UTC,740064237,740064238,740064239,pull_request
740041387,084de57bcd9b346ae0dba91644ec21e0b619ef59,2230,master,passed,2413,2020-10-29 22:49:29 UTC,740041388,740041389,740041390,pull_request
740038250,413f3809d37361ed99e917aec37c2d8eeccdc5bf,2048,master,passed,2430,2020-10-29 22:32:33 UTC,740038251,740038252,740038253,pull_request
740034756,0a8986e3c01d7cd5f724830243d99bb2fc42abdf,2048,master,canceled,0,,740034757,740034758,740034759,pull_request
740029750,d48df9cbd10249103cf791fa2045f299858a5923,2048,master,canceled,0,,740029751,740029752,740029753,pull_request
740009542,920fcc710c97da411631ec2d196e851e890242a1,2235,master,failed,2412,2020-10-29 20:30:05 UTC,740009543,740009544,740009545,pull_request
739837077,f27065f9b386b162784780ce52231f68777ecc52,2222,master,passed,2405,2020-10-29 07:05:04 UTC,739837078,739837079,739837080,pull_request
739835928,e30bdbe6d8459fcecaa460a08673ed2e18b5e153,2222,master,canceled,0,,739835929,739835930,739835931,pull_request
739760613,3fdce93461f62c7781196dd74e277d905c781046,2048,master,passed,2390,2020-10-28 23:28:59 UTC,739760614,739760615,739760616,pull_request
739750856,b8d3b60930bd484736e8a04fd6bd4551c5cdc72e,2230,master,passed,2357,2020-10-28 23:22:24 UTC,739750857,739750858,739750859,pull_request
739745691,8319e123cbf7d409830a5712189fd5ee70a6067f,2230,master,canceled,0,,739745692,739745693,739745695,pull_request
739724951,c01be35f71e65c3c2da005a838adf9ce8114458f,2048,master,failed,1380,2020-10-28 22:24:54 UTC,739724952,739724953,739724954,pull_request
739695230,8e809d8d64babd42cbe5e9532c11c0e615403146,2133,master,failed,771,2020-10-28 21:04:53 UTC,739695231,739695232,739695233,pull_request
739533417,af172fbe470018c9bfd99df623e886ff4090a703,2218,master,passed,2424,2020-10-28 08:08:02 UTC,739533418,739533419,739533420,pull_request
739493105,38e07264af9d7091fd25c859ce83fcbbaaadedaf,2225,master,passed,2347,2020-10-28 03:30:00 UTC,739493106,739493107,739493108,pull_request
739300394,df1406dfad22b074fc332e3be695cb0a020b26da,2230,master,passed,2327,2020-10-27 16:37:03 UTC,739300395,739300396,739300397,pull_request
739296016,77989268fdb454accebf9bbfca4d6de956bca550,2234,master,failed,2460,2020-10-27 15:49:56 UTC,739296017,739296018,739296019,pull_request
739260542,487c0df91b0945e6fa3d6eaf4c1dd9afc8c7939f,2218,master,passed,2540,2020-10-27 12:26:31 UTC,739260543,739260544,739260545,pull_request
739169486,f9d23a62145e8c490492214836ce9cd7d1dcc35e,,master,passed,2326,2020-10-27 05:10:05 UTC,739169488,739169489,739169490,push
739160649,84e07452847fad77fca8eb5aa73e2d93b20679b8,2224,master,passed,2402,2020-10-27 03:07:51 UTC,739160650,739160651,739160652,pull_request
739070236,f20be7e26c7e93abc23c1c7a739a71b0662903aa,2230,master,passed,2340,2020-10-26 19:16:58 UTC,739070237,739070238,739070239,pull_request
739051361,27a7c001da1bfb4db1de84bb3b699564cfce141d,2233,master,passed,2394,2020-10-26 18:43:47 UTC,739051362,739051363,739051364,pull_request
738916011,a2d82bd320b0725816356d927f0a4a16e012ec62,2229,master,passed,2354,2020-10-26 10:08:52 UTC,738916012,738916013,738916014,pull_request
738915904,4d7ff26bd22e3f1b479e63c50e5e541d2d4b369a,2229,master,canceled,0,,738915905,738915906,738915907,pull_request
738898636,3c7e2e3f3edbf60d93ebf7c8946d1177a02d3e87,,master,passed,2299,2020-10-26 08:31:44 UTC,738898637,738898638,738898639,push
738875526,9b79db710ec6adb53ed754a44d60dcf7ac9a08ef,2231,master,passed,2375,2020-10-26 05:36:37 UTC,738875527,738875528,738875529,pull_request
738845943,1d6f30fa3d16d07c1a0415d369e731f6a2614e9f,2231,master,passed,2281,2020-10-26 02:20:46 UTC,738845944,738845945,738845946,pull_request
738681397,adcf08edfdb8a9bf2071a296afae00efbed39a40,2230,master,passed,2329,2020-10-25 07:37:44 UTC,738681398,738681399,738681400,pull_request
738610894,c2527ccf440f7750bfbabd2063c402440c5b32a0,,master,passed,2453,2020-10-24 19:57:45 UTC,738610895,738610896,738610897,push
738498484,283a115275ce3eaeb090f5403d86a0d532d34a75,2158,master,passed,2277,2020-10-24 06:49:58 UTC,738498485,738498486,738498487,pull_request
738281254,7586f3c706a2d4f8e0dc19bb1d18e1c3d2430967,2094,master,passed,2386,2020-10-23 11:31:45 UTC,738281255,738281256,738281257,pull_request
738253418,36ffff8de77aa7c572c390859303c47f5ff5c770,2229,master,passed,2374,2020-10-23 09:12:52 UTC,738253419,738253420,738253421,pull_request
738243638,83340755ddda6eecfd8aef1215ef7da7a293cec4,1929,master,passed,2518,2020-10-23 08:27:08 UTC,738243639,738243640,738243641,pull_request
738240815,e0e507565e973206a4b7823f6792ec5c27d476c5,2224,master,passed,2431,2020-10-23 08:21:21 UTC,738240816,738240817,738240818,pull_request
738207603,0450f992c6b09f370b9860ab73298d705220be78,2228,master,passed,2391,2020-10-23 04:02:39 UTC,738207604,738207605,738207606,pull_request
738169868,343b361a78e65594f8edefb943bf8c1b1224f43c,1929,master,failed,2720,2020-10-22 23:17:15 UTC,738169869,738169870,738169871,pull_request
738167447,839d8d39cbde5d71f8218b8ca0e4b8dd1a6384be,1929,master,errored,1337,2020-10-22 23:11:23 UTC,738167448,738167449,738167450,pull_request
738165113,eba68bb3fe5a7666b823f461991010857b5b171e,1929,master,canceled,0,,738165114,738165115,738165116,pull_request
738163711,8085bcb4c9daea38d2af6d342229b58bc462c218,1929,master,canceled,0,,738163712,738163713,738163714,pull_request
738150597,3038fb7e87c51740ef733fd4f9bde41b0c25e5b0,,master,passed,2367,2020-10-22 22:09:45 UTC,738150598,738150599,738150600,push
738136471,946976db8cca39eae9d01c727e1d53477ff56132,2158,master,passed,2446,2020-10-22 21:08:23 UTC,738136472,738136473,738136474,pull_request
737975804,9b2c9f481101360b2e0cd4240883a0a0c09da55a,2094,master,passed,2482,2020-10-22 10:13:08 UTC,737975805,737975806,737975807,pull_request
737966901,f227fc7828130edcf5b177ea60c11fe3c3dd665c,2227,master,passed,2508,2020-10-22 09:40:11 UTC,737966902,737966903,737966904,pull_request
737938751,74023929baa4fd07d7396934beec174bbfc11884,1983,master,passed,2790,2020-10-22 07:19:28 UTC,737938752,737938753,737938754,pull_request
737938506,d621add1e0971dcc64d086667d611c84c94a7b45,2094,master,passed,2417,2020-10-22 07:18:05 UTC,737938507,737938508,737938509,pull_request
737936758,34a911f41d516c838c083ce929ee0717185a1a73,2189,master,passed,2948,2020-10-22 07:04:37 UTC,737936759,737936760,737936761,pull_request
737912803,a6c4d22783a584af7fc50949fea1ceb8acd149bd,2158,master,passed,2391,2020-10-22 04:10:15 UTC,737912804,737912805,737912806,pull_request
737899878,f091ebd6f851e2c66a24e88c146aba6958698bb9,2225,master,passed,2350,2020-10-22 02:41:52 UTC,737899879,737899880,737899881,pull_request
737898073,981b78ab0795a9276bccc1a19d99439f31692aa7,2224,master,passed,2348,2020-10-22 02:39:56 UTC,737898074,737898075,737898076,pull_request
737897627,b5a761e559ca1c1c914e388df4c6a0958dc17fc8,,master,passed,2271,2020-10-22 02:39:32 UTC,737897628,737897629,737897630,push
737737932,2c2fa578e238e96368cc1b006a86538ec981c237,,master,passed,2232,2020-10-21 14:48:48 UTC,737737933,737737934,737737935,push
737624725,6c8dc1f94edcc13f7aa212a3fdafc7fdb8042377,2224,master,passed,2215,2020-10-21 06:56:19 UTC,737624726,737624727,737624728,pull_request
737607968,8393432a76a132199814ae5df71487da0d63ebb8,2228,master,passed,2161,2020-10-21 03:52:08 UTC,737607969,737607970,737607971,pull_request
737598070,6715bd7ccd70643568b73ebf648d4f00a908e613,2228,master,passed,2262,2020-10-21 02:35:29 UTC,737598071,737598072,737598073,pull_request
737375571,438df3abbd224e2ba70ab8f27f84f298cb0e87a4,2224,master,passed,2228,2020-10-20 12:51:50 UTC,737375572,737375573,737375574,pull_request
737374452,8f42768d76ec8ebeeb775717297f0a2c4f4f723f,2224,master,canceled,0,,737374453,737374454,737374455,pull_request
737345646,4c5b1cce4040e98c0148fe553e0777f8bde85342,2227,master,passed,2185,2020-10-20 11:21:34 UTC,737345647,737345649,737345650,pull_request
737276919,a6637331198e71bf014f58d9210dd2772c73e182,2225,master,passed,2237,2020-10-20 02:42:38 UTC,737276920,737276921,737276922,pull_request
737276844,07a171e63e1147260d2c272b4372c8b1a1ffa649,2226,master,passed,2424,2020-10-20 02:41:56 UTC,737276845,737276846,737276847,pull_request
737275338,3878cdbb1e5eb1f780d18e90bd6ff08032ce3b35,2225,master,passed,2303,2020-10-20 02:28:54 UTC,737275339,737275340,737275341,pull_request
737224514,13ac507058de07b85a9a4bf00595bd705efb1ac7,,master,passed,2195,2020-10-19 22:00:55 UTC,737224515,737224516,737224517,push
737224223,645aa1a9561cbf12ac5c24daecc9971a7fcca651,,master,passed,2215,2020-10-19 22:00:01 UTC,737224224,737224225,737224226,push
737186984,433ff04f2a1695354a0f226f1706bb14c4869441,2211,master,failed,2509,2020-10-19 19:49:43 UTC,737186985,737186986,737186987,pull_request
737182510,465ca3aad93d2ec334a1d811e76394762e98e34d,2211,master,failed,744,2020-10-19 19:23:07 UTC,737182511,737182512,737182513,pull_request
737167909,14a6b8ff391fc498513f70ac3a7e9e7d1dfdbb2c,2211,master,failed,1142,2020-10-19 18:49:11 UTC,737167910,737167911,737167912,pull_request
737085256,a47cbc300474e74ac1bda5b2e419000ba499f203,2226,master,passed,2491,2020-10-19 14:49:53 UTC,737085257,737085258,737085259,pull_request
737025766,6fae0ef2e1dcd4e2462596829fc8b70963633af2,2225,master,passed,2277,2020-10-19 12:00:17 UTC,737025767,737025768,737025769,pull_request
737018970,0f0935300ef4270d47cf1d897fa8b94052c3605c,2224,master,passed,2142,2020-10-19 10:59:13 UTC,737018973,737018974,737018975,pull_request
736972643,437a40420daaeabf83e5e119a4b236a9552b5885,2224,master,passed,2336,2020-10-19 06:35:36 UTC,736972644,736972645,736972646,pull_request
736788483,6b7e1029402d1132725d163cb5d6d4641a843729,2223,master,passed,2123,2020-10-18 10:52:32 UTC,736788484,736788485,736788486,pull_request
736774097,b8668a9aeb14e2c8441446c4acaa8dafb11bbaa9,2223,master,passed,2145,2020-10-18 08:05:34 UTC,736774098,736774099,736774100,pull_request
736767109,72b27f08d16bcd9ae7fbaed845ebce0795ea268d,2223,master,failed,825,2020-10-18 06:28:42 UTC,736767110,736767111,736767112,pull_request
736755055,bda7fb188b01c0334a7bf1662101e259321893a4,,master,passed,2175,2020-10-18 04:33:10 UTC,736755056,736755057,736755058,push
736736516,ecc73d5b5c4611f60766c2698ef1698e4b566c59,2158,master,passed,2296,2020-10-18 01:35:12 UTC,736736517,736736518,736736519,pull_request
736732091,6363eb16beb779e103294b3788b81257c97cff0c,2158,master,passed,2416,2020-10-18 00:55:27 UTC,736732092,736732093,736732094,pull_request
736729410,80bd24aaba961db7402ea28cd1df464bf9229d28,2158,master,failed,1110,2020-10-18 00:34:35 UTC,736729411,736729412,736729413,pull_request
736714908,9f1332585b86be18ececdf15b3f103c9b069c25d,,master,passed,2309,2020-10-17 22:42:22 UTC,736714909,736714910,736714911,push
736712289,1e7cfd1228ba372dbf18277532722f41a71639cc,2221,master,passed,2311,2020-10-17 22:23:21 UTC,736712290,736712291,736712292,pull_request
736711462,636c4db35c0242d5ee1fc46924f8bf1b0cc751c8,2221,master,passed,1073,2020-10-17 22:15:52 UTC,736711463,736711464,736711465,pull_request
736706036,fe7f1fc218020569a8dc7acdeb2828f171db9f89,2221,master,passed,1232,2020-10-17 22:05:11 UTC,736706037,736706038,736706039,pull_request
736704860,b537b60b10584796f551ee15db97cc0eaf1e2e7a,2221,master,canceled,0,,736704861,736704862,736704863,pull_request
736677461,2151770f0d98b34ce9adfad2c9eca38f35c7baa0,2221,master,passed,1286,2020-10-17 18:34:41 UTC,736677462,736677463,736677464,pull_request
736675763,63acc4649b7c31ddec42948ef81896bbf4e64637,2221,master,passed,1179,2020-10-17 18:23:22 UTC,736675764,736675765,736675766,pull_request
736673297,cb4ef031fe2a33afeb5136a55a747ec03b6aad2e,2221,master,passed,2512,2020-10-17 18:06:56 UTC,736673298,736673299,736673300,pull_request
736663247,2e9cac1c26fd31326521c4866613ca060fcc182d,2221,master,passed,2479,2020-10-17 17:09:00 UTC,736663248,736663249,736663250,pull_request
736658530,e8c13df3ce1d5909c86a922fe3af9883e82041f7,2221,master,passed,2817,2020-10-17 16:43:45 UTC,736658531,736658532,736658533,pull_request
736658456,67a76ca636ba178265fbd22e3c03b98ef614cfcd,2221,master,passed,2637,2020-10-17 16:43:14 UTC,736658457,736658458,736658459,pull_request
736629569,bb235e5a91c6af63e3eb763c463b19834272a890,2222,master,passed,2299,2020-10-17 14:46:21 UTC,736629570,736629571,736629572,pull_request
736627905,5ecea68418a8adc44b6113e8d03195d8383df5e1,2222,master,failed,1289,2020-10-17 14:36:53 UTC,736627906,736627907,736627908,pull_request
736606146,918b4f14608a4a46ee8ff4d50f8288081a8af587,2221,master,passed,2728,2020-10-17 11:52:48 UTC,736606147,736606148,736606149,pull_request
736601305,c4d6fc5ff153f14e79db351a33e805e1ddb53596,2221,master,passed,2714,2020-10-17 11:02:38 UTC,736601306,736601307,736601308,pull_request
736598801,5816401d08414388e76949db920a7319b11f7413,2221,master,passed,2784,2020-10-17 10:38:49 UTC,736598802,736598803,736598804,pull_request
736596996,297a3d93f8035b70abee583c8628baee4ed0fcff,2221,master,passed,2182,2020-10-17 10:21:02 UTC,736596997,736596998,736596999,pull_request
736596604,05fb1b5ed8336ce84f12efc9fb427cb6cae0868a,2221,master,passed,2110,2020-10-17 10:16:37 UTC,736596605,736596606,736596607,pull_request
736594854,a47fe7cbdb50f301a40dd03bc5858a3444b9d435,2221,master,passed,2711,2020-10-17 09:59:16 UTC,736594855,736594856,736594857,pull_request
736577659,76f4c0727bfa3edc0d9db0aaee53d3fda0af3134,2220,master,passed,2271,2020-10-17 07:09:28 UTC,736577660,736577661,736577662,pull_request
736469723,18bd1648cf49a202442bfa5501cf3b13820e5aa4,2219,master,passed,2369,2020-10-16 19:10:54 UTC,736469724,736469725,736469726,pull_request
736449890,56a7a688f14b8e45295bc5a3668d4a052dc5e28a,2219,master,failed,1387,2020-10-16 18:28:50 UTC,736449891,736449892,736449893,pull_request
736437241,3dbd8365c148d2569c3ce512f2cb0fb048a87ae1,2219,master,canceled,0,,736437242,736437243,736437244,pull_request
736353936,cd922deff8ae3f25546b1d77fb147c3098eb177b,,master,passed,2221,2020-10-16 13:13:03 UTC,736353937,736353938,736353939,push
736308884,587790dbf48cd6dc0085a55d3a063a3c1a47e4ad,2218,master,passed,2427,2020-10-16 09:48:52 UTC,736308885,736308886,736308887,pull_request
736286077,538f6ae70d82c23f4afb72fbea5bc8b49a81fe52,,master,passed,2831,2020-10-16 08:27:43 UTC,736286078,736286079,736286080,push
736228669,b598ff08cc8ba4f00ddef08fdaf77e4fbb8d972f,,master,passed,2227,2020-10-16 01:26:46 UTC,736228670,736228671,736228672,push
736204416,84775a4fa03f85e4aaef2c76a0fa6df73b7442ec,2217,master,failed,801,2020-10-15 23:00:27 UTC,736204418,736204419,736204420,pull_request
736189718,fff6b73a40ec91bbe3c2a2f5b5cd713d71363a85,2158,master,passed,2168,2020-10-15 22:07:51 UTC,736189719,736189720,736189721,pull_request
736186279,ffc1e3b05e7f920d95c48f7c75fd48372684b8e7,,master,passed,2210,2020-10-15 22:06:38 UTC,736186280,736186281,736186282,push
736149959,9ffe72dd7cccc217e566a25b4ed92b235053721a,2212,master,passed,2306,2020-10-15 19:20:05 UTC,736149960,736149961,736149962,pull_request
736146427,5a43f2b6d7433fc4298c410399c355733ff5249f,2158,master,passed,2254,2020-10-15 19:09:14 UTC,736146428,736146429,736146430,pull_request
736106320,164f222eebbd10d2007cbcf0e96a0704d5ba5e16,2212,master,passed,2192,2020-10-15 17:10:24 UTC,736106321,736106322,736106323,pull_request
735975134,282037bb81a8b5407052e2f5395e5d2c0f89c2cb,2216,master,passed,2399,2020-10-15 08:46:21 UTC,735975135,735975140,735975141,pull_request
735958959,410bff787ff8f4a655b0e457de7fe289fd581896,2215,master,passed,2993,2020-10-15 07:23:49 UTC,735958960,735958961,735958962,pull_request
735958080,b3c3e4d3642b7c8ffaf729cc4c2aa5b3e8074561,2214,master,passed,2212,2020-10-15 07:22:09 UTC,735958081,735958082,735958083,pull_request
735951681,aac4bf95a04d9180285da6c2ca1d9cb6d4270d76,2163,master,passed,2261,2020-10-15 07:11:51 UTC,735951682,735951683,735951684,pull_request
735926203,68c1839ffff76ce5569e53876c24a93c36ae996c,2212,master,passed,2249,2020-10-15 03:58:23 UTC,735926204,735926205,735926206,pull_request
735923081,b6d59294a4f93bbcb4b6483111ccbb917b0eaead,2212,master,passed,2201,2020-10-15 03:33:24 UTC,735923082,735923083,735923084,pull_request
735910870,4394a98754a90a9b99c985565807c4848498b3bd,2212,master,passed,2240,2020-10-15 02:08:55 UTC,735910871,735910872,735910873,pull_request
735902932,fddd4b0a49361003c4201302d3d5a434347b4902,2212,master,passed,2230,2020-10-15 01:13:50 UTC,735902933,735902934,735902935,pull_request
735893841,b4005802421fa0374917042b6624373ca9fca9ef,2212,master,passed,2266,2020-10-15 00:15:58 UTC,735893842,735893843,735893844,pull_request
735851266,99a99911750b05edef9dc03dd759ad4f60f26599,2158,master,passed,2299,2020-10-14 21:02:26 UTC,735851267,735851268,735851269,pull_request
735847607,7936511ec1539a429f16bcfff65a2128f027723f,2212,master,passed,2284,2020-10-14 20:39:44 UTC,735847608,735847609,735847610,pull_request
735789510,a6401a5fd431b9e1134099d0e4feecdf7459423a,2133,master,failed,517,2020-10-14 17:36:57 UTC,735789511,735789512,735789513,pull_request
735716788,6eeefd6ef812c98aa8477a26ff12ccfbfa445dae,2213,master,passed,2300,2020-10-14 15:04:39 UTC,735716790,735716792,735716794,pull_request
735678216,16b22b105dfcb3d95cc7af8eb54105f231d18cc9,,master,passed,2312,2020-10-14 11:10:49 UTC,735678217,735678218,735678219,push
735642371,e2f9296688ff0f99bf2966a481bd87b8fe11b075,,master,passed,2195,2020-10-14 08:30:41 UTC,735642372,735642373,735642374,push
735611221,74785aae40cdb48b02e4b8ef885e897c74bf629f,,master,passed,2183,2020-10-14 04:23:58 UTC,735611222,735611223,735611224,push
735608780,ac96eb8888c5009e781a31503288adf292000b80,,master,passed,2372,2020-10-14 03:57:39 UTC,735608781,735608782,735608783,push
735608684,c1435da3b24274bb4d0a53a1b7c35a5ce166a5c1,,master,passed,2347,2020-10-14 03:56:15 UTC,735608685,735608686,735608687,push
735607825,c7fdae22fb0e6b220152f05a7343ce5569283a83,,master,passed,2443,2020-10-14 03:48:10 UTC,735607826,735607827,735607828,push
735556929,1541a810065e1716def9eec4a2f9b4d1671d84ff,2212,master,passed,2448,2020-10-13 22:29:36 UTC,735556930,735556931,735556932,pull_request
735527592,db8a5a3ede16883fbe48c2b5d91cd85517d93cc4,2211,master,passed,2439,2020-10-13 21:29:09 UTC,735527593,735527594,735527595,pull_request
735522346,9bc8087aba82e6027ae7153be2e7d95f6fcbe13b,2211,master,canceled,0,,735522347,735522348,735522349,pull_request
735514276,2a1787ead11d319afd281b59f1647a7053a1b11e,2133,master,failed,502,2020-10-13 20:27:55 UTC,735514277,735514278,735514279,pull_request
735504840,e069d59c75247f9bbb6823387804ef5b1732adc2,2211,master,failed,782,2020-10-13 19:35:38 UTC,735504841,735504842,735504843,pull_request
735488470,6afa914321a1041c5c03c1a5329fabd4cd740c32,2204,master,failed,921,2020-10-13 18:42:22 UTC,735488471,735488472,735488473,pull_request
735482824,59a1ddc3d89a2250df862d72f3e54f0602ef9cb2,2158,master,passed,2526,2020-10-13 18:16:46 UTC,735482825,735482826,735482827,pull_request
735419959,959f8647a148103a19ec9cbd456a85451583ad97,2203,master,passed,2543,2020-10-13 15:01:00 UTC,735419960,735419961,735419962,pull_request
735342395,bd29c1a1713aaf9254f3f780f6aa413428f937d0,2201,master,passed,2662,2020-10-13 11:28:19 UTC,735342396,735342397,735342398,pull_request
735340264,80c5d6ca0339ede1e72c387c1bdf7b88e9fa5074,2201,master,canceled,0,,735340265,735340266,735340267,pull_request
735301609,886b2a4399e0d31c583d96c3427aebdce8cc173a,2158,master,passed,2508,2020-10-13 08:54:51 UTC,735301610,735301611,735301612,pull_request
735290321,b84be1e0f67b3b91b0f47aac774736e8416ded2d,2158,master,failed,611,2020-10-13 07:20:52 UTC,735290322,735290323,735290324,pull_request
735278799,620a4ec917f44f7ce221e0379412358d4fda3f05,2116,master,passed,2336,2020-10-13 07:05:39 UTC,735278800,735278801,735278802,pull_request
735225209,972f6a824fdfb9ebbe65ca3520ed26197b4656a8,2208,master,passed,2191,2020-10-13 02:07:05 UTC,735225210,735225211,735225212,pull_request
735205589,c9acc256eeff48bdbfd7a5e9427e3285df0a8e52,2210,master,failed,2355,2020-10-13 00:32:39 UTC,735205590,735205591,735205592,pull_request
735198374,55573b3adde3b3d6e5de99fa85e3db6483e8991c,2203,master,passed,2585,2020-10-13 00:00:03 UTC,735198375,735198376,735198377,pull_request
735151638,c04f62fe50c2c5e56b00a1990bdba7f3c55cf508,2209,master,passed,2968,2020-10-12 21:10:16 UTC,735151639,735151640,735151641,pull_request
735005597,59889cba91ec4d4d0cb75d32fcea6eabe3f97cf9,2133,master,failed,584,2020-10-12 14:13:33 UTC,735005598,735005599,735005600,pull_request
734985705,97b979e2fa1ad69ee47970ad96d549d26d6209bf,2208,master,failed,2182,2020-10-12 12:57:21 UTC,734985706,734985707,734985708,pull_request
734983456,93401340fac5ad165aa339fa335e3a3f41df7f86,2208,master,canceled,0,,734983457,734983458,734983459,pull_request
734950696,694835afc6a8ba14e699f13d7f93096720be2e4e,1929,master,failed,2345,2020-10-12 10:56:01 UTC,734950697,734950698,734950699,pull_request
734947101,42a7f0592f21d23c7b1948a08dc20511f5916bf5,2156,master,passed,2770,2020-10-12 10:46:12 UTC,734947102,734947103,734947104,pull_request
734942440,2459bd14cf439ccfdebc296ed1a0f090dda577fd,1929,master,canceled,0,,734942441,734942442,734942443,pull_request
734941616,692a2ae1db37e4995eb8a3294573c4c3777fa5ec,2207,master,passed,2439,2020-10-12 10:18:18 UTC,734941617,734941618,734941619,pull_request
734941376,216af6b644fd38fbcaf40089a5cfba62ebbb10dd,1929,master,canceled,0,,734941377,734941378,734941379,pull_request
734844262,ebefe52f577da5c744ea863480ed3c98b7ef2e99,,master,passed,2315,2020-10-11 23:24:08 UTC,734844263,734844264,734844265,push
734831991,8a1dfeef18782ec1b381444449bb72ca58f30aaf,2158,master,passed,2544,2020-10-11 22:04:05 UTC,734831994,734831999,734832000,pull_request
734698304,0859b56403e2bcc05781f92f1169b57d8aa276ed,2158,master,passed,2582,2020-10-11 08:08:03 UTC,734698305,734698306,734698307,pull_request
734679679,fcca91431003879e25d5191146b08683d22b0ccb,,master,passed,2373,2020-10-11 04:28:03 UTC,734679680,734679681,734679682,push
734677334,d79d0a43167c60da845a031d8f3c947ed35298c7,2187,master,passed,2349,2020-10-11 04:06:25 UTC,734677335,734677336,734677337,pull_request
734638146,05ea1cd82e44cee2dba464e9b9d7ed8d518d4427,2187,master,passed,2402,2020-10-10 22:25:04 UTC,734638147,734638148,734638149,pull_request
734634451,5140e54b1e705d035910d830fa566dcb78d3dc7f,2187,master,passed,2443,2020-10-10 21:42:28 UTC,734634452,734634453,734634454,pull_request
734623453,3957f2a0e2389a78427953bf49c4448a34526655,,master,passed,2745,2020-10-10 20:24:24 UTC,734623454,734623455,734623456,push
734609305,329dcd5fc9c35797bc1bac4755f5e761d7edd300,2187,master,passed,2555,2020-10-10 18:49:19 UTC,734609306,734609307,734609308,pull_request
734607929,36317b5f322364893639329e0ddcb90e206982ee,2187,master,failed,961,2020-10-10 18:45:31 UTC,734607930,734607931,734607932,pull_request
734584406,8df4df024128da846ccb404487628b413747a2c5,,master,passed,2375,2020-10-10 16:31:39 UTC,734584407,734584408,734584409,push
734584279,5d3b02d8a55e99fa02521e1ea12554a6bbc3f664,2161,master,passed,2343,2020-10-10 16:30:10 UTC,734584280,734584281,734584282,pull_request
734582429,de861f4343262a22662111dd47d81005d3a7ce53,2206,master,passed,2440,2020-10-10 16:04:46 UTC,734582430,734582431,734582432,pull_request
734561230,4e98946b2fc3e27a334efb6e6eee6e6b26b053d8,2206,master,failed,880,2020-10-10 14:56:09 UTC,734561231,734561232,734561233,pull_request
734558854,1c80f3b0de0926c3fdbc70835e7a36102b8f1ec8,2206,master,failed,483,2020-10-10 14:49:19 UTC,734558855,734558856,734558857,pull_request
734557815,8e2f1647ab7d237dc552fe2e53802d089b7d5c26,2056,master,passed,2432,2020-10-10 14:45:20 UTC,734557816,734557817,734557818,pull_request
734555109,98d7e2c32d7d7c803148a96b9b09091f16a3c17c,2161,master,passed,2342,2020-10-10 14:28:45 UTC,734555110,734555111,734555112,pull_request
734554867,0efef080a1d7559a623bd3fb16486dcfb9ffba26,2206,master,failed,522,2020-10-10 14:27:55 UTC,734554868,734554869,734554870,pull_request
734552930,d7f5f457fad1812a624add5f0f4368f653136c19,2206,master,passed,2512,2020-10-10 14:16:11 UTC,734552931,734552932,734552933,pull_request
734547842,96c8f247d89ae58004e56a80ec863b584b8e313a,2206,master,passed,2361,2020-10-10 13:37:15 UTC,734547843,734547844,734547845,pull_request
734543917,e1fa04551e48b8cd93799d44efefae99b8e85475,2206,master,passed,2508,2020-10-10 13:16:43 UTC,734543918,734543919,734543920,pull_request
734543583,b03bcc074c39a5d4ca29cfc6bdcc3c243a79c8d0,2206,master,passed,2395,2020-10-10 13:15:09 UTC,734543584,734543585,734543586,pull_request
734520880,d3b9ee935dad4fee26b08da1df28a306232e2b07,2206,master,passed,2273,2020-10-10 10:34:22 UTC,734520881,734520882,734520883,pull_request
734520230,c57760250aac1336208f4272e0d2c2f8417d5487,2206,master,canceled,0,,734520231,734520232,734520233,pull_request
734519899,c57760250aac1336208f4272e0d2c2f8417d5487,2206,master,canceled,0,,734519900,734519901,734519902,pull_request
734519842,8137eb4a7738f95f2f4c4228366644c0b62da95a,2206,master,canceled,0,,734519843,734519844,734519845,pull_request
734516850,6ca9a0bbd98934c6c4242877cde0f2cf21107496,1996,master,passed,2511,2020-10-10 10:01:08 UTC,734516851,734516852,734516853,pull_request
734514738,321a886bc13e910dd49d35ea118cca02fb644077,1996,master,passed,2396,2020-10-10 09:31:56 UTC,734514739,734514740,734514741,pull_request
734513673,baa98234af3327b3b14e26e6b3183c862d46a56a,1996,master,canceled,0,,734513674,734513675,734513676,pull_request
734513121,d5d9786b127d4fa0f4d08dffc0a57caa9a67b881,1996,master,canceled,0,,734513122,734513123,734513124,pull_request
734512441,c32737820f115ae40aaad93229aa0b819f84949e,2161,master,passed,2409,2020-10-10 09:24:26 UTC,734512442,734512443,734512444,pull_request
734508566,bf252382158fa1f2b9ec5ab87188008f6132a0de,1996,master,passed,2434,2020-10-10 08:29:36 UTC,734508567,734508568,734508569,pull_request
734507787,0ffc7c3382abb511fd5536b4832f9c3cc03bd1d2,1996,master,passed,2343,2020-10-10 08:21:54 UTC,734507788,734507789,734507790,pull_request
734506577,5d657c944fd01b71985279a9eac3a1f017bc8242,1996,master,passed,2516,2020-10-10 08:08:01 UTC,734506578,734506579,734506580,pull_request
734504371,d1b98fb521ca2d743217485b7fcd1953d51c91bf,2205,master,passed,2327,2020-10-10 07:46:26 UTC,734504372,734504373,734504374,pull_request
734503339,056e3cc39c5e14579653f085bdb0b37e9dee34c3,1996,master,failed,553,2020-10-10 07:36:05 UTC,734503340,734503341,734503342,pull_request
734499483,2460765c9fbac83ef0b35bcf08a529d668a635a9,1996,master,failed,885,2020-10-10 06:59:13 UTC,734499484,734499485,734499486,pull_request
734476042,216d952b4b1a0f2d1136a297959e38aba148fff1,2161,master,failed,2172,2020-10-10 03:52:51 UTC,734476043,734476044,734476045,pull_request
734452216,5a338ffb1f358e86493e207f77cc94d761cf870d,,master,passed,2425,2020-10-09 23:54:35 UTC,734452217,734452218,734452219,push
734357415,5ae3c16153fd81fdf28f8493eb3c0178b860f269,,master,passed,2507,2020-10-09 17:49:12 UTC,734357416,734357417,734357418,push
734323631,fbc9fe762f92d2a4830531ad7c4a48592ea84307,2161,master,failed,2440,2020-10-09 16:05:56 UTC,734323632,734323633,734323634,pull_request
734303567,94abf58e510b8db9d026f2341afbd1fb7e44774e,2161,master,failed,2383,2020-10-09 14:26:02 UTC,734303568,734303569,734303570,pull_request
734303442,9ef5c2bc174bc149381ed3e8be3cefdc982bfa04,2161,master,canceled,0,,734303443,734303444,734303445,pull_request
734112706,27887d55bf342c9533c036dbb0dd9387b6834ccb,2204,master,failed,794,2020-10-08 21:50:18 UTC,734112707,734112708,734112709,pull_request
734093807,e328a33b6f08356396472c9fec83ca00ae951119,,master,passed,2419,2020-10-08 20:51:43 UTC,734093808,734093809,734093810,push
734092986,836202c3f5aa04d56fa2fd2debc3c2024f92357e,,master,canceled,0,,734092987,734092988,734092989,push
734092591,4c3ebf8a4dc04221fc13a53cf09b6da478e08aae,,master,canceled,0,,734092592,734092593,734092594,push
734092255,cc28812221f48ab54b1fe68dd9a60d8962e388f0,2202,master,passed,2342,2020-10-08 20:24:31 UTC,734092256,734092257,734092258,pull_request
734068155,d5c903d06819b865033b590dde64a34b05d5c2f3,2150,master,failed,1010,2020-10-08 19:44:49 UTC,734068156,734068157,734068158,pull_request
734067661,d91259ff771d629ffb551c865e5513f55fa2f13b,2203,master,passed,2503,2020-10-08 19:15:16 UTC,734067662,734067663,734067664,pull_request
734030404,d3a1c9009269f31fc6f43f2efbb3fef842e93415,2203,master,failed,2522,2020-10-08 17:24:04 UTC,734030405,734030406,734030407,pull_request
733996980,1d5846dc8aa773f5c8d3e61f293e1c41559d462e,2203,master,failed,1393,2020-10-08 15:34:42 UTC,733996981,733996982,733996983,pull_request
733991622,d554cf7c42c4abe5393b9a9a6240b6febdce915d,2194,master,passed,2484,2020-10-08 15:31:54 UTC,733991623,733991624,733991625,pull_request
733991359,df6cb877c8f01c9b0481891aedbd3afdfbc23d3f,2194,master,canceled,0,,733991360,733991361,733991362,pull_request
733939948,bfcba9e3e31d4cf117da26f192ef2fa0b12916fc,2202,master,passed,2385,2020-10-08 12:04:04 UTC,733939949,733939950,733939951,pull_request
733938135,7bc4f19fabafb9cb09da9b255b670580eba37d3f,2201,master,passed,2561,2020-10-08 12:01:16 UTC,733938136,733938137,733938138,pull_request
733936194,c4fb0337d3841d2d2d48a84e24d1f871344b81a6,2200,master,passed,2286,2020-10-08 11:59:29 UTC,733936195,733936196,733936197,pull_request
733901663,d02978ab8dff10abd6b482a1b65632f9aa71246f,2194,master,passed,2460,2020-10-08 10:07:58 UTC,733901664,733901665,733901666,pull_request
733901414,fae0ded46feb12cbffee142d1f22ae20927b33f4,2194,master,canceled,0,,733901415,733901416,733901417,pull_request
733865293,2a6ae557d3b9bc2cfcf8bb442947ac8a53d0333b,1983,master,passed,2582,2020-10-08 04:57:41 UTC,733865294,733865295,733865296,pull_request
733864078,ba5bc8d820997dc909f375f2fe0d1278f65600b8,1983,master,canceled,0,,733864079,733864080,733864081,pull_request
733864018,29bd553212bb18740e13a30d63b41634ea49e853,1983,master,canceled,0,,733864019,733864020,733864021,pull_request
733780968,4d3e7a90483f67d6c41dcc11e07636e6d3c2cb9d,2199,master,passed,2398,2020-10-07 20:33:31 UTC,733780969,733780970,733780971,pull_request
733772480,687da8fd4540bd9a665f132b78035fe8619625a8,2199,master,canceled,0,,733772481,733772482,733772483,pull_request
733767708,e284992986e4d61b64d3e3d428e320fbb6f1ef8e,2133,master,failed,531,2020-10-07 19:47:34 UTC,733767709,733767710,733767711,pull_request
733762296,e58d4dc2fe1585183886125b37d9f096fda06119,2133,master,canceled,0,,733762297,733762298,733762299,pull_request
733745202,2e4f4c2477008c1eec3c699cc94c4b10cd655a1b,2198,master,passed,2599,2020-10-07 18:53:26 UTC,733745204,733745205,733745206,pull_request
733744643,532f903fe495d741053619c13a51537e57dcd619,,master,passed,2526,2020-10-07 18:53:22 UTC,733744644,733744645,733744646,push
733744310,29b187ad77e9d1b9733ad0eae462a1862e2bfa12,2197,master,passed,2473,2020-10-07 18:45:13 UTC,733744311,733744312,733744313,pull_request
733736471,813253e2538aeefaa687e9bd90b397c7ee7f0871,2196,master,passed,2329,2020-10-07 18:31:03 UTC,733736472,733736473,733736474,pull_request
733735835,a3a3bcf15f2b1302f291e482e81d68d4dcbeac49,2195,master,errored,77,2020-10-07 18:29:43 UTC,733735836,733735837,733735838,pull_request
733718398,846a21ca9e4928cacae65b178d9bee2416e47c43,2194,master,passed,2467,2020-10-07 16:42:35 UTC,733718399,733718400,733718402,pull_request
733660260,bc856ab71a9cec1f17cd58dd7b5ffc558d580e6e,1929,master,passed,2457,2020-10-07 14:04:09 UTC,733660261,733660262,733660263,pull_request
733659231,9b6a51232e7c927c7b8b44b40c52f7ba22058ce3,1929,master,canceled,0,,733659232,733659233,733659234,pull_request
733653569,5ed2ff45965e5e6c40153f814e5050b541d22875,1929,master,failed,2279,2020-10-07 13:03:57 UTC,733653570,733653571,733653572,pull_request
733649472,2bb751fbd3a034dafb717603d650abd848bbeaeb,1929,master,failed,785,2020-10-07 12:49:32 UTC,733649473,733649474,733649475,pull_request
733648692,6d66c93d948fe72a3f8b64015deb8d17a696c212,1929,master,canceled,0,,733648693,733648694,733648695,pull_request
733627459,e823150542d36309a96b8b76e0bc51fe98314414,2163,master,passed,2436,2020-10-07 11:11:05 UTC,733627460,733627461,733627462,pull_request
733577430,69e812ff23b6f23a3737abeea5a8978a02bc2b5d,,master,passed,2228,2020-10-07 07:42:40 UTC,733577431,733577432,733577433,push
733513043,4034c3ae84edf604aaec2aa0722fd9ef4474c777,2133,master,failed,667,2020-10-07 00:38:38 UTC,733513044,733513045,733513046,pull_request
733503217,04023eb02390cf2941d5c978f42307362549aa02,1929,master,failed,2348,2020-10-06 23:41:47 UTC,733503218,733503219,733503220,pull_request
733491985,155276591288615c4d02d55fb7d77eceb2e24b2d,,master,passed,2493,2020-10-06 22:43:53 UTC,733491986,733491987,733491988,push
733490738,1d30a7c0f7996f309540d3b72f70b398cd209643,1929,master,passed,2547,2020-10-06 22:40:42 UTC,733490739,733490740,733490741,pull_request
733484592,e71d14674e88eae60575f5cca0c7d6310c16d81d,1929,master,failed,2368,2020-10-06 22:15:00 UTC,733484593,733484594,733484595,pull_request
733484479,7a495f32fac6117f4b8f29c840adb582a1ec2a83,2187,master,passed,2421,2020-10-06 22:10:26 UTC,733484480,733484481,733484482,pull_request
733479282,1ea4be245a805c83f30cf7e995f134db86b1ddbf,2187,master,passed,2464,2020-10-06 21:50:43 UTC,733479283,733479284,733479285,pull_request
733478375,484ddcd306e744dd08304d76f4d0e165857256bd,2182,master,passed,2354,2020-10-06 21:45:36 UTC,733478376,733478377,733478378,pull_request
733474644,c75b798a2b7ea6e0eee5e5a0fd86216102d432a5,1929,master,failed,1116,2020-10-06 21:29:07 UTC,733474645,733474646,733474647,pull_request
733466430,59ab9c0a8ac11505dfde922768b094a0fa3fed71,1929,master,failed,845,2020-10-06 20:54:07 UTC,733466431,733466432,733466433,pull_request
733465764,1337beb41c337abb593d5bc2da017bd2f6d2c493,2182,master,passed,2423,2020-10-06 20:51:35 UTC,733465765,733465766,733465767,pull_request
733447928,71444c8aea07df3e50d4c6785a3e133cffceff16,2182,master,passed,2567,2020-10-06 19:43:25 UTC,733447929,733447930,733447931,pull_request
733443109,28fc95c2fa6dead93cb3a88ec429e198184a032d,2182,master,passed,2601,2020-10-06 19:27:26 UTC,733443110,733443111,733443112,pull_request
733438915,003c54fdfec878c559c157403bd596d41dac3f7a,1929,master,failed,808,2020-10-06 19:13:29 UTC,733438916,733438917,733438918,pull_request
733418519,2391c20bfb10760f770c5c7cd6fc488b8c5a4130,,master,passed,2590,2020-10-06 18:45:26 UTC,733418524,733418527,733418530,push
733404601,32c62ca486665dcf9693e26120142bfbdbbcb1e6,,master,passed,2487,2020-10-06 17:26:49 UTC,733404602,733404603,733404604,push
733401493,1909e9d60c950e77f39bde20fff58f87a31ea4ea,,master,canceled,0,,733401494,733401495,733401496,push
733400284,cfa37c3fd6ae18894035721d9f1eacde40e6b268,,master,canceled,0,,733400285,733400286,733400287,push
733175540,5b20207009a547ced7f27f4060237cd466f7f505,1983,master,failed,615,2020-10-06 03:00:50 UTC,733175541,733175542,733175543,pull_request
733174563,ff45543fb12a6cdf1f4177807cd26ed2827c9c35,1983,master,failed,616,2020-10-06 02:55:30 UTC,733174564,733174565,733174566,pull_request
733166289,75af75703924b8fcbe92ada90aee941bfd48ad41,2189,master,passed,2363,2020-10-06 01:59:52 UTC,733166290,733166291,733166292,pull_request
733137659,d0f22de6cf85d35c56582efc0ec86023ac62589c,1929,master,failed,1132,2020-10-06 00:03:59 UTC,733137660,733137661,733137662,pull_request
733129187,3d5f1b84d741a8b4d1bc2836043168d5be95c932,1929,master,canceled,0,,733129188,733129189,733129190,pull_request
733122541,444bd27006b0df346f669f8a4bbb90fcc2d7ca33,1929,master,failed,1079,2020-10-05 22:22:00 UTC,733122542,733122543,733122544,pull_request
732959102,dc50f45bb6c6aee06de74280296d69210103446b,1929,master,failed,1071,2020-10-05 13:17:42 UTC,732959103,732959104,732959105,pull_request
732853253,499d0a7cf9067495378533c02232a86eb114eba7,2193,master,passed,2427,2020-10-05 04:55:11 UTC,732853254,732853255,732853256,pull_request
732764385,fd9ea07e818969ddff0807bf0a1c7b63a7865590,1929,master,failed,1181,2020-10-04 18:13:16 UTC,732764386,732764387,732764388,pull_request
732763058,3630236b336cae1b1716e0cce1dde5ed17c84f83,1929,master,failed,778,2020-10-04 18:06:46 UTC,732763059,732763060,732763061,pull_request
732759055,411814fcdfcff50d95650824c415b0676ce18405,1929,master,failed,764,2020-10-04 17:41:49 UTC,732759056,732759057,732759058,pull_request
732750151,d232ff64066f3c20379869f000e8a8578358f282,1929,master,failed,1125,2020-10-04 16:55:03 UTC,732750152,732750153,732750154,pull_request
732747055,75b71645f457f517e150e806d5a44746a1d4e912,1929,master,failed,1024,2020-10-04 16:39:05 UTC,732747056,732747057,732747058,pull_request
732673903,e23642893363e8cee7f5cee1647f601ca21bf2bb,1929,master,failed,1114,2020-10-04 09:02:06 UTC,732673904,732673905,732673906,pull_request
732673345,566b855ee69db2fd2cbe636c4b3dbd01e8c7ea26,1929,master,failed,1130,2020-10-04 08:56:49 UTC,732673346,732673347,732673348,pull_request
732668535,b6a69a40bc6cc1ccdfe6cf1cf9af7bf7ff832e35,1929,master,failed,1075,2020-10-04 08:04:37 UTC,732668536,732668537,732668538,pull_request
732622710,1b11a1a1d0ed4779f4baac3496a7d7b9eb96d12a,1929,master,failed,852,2020-10-04 01:45:08 UTC,732622711,732622712,732622713,pull_request
732619608,135cfd9774bb47018386ca45e368ba903827c943,1929,master,canceled,0,,732619609,732619610,732619611,pull_request
732615650,838fdfb879012be563e31186c1b55f652fad402a,2187,master,passed,2347,2020-10-04 00:02:32 UTC,732615651,732615652,732615653,pull_request
732612291,b28a669b353ee8c6ed21d36fa49e25f2608aa0aa,2187,master,passed,2351,2020-10-03 22:42:09 UTC,732612292,732612293,732612294,pull_request
732513058,53457dd821a08ae7ba34d8d836f977ef703721b0,2192,master,passed,2389,2020-10-03 14:06:23 UTC,732513059,732513060,732513061,pull_request
732512576,06804c7b587855affd8814a7c5d7706515cfafb6,2191,master,passed,2402,2020-10-03 14:03:33 UTC,732512577,732512578,732512579,pull_request
732512396,b542995e7a24b8f5cc773ce3998a49d61c0ebcb8,2190,master,passed,2356,2020-10-03 14:02:19 UTC,732512397,732512398,732512399,pull_request
732478742,4464c6111f2b9704e7121b038991c3f39ac28364,2189,master,passed,2365,2020-10-03 09:35:30 UTC,732478743,732478744,732478745,pull_request
732477364,a40c669f6e722bf6e41a4ae5d4c84cbf666a0be6,2189,master,failed,2182,2020-10-03 09:22:17 UTC,732477365,732477366,732477367,pull_request
732473324,c48350973ce2af281263bf64ebf9520adc0d45e0,2188,master,failed,1153,2020-10-03 08:46:53 UTC,732473325,732473326,732473327,pull_request
732412975,1f47bbae89657a85ec809cd59587d728cafedd2e,1929,master,failed,1184,2020-10-03 00:17:23 UTC,732412976,732412977,732412978,pull_request
732409912,74e8afa5d5b6a6a67223c49e2bf95832c8cfe592,1929,master,canceled,0,,732409913,732409914,732409915,pull_request
732388786,300f956c8f6b60f45e1e03962a3fde11321a6e59,2187,master,passed,2336,2020-10-02 22:21:57 UTC,732388787,732388788,732388789,pull_request
732095980,ebc8c1e2d9158354b46c537ae0df95b05c14630c,1929,master,failed,792,2020-10-01 23:26:04 UTC,732095981,732095982,732095983,pull_request
732095336,f0cdf4fbb9e64f6b2ec14b3aac638973be9b9d6a,1929,master,canceled,0,,732095337,732095338,732095339,pull_request
732074373,64a0ca71038da14f0f883f169aa95df00d909e06,,master,failed,2359,2020-10-01 21:05:58 UTC,732074374,732074375,732074376,push
732065626,1dfb5c33dcc82a804281f90f332a240b9bd04213,2183,master,passed,2336,2020-10-01 20:24:02 UTC,732065627,732065628,732065629,pull_request
732060383,f20106fe40819709967ed759a46c02283f09ba41,1929,master,failed,1210,2020-10-01 20:03:05 UTC,732060384,732060385,732060386,pull_request
732056332,3cc793a574875172af7398596ca9e0fbc21bc867,,master,passed,2407,2020-10-01 19:51:29 UTC,732056333,732056334,732056335,push
732041304,cee23f60b71665dd60913b63f369aae079d3d76d,2136,master,passed,2526,2020-10-01 18:54:28 UTC,732041305,732041306,732041307,pull_request
731970970,8a7e1be96faa1720de828748e5ed819f32dbcdb4,,master,passed,2411,2020-10-01 15:07:51 UTC,731970971,731970972,731970973,push
731952458,541a644f9691f3b49b5341aa67898e6e27c5fd75,1929,master,passed,2300,2020-10-01 14:24:38 UTC,731952459,731952460,731952461,pull_request
731951005,2dc11c3cab8a3b7130c39a38159351e36bd1934d,2186,master,passed,2359,2020-10-01 14:20:34 UTC,731951006,731951007,731951008,pull_request
731946079,d53a375b12a4ef0513a0c0f9f835817952a25d2b,1929,master,failed,792,2020-10-01 14:05:51 UTC,731946080,731946081,731946082,pull_request
731912089,6b7f92ca8e2234df144dd02a37f04d3c7b445d60,1929,master,passed,2319,2020-10-01 12:00:13 UTC,731912090,731912091,731912092,pull_request
731911079,92830d97851ad566b0855c1d3f25d6974b817ddb,1929,master,canceled,0,,731911080,731911081,731911082,pull_request
731907805,be236cf16b2a445fc589cb32f9c5b4d2c5cf19b1,1929,master,failed,771,2020-10-01 11:41:46 UTC,731907806,731907807,731907808,pull_request
731843342,87e7338e82f9dfb1373cee87b99f4741dd556d95,,master,passed,2398,2020-10-01 07:08:52 UTC,731843343,731843344,731843345,push
731839488,674f96266dd0d48b08c1d74f4a67f06dca87764f,2183,master,passed,2313,2020-10-01 06:49:38 UTC,731839489,731839490,731839491,pull_request
731787859,293d3ae928c0d84fa0e10c3cefad2e208cbf75d9,,master,passed,2315,2020-10-01 01:44:05 UTC,731787860,731787861,731787862,push
731787040,35b098d93e1aea684c897af6bb189c57e8add225,2183,master,passed,2460,2020-10-01 01:43:49 UTC,731787041,731787042,731787043,pull_request
731785107,c3c447c7631f3172c57b07d24baec9cb671417d9,2170,master,errored,76,2020-10-01 01:41:21 UTC,731785108,731785109,731785110,pull_request
731769750,766f555c2091b2cb877ae3c70a59098e68503325,,master,passed,2269,2020-09-30 23:42:20 UTC,731769751,731769752,731769753,push
731767949,9031c591ef9a3c16cbaaa0ffa0420d061c1e5a05,2185,master,passed,2456,2020-09-30 23:41:36 UTC,731767950,731767951,731767952,pull_request
731705931,5fd65a6b91bb123362c00d34a44b1bd6ae847a5b,,master,passed,2566,2020-09-30 19:23:02 UTC,731705932,731705933,731705934,push
731653672,fb02fb7fbd699d135323f036ee7082f8e0b01e21,2182,master,passed,2460,2020-09-30 16:10:20 UTC,731653676,731653677,731653678,pull_request
731652780,89d3bd23f4da4dd0a287e6c7c3d0e3e1b0df9593,2182,master,failed,598,2020-09-30 16:06:42 UTC,731652781,731652782,731652783,pull_request
731592144,bdc80d64850659734599a288117b90a2fc3cb044,2182,master,failed,2426,2020-09-30 13:24:28 UTC,731592145,731592146,731592147,pull_request
731577359,a57b0751cc9c3dcfbe563fd96241c9bb93b0e04c,2182,master,failed,2211,2020-09-30 12:22:55 UTC,731577360,731577362,731577363,pull_request
731575800,f96ded319341fd3c1011b095565710938acb9ad6,,master,passed,2370,2020-09-30 12:17:06 UTC,731575801,731575802,731575803,push
731539386,5bafe186f454b5d7cea6863c51f88cfff7fb708d,2182,master,failed,753,2020-09-30 09:39:05 UTC,731539387,731539388,731539389,pull_request
731533582,d31ca4066c574e84224ee17a52090cc3d4a6db0c,2182,master,failed,1238,2020-09-30 09:31:16 UTC,731533585,731533586,731533587,pull_request
731531904,539807bb0558890c2a92d0fc2af20c741a775fbc,,master,passed,2405,2020-09-30 09:16:04 UTC,731531905,731531906,731531907,push
731531538,90ccbb01ae3060def7ad73bbd5af45b6c1a64b99,,master,canceled,0,,731531539,731531540,731531541,push
731531369,14d5e3b0dfdba70a24cb5486275a1c973efa347c,,master,canceled,0,,731531370,731531371,731531372,push
731531077,0370f4c00aa45d7b2fc62ebe80a2f9ec94805359,2182,master,canceled,0,,731531078,731531079,731531080,pull_request
731528309,d7bdf92923450b7e64efdbb9a40cd2cdf61b7005,2182,master,canceled,0,,731528310,731528311,731528312,pull_request
731525581,4467e27dffdc0cf39e45ce984eb92d96b79d4c6e,2182,master,canceled,0,,731525582,731525583,731525584,pull_request
731524089,04eed65fadd005f0f44e30651101df999e54c5df,2182,master,canceled,0,,731524090,731524091,731524092,pull_request
731522774,7628b299b426dee160bed450a3c941207038b779,2182,master,canceled,0,,731522775,731522776,731522777,pull_request
731522297,c3c5c40d06927b2ae010fd6d5cfdf4b228d13510,2184,master,passed,2388,2020-09-30 08:46:40 UTC,731522298,731522299,731522300,pull_request
731483248,03508f54789308e6bb07bf9bef780dff99230977,2184,master,passed,2401,2020-09-30 03:58:55 UTC,731483249,731483250,731483251,pull_request
731482850,47f1f92d5dae87dbd32b597f11ba08d57343331a,,master,passed,2390,2020-09-30 03:57:52 UTC,731482851,731482852,731482853,push
731431901,522b3e37ab28e7b84fae31bd0b599539038b243e,2182,master,failed,720,2020-09-29 22:30:50 UTC,731431902,731431903,731431905,pull_request
731420932,8f4b41bf7cd40cc81cc036dae755b2d26483e86f,2170,master,passed,2387,2020-09-29 21:49:20 UTC,731420933,731420934,731420935,pull_request
731403427,3d5d305e938c387afec0e07f09a7962ae39a4370,2169,master,passed,2382,2020-09-29 21:06:23 UTC,731403428,731403429,731403430,pull_request
731400578,d6f6098ca79b25ff0701793278f48cb4115a1e41,2183,master,passed,2387,2020-09-29 20:59:59 UTC,731400579,731400580,731400581,pull_request
731398029,0b2dfb70dd9a97495283388a9edcbe2b12ddfec3,,master,passed,2598,2020-09-29 20:26:56 UTC,731398030,731398031,731398032,push
731397763,6ae4f3e3cc6f7f41d807f13e91822006b8afcc5a,2183,master,canceled,0,,731397764,731397765,731397766,pull_request
731397293,05ebfa23ef1a690de089dfc1fbabc528fc6c5446,2169,master,passed,2529,2020-09-29 20:24:34 UTC,731397294,731397295,731397296,pull_request
731388802,97c219663645ba34e8ea19b9f254864abb67dbaa,2167,master,passed,2423,2020-09-29 19:42:51 UTC,731388803,731388804,731388805,pull_request
731387828,7620b8d5b85c05e6c3635e91c4dba5b0592e170c,2158,master,failed,2439,2020-09-29 19:39:57 UTC,731387829,731387830,731387831,pull_request
731383125,eea4a451d3deed191864f3b2a7784218372bc592,2182,master,failed,570,2020-09-29 19:20:50 UTC,731383126,731383127,731383128,pull_request
731377640,dfb0927e766392e973064d61cbd8263dfa2ff5f6,2182,master,failed,582,2020-09-29 19:00:17 UTC,731377641,731377642,731377643,pull_request
731371237,238d71ae1aef843d9b19d5b9381402169d894c5f,2182,master,failed,549,2020-09-29 18:54:33 UTC,731371238,731371239,731371240,pull_request
731367586,4608dff0402fe374592ee7bce7a01ca705150214,2138,master,passed,2470,2020-09-29 18:52:28 UTC,731367587,731367588,731367589,pull_request
731364275,ccb7c12acde30fa31ec7be24599bc001453a7713,2138,master,canceled,0,,731364276,731364277,731364278,pull_request
731359451,7e65d67a07bb7866d844bccfefe9e1789cacb619,2182,master,canceled,0,,731359452,731359453,731359454,pull_request
731298343,a94add12537ee0cd3fc700c3c82eb49f7a12dbf5,2182,master,passed,2458,2020-09-29 15:35:01 UTC,731298344,731298345,731298346,pull_request
731293296,63e24fb75d1b0a02cada1ad5ebac657c0590d7b3,2182,master,canceled,0,,731293297,731293298,731293299,pull_request
731291275,63823c93f12f9cb426ac6b939df28a35debe8549,2182,master,canceled,0,,731291276,731291277,731291278,pull_request
731286576,da45140f1a29ae7bcd42f35797ee63b46c583832,2182,master,canceled,0,,731286577,731286578,731286579,pull_request
731262186,2ab9a2bea3b22b3a7d15affa2fdd2c8133085212,,master,passed,2518,2020-09-29 14:02:49 UTC,731262187,731262188,731262189,push
731226640,2c7f5fd9c8c381c7737e57b2c577deaebffe1f13,2180,master,passed,2207,2020-09-29 11:17:34 UTC,731226641,731226642,731226643,pull_request
731194289,c84dd53414ddb20fcd0817dd1f064812546e6acc,,master,passed,2309,2020-09-29 09:13:23 UTC,731194290,731194291,731194292,push
731193722,67f3c5d40130c76ddf22a587cab1f2640028c1fa,,master,canceled,0,,731193723,731193724,731193725,push
731167638,0bf172574fdc125991d9a1030a929efd9f2af009,2180,master,passed,2334,2020-09-29 04:37:27 UTC,731167639,731167640,731167641,pull_request
731149795,e0fa8ee3ad7ce65c851775cba10ee4649db44b4b,,master,passed,2296,2020-09-29 02:50:21 UTC,731149796,731149797,731149798,push
731148309,d70039ddda15112a6398765073572605fb01e23c,,master,canceled,0,,731148310,731148311,731148312,push
731141137,789edafc10557c28445a1f26e7b73563d5dfa431,2170,master,passed,2434,2020-09-29 01:25:29 UTC,731141138,731141139,731141140,pull_request
731102483,3a48dd74aa348e08e5c9ee864bf4d69e856315e7,2158,master,passed,2503,2020-09-28 23:20:32 UTC,731102484,731102485,731102486,pull_request
731102349,3a48dd74aa348e08e5c9ee864bf4d69e856315e7,2158,master,canceled,0,,731102350,731102351,731102352,pull_request
731086699,975ad9cac734a557412e88e6075efad79d648540,2133,master,failed,590,2020-09-28 21:40:21 UTC,731086700,731086701,731086702,pull_request
731046702,54e81acddf2dc15335936be95a00768ad47d9385,2167,master,passed,2597,2020-09-28 19:22:34 UTC,731046703,731046704,731046705,pull_request
731045210,00f2dbacb7675b65fa19fe7cfe6f446687f92f8f,,master,passed,2437,2020-09-28 19:21:36 UTC,731045211,731045212,731045213,push
731008877,2857e0aeba8a85ff930bfafdbd0d7fd399025401,2181,master,passed,2580,2020-09-28 15:48:09 UTC,731008878,731008879,731008880,pull_request
731003760,84ac41900bc41fc38bc5238b3bb53f765b70349b,,master,passed,2730,2020-09-28 15:31:24 UTC,731003761,731003762,731003763,push
730946917,77cb5adf45aa484e806f7155676e95db2339c599,2180,master,passed,2197,2020-09-28 12:56:42 UTC,730946918,730946919,730946920,pull_request
730945437,047e166b37f42860351be60cc6529d218cbf133f,2179,master,passed,2192,2020-09-28 12:50:31 UTC,730945438,730945439,730945440,pull_request
730920324,efbf39973b010ec3c2154545e729307d57f08e3d,,master,passed,2178,2020-09-28 10:59:38 UTC,730920325,730920326,730920327,push
730909821,3f5b433ee87c22c0d8c520f4f204e83f8a8e04ac,2153,master,passed,2329,2020-09-28 10:12:27 UTC,730909822,730909823,730909824,pull_request
730890029,6742bdd534e54991545276a61c57d368577f3d94,2177,master,passed,2194,2020-09-28 08:57:48 UTC,730890030,730890031,730890032,pull_request
730877860,953970f356cd0e8b5d72d11d074568fa1e111c04,2177,master,passed,2131,2020-09-28 08:04:54 UTC,730877861,730877862,730877863,pull_request
730874473,802ce2d5697ba5d8321e7993f52cb058022506e0,2169,master,passed,2075,2020-09-28 07:47:32 UTC,730874474,730874475,730874476,pull_request
730844926,6ecb23bd4f77e0db20628748d9aa5fba39dd94d6,2178,master,passed,2121,2020-09-28 05:12:35 UTC,730844927,730844928,730844929,pull_request
730826653,ae1e99fbac470ca508c90ed72b1dd213e1b2a314,2177,master,passed,2065,2020-09-28 03:00:37 UTC,730826654,730826655,730826656,pull_request
730822570,8eab2fc152059cce3a155de49a4d6aac1967b7fa,2177,master,passed,2166,2020-09-28 02:38:46 UTC,730822571,730822572,730822573,pull_request
730820750,ebf3c920e6d120e1d0cd17f0d3a14bb907310e47,2177,master,canceled,-18,2020-09-28 02:32:24 UTC,730820751,730820752,730820753,pull_request
730820008,e1ebe1268a8ef26ccbb8c8294fadf3790c60c26e,2176,master,passed,2108,2020-09-28 02:31:44 UTC,730820009,730820010,730820011,pull_request
730817565,2ca30cf6acd063628d5a621df5d3536f23f38cf7,2175,master,passed,2148,2020-09-28 02:18:48 UTC,730817566,730817567,730817568,pull_request
730791645,0d283f4ac2201b908cf4fa034e0afe0d0b84b4ba,2169,master,passed,2119,2020-09-27 22:40:26 UTC,730791646,730791647,730791648,pull_request
730791060,fc37d16d718ee6e7e383d283d5b6ce6641591fc9,2169,master,passed,2103,2020-09-27 22:35:26 UTC,730791061,730791062,730791063,pull_request
730782369,1050b36cafbb0c487b7a2ade3efd12850609717e,,master,passed,2244,2020-09-27 21:48:42 UTC,730782370,730782371,730782372,push
730779474,5d36bc5d376b2a259d2861496c9e3c8b0951feb2,2174,master,passed,2139,2020-09-27 21:31:02 UTC,730779475,730779476,730779477,pull_request
730778555,19d80a806edb5cbff5485ab37bfb469542e2a4c2,2173,master,passed,2210,2020-09-27 21:22:04 UTC,730778556,730778557,730778558,pull_request
730776900,25c911dc5a1f25ad11137de37c8f51931474afb0,2136,master,passed,2335,2020-09-27 21:08:48 UTC,730776901,730776902,730776903,pull_request
730776622,0d520632dbac95686f6686c7c78dd25334e23fd3,,master,passed,2188,2020-09-27 21:05:47 UTC,730776623,730776624,730776625,push
730774691,0c22cb6e662def25ac4362906031f1aedd57b7a6,2172,master,passed,2208,2020-09-27 20:52:17 UTC,730774692,730774693,730774694,pull_request
730773792,e942fb4a36d5708dadad3b94b28171357552ed82,2172,master,passed,2219,2020-09-27 20:46:02 UTC,730773793,730773794,730773795,pull_request
730772503,9d323baea8ec485fbbf7f1b12c97d9ac29b722b0,2172,master,passed,2080,2020-09-27 20:37:19 UTC,730772504,730772505,730772506,pull_request
730764434,a3d02d2517e5cd7cc8d1da02309bdabe76ab195d,,master,passed,2164,2020-09-27 19:45:34 UTC,730764435,730764436,730764437,push
730755686,1730a13b50065f90311e74376c3c9129d11ccfe5,2171,master,passed,2210,2020-09-27 18:56:45 UTC,730755687,730755689,730755690,pull_request
730744291,d701495640df77992b43093422e9331de103d9fd,,master,passed,2177,2020-09-27 17:45:30 UTC,730744292,730744293,730744294,push
730680511,37362f4cfccf6eb44c08d78230aed3c998ba44af,2164,master,passed,2200,2020-09-27 12:11:39 UTC,730680512,730680513,730680514,pull_request
730665054,4ffb058000eb261b671fce299d1e90adaf97d2f4,1929,master,passed,2135,2020-09-27 09:59:19 UTC,730665055,730665056,730665057,pull_request
730627461,9c03bfc8cce466eece006756be51f021b570fc67,1901,master,passed,2058,2020-09-27 03:35:51 UTC,730627462,730627463,730627464,pull_request
730599359,9367d0dc13873b2690bcc23b05225e720f9addbc,2153,master,passed,2363,2020-09-26 23:43:20 UTC,730599360,730599361,730599364,pull_request
730597592,2a0a1e00d7b8f7a8f57bcc90b7559b1afd6e0db3,1929,master,failed,2135,2020-09-26 23:31:42 UTC,730597593,730597594,730597595,pull_request
730592704,d5c91d9264fd51ecc60043856afabcf1597d0726,1929,master,failed,1150,2020-09-26 22:49:13 UTC,730592705,730592706,730592707,pull_request
730576503,8094776d9b9a4d7aa180eca41d5c033dadebd84b,1929,master,passed,2147,2020-09-26 20:59:17 UTC,730576504,730576505,730576506,pull_request
730575657,27e7f19a75033f44895d1c83efc6adf4f0e64856,,master,passed,2304,2020-09-26 20:53:19 UTC,730575658,730575659,730575660,push
730573624,77872ec85662ff8f8ef6c91d76f3a3a652d21d7c,1929,master,failed,573,2020-09-26 20:37:11 UTC,730573625,730573626,730573627,pull_request
730568491,21a453612eb04c9b63cb8121c92d4ba7cfc64a8e,1929,master,failed,585,2020-09-26 20:05:14 UTC,730568492,730568493,730568494,pull_request
730552353,b58de1b674cd69d9e83733346d4387913dca431c,1929,master,failed,1049,2020-09-26 18:26:26 UTC,730552354,730552355,730552356,pull_request
730541250,c6ecbd775fa0a52e8d7f95e299487dd7b5943b78,1929,master,passed,2316,2020-09-26 17:24:01 UTC,730541251,730541252,730541253,pull_request
730528109,a9b2af51f7fe076e55fd808052a955ac236d9392,1929,master,failed,797,2020-09-26 16:07:59 UTC,730528110,730528111,730528112,pull_request
730527866,e33d6bfc341d7f502a6a03df3f97a537eedd7531,1929,master,failed,788,2020-09-26 16:06:50 UTC,730527867,730527868,730527869,pull_request
730526323,64dde69c1f10f51717f2f9ccd507993881d35427,1929,master,failed,2242,2020-09-26 15:58:02 UTC,730526324,730526325,730526326,pull_request
730511085,f925fb4a8cd7e7e17e544e01fcc7d9dbac772c5e,1929,master,failed,2112,2020-09-26 14:59:08 UTC,730511086,730511087,730511088,pull_request
730501461,71f20b31debecd2263f6325ad11cdb486867ad4f,1929,master,failed,2136,2020-09-26 14:11:40 UTC,730501462,730501463,730501464,pull_request
730500367,f6a26eea7441e63f59a0619abcd0c2c156a4966f,1929,master,failed,1020,2020-09-26 14:02:44 UTC,730500368,730500369,730500370,pull_request
730499557,fc6aa7126f07a7fdadae8369feb40fd477fb5063,1929,master,failed,1002,2020-09-26 13:54:10 UTC,730499558,730499559,730499560,pull_request
730499524,07045f0a89972909ff8ff1a89c9c8f965cdec5a5,1929,master,failed,976,2020-09-26 13:53:38 UTC,730499525,730499526,730499527,pull_request
730499041,807303b9f9ef787833191e96cc3ca381b360b11d,1929,master,failed,881,2020-09-26 13:48:46 UTC,730499042,730499043,730499044,pull_request
730498198,37e4b7f0b526ed92103eb5c14a1c4d55b94c6001,1929,master,failed,568,2020-09-26 13:39:52 UTC,730498199,730498200,730498201,pull_request
730496035,082f6d66fba25236fc984e2ce53a342eda55789f,1929,master,failed,801,2020-09-26 13:24:30 UTC,730496036,730496037,730496038,pull_request
730469658,c14add06ec32a6545a4aeafe7adfe09af5367f62,1929,master,failed,2257,2020-09-26 08:58:10 UTC,730469659,730469660,730469661,pull_request
730455041,5e3ce9d33bbb3c065238505346eadd50dcbe2125,2153,master,failed,2300,2020-09-26 05:42:19 UTC,730455042,730455043,730455044,pull_request
730452803,df584db61dd3d6e036f5b8a818cf639818100666,2153,master,failed,2291,2020-09-26 05:17:04 UTC,730452804,730452805,730452806,pull_request
730420783,a1e4249f1de988447a4f1d752b6ff14106058af9,2153,master,failed,2503,2020-09-26 00:22:41 UTC,730420784,730420785,730420786,pull_request
730419423,82c80e90f5527e58e72c3b69ecb32133b87ad4ef,2158,master,passed,2211,2020-09-26 00:14:14 UTC,730419424,730419425,730419426,pull_request
730414615,530598a16e945d8470abbb6dabe206cddef59a45,1929,master,failed,592,2020-09-25 23:41:15 UTC,730414616,730414617,730414618,pull_request
730412176,ee0a4a7040a3115639de6e23e1aaa10e60358567,1929,master,passed,2118,2020-09-25 23:22:03 UTC,730412177,730412178,730412179,pull_request
730408293,db73e2a8422a884fb2c2490749387ede16072f8e,1929,master,failed,2237,2020-09-25 23:00:52 UTC,730408294,730408295,730408296,pull_request
730402433,12d8e25a6c4e3b491123217427adf0257054e72a,1929,master,failed,1200,2020-09-25 22:29:12 UTC,730402434,730402435,730402436,pull_request
730402175,fe0b47ecede51284d4bee771fc659b833964469d,1929,master,failed,793,2020-09-25 22:27:41 UTC,730402176,730402177,730402178,pull_request
730398065,363047bcd2c49ee03ca0c263ad061a4f1eb931c1,1929,master,failed,803,2020-09-25 22:05:13 UTC,730398066,730398067,730398068,pull_request
730391769,239f9cfff08e9dac93b95cb7c5ff995b3bc9cbc0,1929,master,failed,775,2020-09-25 21:39:58 UTC,730391770,730391771,730391772,pull_request
730387101,e29c167ae036de6c12fe75f99e55f168abff4131,1929,master,failed,932,2020-09-25 21:17:27 UTC,730387102,730387103,730387104,pull_request
730373645,ca421ecfb75e2ada21c454cff076d5a095c262d3,2170,master,passed,2254,2020-09-25 20:45:00 UTC,730373646,730373647,730373648,pull_request
730373015,289c460783cc4cde096fb5a85f7fc01bae2804e2,2170,master,canceled,0,,730373016,730373017,730373018,pull_request
730208425,e1dce77221c919ab5aff02280bd8cd718e7d924a,2164,master,passed,2105,2020-09-25 09:56:21 UTC,730208426,730208427,730208428,pull_request
730199718,02e81d7c83398c8e75d4ae4b16541a6b6dfb85f1,2169,master,passed,2108,2020-09-25 09:14:24 UTC,730199719,730199720,730199721,pull_request
730177742,8ffedcce67af8af7f262e1b0668c3e8374fbbd41,,master,passed,2050,2020-09-25 07:23:02 UTC,730177743,730177744,730177745,push
730158491,7f7c3e9757fface5da9353f90d03bc280960503f,2164,master,failed,1233,2020-09-25 05:29:23 UTC,730158492,730158493,730158494,pull_request
730084512,0dd19064d7918d112487a99d410f283261f229fe,2133,master,failed,519,2020-09-24 22:40:22 UTC,730084513,730084514,730084515,pull_request
730060162,025173f1ceeac1795d019b88313594a244df6466,2133,master,canceled,0,,730060163,730060164,730060165,pull_request
730009883,8ca4d86bfb69be7369ad34be11594efdb2ec0956,,master,passed,2207,2020-09-24 16:44:29 UTC,730009884,730009885,730009886,push
729966364,a6b721584d0ff3ee46b48309946d1bd068162879,2168,master,passed,2073,2020-09-24 15:20:31 UTC,729966365,729966366,729966367,pull_request
729966114,8f8178579fa881df98d3bd75feb75b8b3b7b1cc2,2168,master,canceled,0,,729966115,729966116,729966117,pull_request
729945900,dbd3747076e3915596d4446ee724a6073cd255d7,2168,master,passed,2222,2020-09-24 14:05:36 UTC,729945901,729945902,729945903,pull_request
729945631,22877bea08911e6b73b95c26646c7d49ccdf0404,2168,master,canceled,0,,729945632,729945633,729945634,pull_request
729913834,d8a3e8af429c23ac0fabdab411237ac10dbc2ea8,2168,master,passed,2133,2020-09-24 12:31:26 UTC,729913835,729913836,729913837,pull_request
729913625,d27562aec35aac46bdedc66050d622aaa796406e,2168,master,canceled,0,,729913626,729913627,729913628,pull_request
729911889,c5bd1b99d18202e77bf5f890404258cba0fedf55,2168,master,canceled,0,,729911890,729911891,729911892,pull_request
729794468,a8be094664eddd14daf5de35bca4de8797a1d4c2,,master,passed,2176,2020-09-24 01:12:10 UTC,729794469,729794470,729794471,push
729792865,1b430915730b66f26a00205ab93cd3c68d16ef90,,master,canceled,0,,729792866,729792867,729792868,push
729771603,d9eb31de66e429698187c2623a6e439535a64899,2160,master,passed,2149,2020-09-23 23:07:01 UTC,729771604,729771605,729771606,pull_request
729695431,158d17602005477dd2dd28d1c90875f67f81e24e,2167,master,passed,2288,2020-09-23 18:07:51 UTC,729695432,729695433,729695434,pull_request
729550937,ba9000813ae40d38c7d4be97e00cb021df78c5e1,1795,master,passed,2156,2020-09-23 10:25:00 UTC,729550938,729550939,729550940,pull_request
729525992,3eff4339254ed057b71cd83340f72560abbd6f5b,1795,master,passed,2207,2020-09-23 08:04:12 UTC,729525993,729525994,729525995,pull_request
729516147,b03de57a131bb4082e331570b25b664d1f866b0f,1795,master,passed,2141,2020-09-23 05:45:40 UTC,729516148,729516149,729516150,pull_request
729515563,8d6203db6a89a51a3a6a10cb5816b578803e8ed8,1795,master,canceled,0,,729515564,729515565,729515566,pull_request
729495499,87420b82ca1d68c4518f3aea5d450c4a698bf637,2164,master,passed,2226,2020-09-23 02:36:44 UTC,729495500,729495501,729495502,pull_request
729441664,723e7e603e52f171adfeff45798d52115b5dbd7b,,master,passed,2107,2020-09-22 21:18:54 UTC,729441665,729441666,729441667,push
729440009,b37c4d49bf849a331491590ad4286f58e89b869c,2166,master,passed,2177,2020-09-22 21:12:14 UTC,729440010,729440011,729440012,pull_request
729404984,1f8e7cfc497a2c74632f6492b2e1a7586610da67,2133,master,failed,598,2020-09-22 18:57:36 UTC,729404985,729404986,729404987,pull_request
729341987,f4f0cb1df482a3af87530307b81895e0c515e300,2165,master,passed,2259,2020-09-22 15:58:51 UTC,729341989,729341990,729341991,pull_request
729319426,efbd8cc839fb494cc17161ebfe0e3f8e5099fd0c,2164,master,failed,1241,2020-09-22 14:28:22 UTC,729319427,729319428,729319429,pull_request
729290216,4dc18e21d1eb26336d6eb048ee6921e9586a6bd4,2164,master,failed,747,2020-09-22 13:14:13 UTC,729290217,729290218,729290219,pull_request
729276798,c75224b6cb479cf8e2bbd06124115ecffb2b58a4,2163,master,passed,2200,2020-09-22 11:46:05 UTC,729276799,729276800,729276801,pull_request
729275149,81db26dd077c44242417d2dbd1cd9f78890a4a73,,master,passed,2167,2020-09-22 11:42:52 UTC,729275150,729275151,729275152,push
729226207,22677847478d29d40db5ff457fd9eb417b4c212c,1929,master,failed,2998,2020-09-22 09:09:12 UTC,729226208,729226209,729226210,pull_request
729222320,a99f508a6889f328ad7cb7658625b99c8c7d2a3d,2161,master,failed,3399,2020-09-22 08:02:27 UTC,729222321,729222322,729222323,pull_request
729221624,df88ba85853168b1c088ccff27db9b49e87195e0,1929,master,canceled,0,,729221625,729221626,729221627,pull_request
729148797,2acf3426e5a9df85192d0dfb047a7c0cd7c335dd,,master,passed,2233,2020-09-21 23:42:01 UTC,729148798,729148800,729148801,push
729142058,71f0223c34f0f2667c99250d5153e9916aba10b5,2162,master,passed,2219,2020-09-21 22:27:16 UTC,729142059,729142060,729142061,pull_request
729141424,b15d6d348e439e1b896119cf8f00e82a017a36cf,2159,master,passed,2331,2020-09-21 22:24:37 UTC,729141425,729141426,729141427,pull_request
729060482,87cef2b86821871d09a45dd39e2c167e8213a69e,2160,master,passed,2154,2020-09-21 16:54:57 UTC,729060483,729060484,729060485,pull_request
728961101,7d632934e30e5e5c37f2656ef2f4afb6765f40e9,1901,master,passed,2114,2020-09-21 12:07:08 UTC,728961107,728961109,728961110,pull_request
728905842,43cf101576e3108f94aa51ffe4257a1d2a37823e,,master,passed,2113,2020-09-21 07:51:30 UTC,728905843,728905844,728905845,push
728875905,fb1835c3741018f805b61aae7888f0afe65761ee,,master,passed,2127,2020-09-21 04:39:44 UTC,728875906,728875907,728875908,push
728869220,e7ac26d6ec083848531b456d2acf3f7f58a499b5,,master,passed,2220,2020-09-21 03:52:20 UTC,728869221,728869222,728869223,push
728864788,59a0b304b11825a24ea73b8dea6616dba18709c9,2161,master,failed,2254,2020-09-21 03:11:12 UTC,728864789,728864790,728864791,pull_request
728834127,5c98a25ddc06ed21ab8df6efe5d4b6964e489683,2160,master,passed,2231,2020-09-20 23:13:41 UTC,728834128,728834129,728834130,pull_request
728833614,289d1b73fd01064b0c37bee455009083458fb3d2,2160,master,passed,2205,2020-09-20 23:09:34 UTC,728833615,728833616,728833617,pull_request
728833375,a9f13e0fde7cfc961eddc386966f4a215d9174f0,2160,master,failed,1298,2020-09-20 23:07:02 UTC,728833376,728833377,728833378,pull_request
728828821,92f21c763085320324b29c62273b6c8e2e16835d,1929,master,failed,1250,2020-09-20 22:33:03 UTC,728828822,728828823,728828824,pull_request
728486523,859e27b0701ba4abf50ab1f3e22b665c850db1e1,2159,master,passed,2278,2020-09-19 01:28:29 UTC,728486524,728486525,728486526,pull_request
728485897,8e8401865835d453724e9135a47806510d38bffe,2159,master,canceled,0,,728485898,728485900,728485901,pull_request
728485755,932cfbd3393296acb50105e91fefe8466a330366,2158,master,passed,2347,2020-09-19 01:06:42 UTC,728485756,728485757,728485758,pull_request
728484142,1d7e281c199e0f020dd41468c0b721e2baa415a5,,master,passed,2337,2020-09-19 01:03:13 UTC,728484143,728484144,728484145,push
728445832,9ab6de4453c96118e6c853f7aefdbffd1b1a741f,2153,master,passed,2593,2020-09-18 21:19:27 UTC,728445833,728445834,728445835,pull_request
728444643,99adcc891d28844fdae3e8e459d81d96be0763f4,2157,master,passed,2304,2020-09-18 21:15:22 UTC,728444644,728444645,728444646,pull_request
728421451,a4aa67f83da43eccb2b3fa80f828a52ceb184bc6,2150,master,passed,2410,2020-09-18 19:02:28 UTC,728421452,728421453,728421454,pull_request
728416163,4654a2d741688621e2a0d7b6816c4ef47c9de2e4,2150,master,failed,901,2020-09-18 18:50:57 UTC,728416164,728416165,728416166,pull_request
728415834,69a23466f4d96ec5dd2b5c67008223c41136be01,2150,master,canceled,0,,728415835,728415836,728415837,pull_request
728300528,d7f67b086c9d91068557e7692d385d6a0fcf7246,2156,master,passed,2278,2020-09-18 12:14:34 UTC,728300529,728300531,728300533,pull_request
728266279,bc79414c5f50c31561212a5af25e25559a42af8d,1929,master,failed,2279,2020-09-18 09:00:19 UTC,728266280,728266281,728266282,pull_request
728262058,233dedfac7a7067c883a7b64b8d43631e8fffd32,2155,master,passed,2252,2020-09-18 08:55:46 UTC,728262059,728262060,728262061,pull_request
728259592,2f4b8491623d784623174a9094bb1dd7b5439dd3,1929,master,canceled,0,,728259593,728259594,728259595,pull_request
728259547,9638b87e3f444de5343476a66e677e28e6c09fb1,1929,master,canceled,0,,728259548,728259549,728259550,pull_request
728258180,b026fae1dce228414eb5a2738f0c4ca9110ec13b,1929,master,canceled,0,,728258181,728258182,728258183,pull_request
728251677,7901b746e70f501abfcea25b3f73bde48aeab1c1,1929,master,failed,734,2020-09-18 07:25:34 UTC,728251678,728251679,728251680,pull_request
728233872,6a3a7e49f99f2bfb4b32222af00536bccbe19c53,,master,passed,2299,2020-09-18 05:29:24 UTC,728233873,728233874,728233875,push
728220370,4c6526c83cfa76a1ab6f082e23763649c98b4467,2153,master,passed,2450,2020-09-18 03:55:03 UTC,728220371,728220372,728220373,pull_request
728211888,38354ced92653c03843537e17e85fa872a43124e,2147,master,passed,2207,2020-09-18 03:04:51 UTC,728211889,728211890,728211891,pull_request
728178514,def235cddd9b4acd65f6302a0dbd5ffbfcbedaeb,1929,master,failed,738,2020-09-17 23:28:23 UTC,728178515,728178516,728178517,pull_request
728177726,b10d0b3acb39e6948353080068cc8d61104d4896,1929,master,canceled,0,,728177727,728177728,728177729,pull_request
728177072,05583b034f07458962b862d2b3aec7c8c7e4e462,1929,master,canceled,0,,728177073,728177074,728177075,pull_request
728102599,26b021f0474888248adba9356f3a606c81279f8d,2138,master,passed,2256,2020-09-17 18:32:09 UTC,728102600,728102601,728102602,pull_request
727953948,ea2b32e11dc6a0744fc93b8d33d7dfa1da70e674,,master,passed,2279,2020-09-17 09:24:18 UTC,727953949,727953950,727953951,push
727950035,ea6c2cae6fac891aadaaa84f9664c74c881c6464,2154,master,passed,2285,2020-09-17 08:58:43 UTC,727950036,727950037,727950038,pull_request
727946902,5af5ee85b0395503d96605349fdbc2aa0f0abb73,2154,master,failed,1525,2020-09-17 08:38:41 UTC,727946903,727946904,727946905,pull_request
727944620,49579d36566b9821b3ae143b7ca7970d527ba713,2154,master,failed,1464,2020-09-17 08:28:03 UTC,727944621,727944622,727944623,pull_request
727904965,93290715c01883cab71d52edfba58b9b6aeac625,2151,master,passed,2386,2020-09-17 04:25:17 UTC,727904966,727904967,727904968,pull_request
727876381,602cfd50d2209c9fc43f135d1316082c6faa552c,2153,master,passed,2568,2020-09-17 00:52:17 UTC,727876382,727876383,727876384,pull_request
727782318,8b8f33c965de9e897bf5471fad7c2e15c472d4ff,2133,master,failed,675,2020-09-16 17:57:02 UTC,727782319,727782320,727782321,pull_request
727703585,8250798e4107c639dad122baf868137b35032001,,master,passed,2279,2020-09-16 13:49:42 UTC,727703586,727703587,727703588,push
727683261,54324b7ee022eb64b913efafda7da23c3a6363d8,2152,master,passed,2339,2020-09-16 12:30:59 UTC,727683262,727683263,727683264,pull_request
727675717,97dcd54725bd0b26cd033fdc695b0a76ce6ab553,2117,master,passed,2313,2020-09-16 11:58:11 UTC,727675718,727675719,727675720,pull_request
727579218,f95f26996c199e65fff18a4298a2990c3720b3d8,2117,master,passed,2403,2020-09-16 03:31:24 UTC,727579219,727579220,727579221,pull_request
727568580,3fa5a1a404afc4bd9c6334b993c7925f34bc6a7c,2151,master,passed,2222,2020-09-16 02:16:11 UTC,727568581,727568582,727568583,pull_request
727456695,57e475f0ea7ffc4cd52554989ac1f59981ab5385,2150,master,passed,2343,2020-09-15 18:05:50 UTC,727456698,727456700,727456701,pull_request
727357920,9caa942988f7c37a00d83f720633557998b8c6dc,1996,master,failed,788,2020-09-15 13:11:32 UTC,727357921,727357922,727357923,pull_request
727113697,9d17ab968d437afda7aa68e1cbab246843036b65,2147,master,passed,2310,2020-09-14 18:44:21 UTC,727113698,727113699,727113700,pull_request
726895655,29b536460d44f07a86694d7f0d433b9dff53f699,2146,master,passed,2194,2020-09-14 03:07:30 UTC,726895656,726895657,726895658,pull_request
726888819,1ae20f3e47d9ffab52e934c077d1b7629f798a2f,,master,passed,2283,2020-09-14 02:25:19 UTC,726888820,726888821,726888822,push
726887232,9718feea61ad7b9865950add7ff8550f1f9e6969,2145,master,errored,1595,2020-09-14 02:16:46 UTC,726887233,726887234,726887235,pull_request
726886857,99c0fefeca7caf638de875133f8c836472e8b28c,,master,passed,2149,2020-09-14 02:16:32 UTC,726886858,726886859,726886860,push
726863096,7bfeb3707880a53ef1961c92a4db9c3773c71445,2147,master,passed,2291,2020-09-13 23:11:20 UTC,726863097,726863098,726863099,pull_request
726561031,c1214747e8482dcadf9c91e1b5573cf78de7e56e,2149,master,failed,882,2020-09-12 13:36:01 UTC,726561032,726561033,726561034,pull_request
726525229,18af3ebc9e7841d9c17189268bb60cc72e9d8fee,2148,master,passed,2170,2020-09-12 09:06:01 UTC,726525230,726525231,726525232,pull_request
726524493,39e07f51bea1946dd0083e9e8ee8b4f5dd510a00,2143,master,passed,2266,2020-09-12 09:01:29 UTC,726524494,726524495,726524496,pull_request
726523478,b67964b1356e45669b94d29934c4e579a67f023f,2148,master,passed,2110,2020-09-12 08:51:39 UTC,726523479,726523480,726523481,pull_request
726516548,6710a0c316ca1220fb67b3e3f2541f8c7b50f0f1,2148,master,passed,2298,2020-09-12 07:55:26 UTC,726516549,726516550,726516551,pull_request
726487183,cde0daf41b743154350aac883d1b85fd605f0609,2121,master,passed,2307,2020-09-12 03:56:13 UTC,726487184,726487185,726487186,pull_request
726483978,b4d742a22cf3e34ee2783f775983984e1e1b9da1,2121,master,failed,992,2020-09-12 03:24:31 UTC,726483979,726483980,726483981,pull_request
726392554,ac64dd11251f7e9ef3eab9d493830abac6c654d2,2147,master,passed,2260,2020-09-11 19:23:55 UTC,726392555,726392556,726392557,pull_request
726384489,b68e4a86df4205f3300ab4a677ed2ecd3b33c17f,2147,master,passed,2421,2020-09-11 18:55:20 UTC,726384491,726384493,726384495,pull_request
726362125,3b3a9f93e109025ac409b4b22f9b6b511d94bdce,2138,master,passed,2381,2020-09-11 17:32:50 UTC,726362126,726362127,726362128,pull_request
726358180,44770431e4b2eaf563dee210561e71080d614134,2138,master,passed,2408,2020-09-11 17:18:14 UTC,726358181,726358182,726358183,pull_request
726343660,5058b7ff33e6d1d151f202b1fe10b647ab24f7a3,2133,master,failed,675,2020-09-11 16:59:09 UTC,726343661,726343662,726343663,pull_request
726342507,fdb08025bf675e93fb3b5023a1557718fc648a17,2133,master,canceled,0,,726342508,726342509,726342510,pull_request
726197536,ea05c0cec1b4abb3758bda969954db97599056ac,2146,master,passed,2276,2020-09-11 08:50:56 UTC,726197537,726197538,726197539,pull_request
726192606,660f7d30222811549cbbcbb37980367dd1c2c948,2128,master,passed,2318,2020-09-11 08:01:23 UTC,726192607,726192608,726192609,pull_request
726137757,496da55f7b45fe42e77552eb0ca7b378c6ef212e,2143,master,passed,2438,2020-09-11 02:38:49 UTC,726137758,726137759,726137760,pull_request
726132710,cc7d550633f7441bb318fb0f3484b15315464d80,2146,master,passed,2347,2020-09-11 02:09:15 UTC,726132711,726132712,726132713,pull_request
726089807,0f6a84f080ffae6cfb257dd3a947d8fcae9eeb19,2133,master,failed,805,2020-09-10 22:48:08 UTC,726089808,726089809,726089810,pull_request
725826991,94ad5521a3980fa10cc1277760b96b32271fdeb6,2143,master,passed,2352,2020-09-10 06:38:28 UTC,725826992,725826993,725826994,pull_request
725801540,89859f15ff5800cee097d1a5b1af90d12b41f1cb,2145,master,passed,2234,2020-09-10 04:07:16 UTC,725801541,725801542,725801543,pull_request
725794807,483003c9baa2aadb9402b412f862cb79b563fa0d,2145,master,passed,2241,2020-09-10 03:48:31 UTC,725794808,725794809,725794810,pull_request
725793891,03c388a0190ad9ca3b4f47c166f6ebf453c0343d,2145,master,canceled,0,,725793892,725793893,725793894,pull_request
725786336,4e5da2b19541be529905ff1b54473b77fefbe099,2138,master,passed,2273,2020-09-10 02:31:26 UTC,725786337,725786338,725786339,pull_request
725785998,c93b8c2787488f4a351293c8aaeb7773412bdec5,2138,master,passed,2290,2020-09-10 02:29:12 UTC,725785999,725786000,725786001,pull_request
725767407,b26c1afe81b1b080de71341171a0c85a41c9faf3,2138,master,passed,2268,2020-09-10 00:44:03 UTC,725767408,725767409,725767410,pull_request
725764801,09c9d29ad2871e3f9261c0a708d3f54f5f464bc6,2138,master,failed,902,2020-09-10 00:27:34 UTC,725764802,725764803,725764804,pull_request
725741509,0920796bb917ee8420d2534233486ca0413b4430,,master,passed,2370,2020-09-09 22:17:32 UTC,725741510,725741511,725741512,push
725740102,32ac7311cef3aa539538a069026d21b1a31f1d24,,master,passed,2236,2020-09-09 22:11:15 UTC,725740107,725740109,725740110,push
725700266,2f43cd72eb86608b51703316dd188f6253966afa,1929,master,failed,1176,2020-09-09 19:49:51 UTC,725700267,725700268,725700269,pull_request
725679060,60aa74f4e5b3b01ad90cb9ee9a4520483d45b2b4,,master,passed,2356,2020-09-09 18:16:25 UTC,725679061,725679062,725679063,push
725503834,62ab47a286676c125f821c1c152b9ae93add0e28,2144,master,passed,2173,2020-09-09 08:46:28 UTC,725503835,725503836,725503837,pull_request
725498461,b0d6152bca766280c48df68cfd7413673d83d11d,2144,master,canceled,0,,725498462,725498463,725498464,pull_request
725496462,78478735ac2625d05cb427506ef5ef9ebe50393e,2144,master,canceled,0,,725496463,725496464,725496465,pull_request
725455281,8735b89cb0f987aadc95ade9b440bd73b93fbba7,2143,master,passed,2179,2020-09-09 03:45:17 UTC,725455282,725455283,725455284,pull_request
725179909,1795698eaac05666255e63173afe99df37f3dbc8,2142,master,passed,2240,2020-09-08 09:26:28 UTC,725179910,725179911,725179912,pull_request
725176914,f313cf619799cd06558cdac27589c53e4daa81c9,2142,master,failed,1268,2020-09-08 09:10:28 UTC,725176915,725176916,725176917,pull_request
725165893,17883b89e26358eca94785671d14a53ca5240024,2132,master,passed,2255,2020-09-08 08:36:26 UTC,725165894,725165895,725165896,pull_request
725163930,0280b2f10ab0c6aa69ffc16b73d590853faca0f1,2132,master,canceled,0,,725163931,725163932,725163933,pull_request
725160132,d547f69c39febae129d4963002cffe3e8f7afcb6,2132,master,canceled,0,,725160133,725160134,725160135,pull_request
725093896,89a6de769e2d3037ccfb17f2d7723ebed0b037e1,2132,master,passed,2279,2020-09-08 00:50:24 UTC,725093897,725093898,725093899,pull_request
725061432,d99466fc9517340b3e2c3f01787c4bee57b59bff,1929,master,failed,1191,2020-09-07 21:58:38 UTC,725061433,725061434,725061435,pull_request
724842436,31f862c3a206a5968ab2a570c0eb1f257ab4ca63,2132,master,passed,2282,2020-09-07 08:37:16 UTC,724842437,724842438,724842439,pull_request
724839691,99c243185e7c1dfe494b35d88e517df8382cb381,2132,master,failed,1293,2020-09-07 08:10:33 UTC,724839692,724839693,724839694,pull_request
724833647,87f53231807fa3cb44ebedec2556eeedd5cbdfa2,2132,master,failed,2268,2020-09-07 07:45:38 UTC,724833648,724833649,724833650,pull_request
724829465,7549d26d9f45502c257ba98fec01a4a72eb95e4d,2132,master,failed,1353,2020-09-07 07:36:35 UTC,724829466,724829467,724829468,pull_request
724719915,d6d5df52016f25e22933aa5b500dba0f34105891,1929,master,passed,2281,2020-09-06 19:39:25 UTC,724719916,724719917,724719918,pull_request
724717998,aee0ef0194455dde552bce510d6f16813abffa8b,2141,master,passed,2300,2020-09-06 19:31:05 UTC,724717999,724718000,724718001,pull_request
724708948,e113fdc0de48ddae7b0b14a1fd0ef3c92af1830a,2141,master,passed,2264,2020-09-06 18:44:20 UTC,724708949,724708950,724708951,pull_request
724697056,bd93ef2c7a44bc7543759922ac6fca44dfcd0359,1929,master,failed,2271,2020-09-06 17:28:54 UTC,724697057,724697058,724697059,pull_request
724685510,439d5b0e17f21b9b69857d760a6ba261237a5315,2141,master,failed,2322,2020-09-06 16:20:16 UTC,724685511,724685512,724685513,pull_request
724614685,e32b96de4df3453ea1dd3ed7bd4825b6c7c351c0,1929,master,passed,2284,2020-09-06 09:16:14 UTC,724614686,724614687,724614688,pull_request
724611546,bc41b4607e783c3f2c736767d0b3c4d34b0f3337,2132,master,passed,2328,2020-09-06 08:51:55 UTC,724611547,724611548,724611549,pull_request
724607625,e9e232b9c6986b5345ebd9899de84f1b70f4f381,1929,master,failed,2367,2020-09-06 08:13:20 UTC,724607626,724607627,724607628,pull_request
724501716,eb4011bb4b9d962c2f8e6767cbee8c23435ef939,,master,passed,2425,2020-09-05 17:16:48 UTC,724501717,724501718,724501719,push
724501404,86b42f34e64e63ef923c842bf5089b6e2733ba2d,,master,passed,2343,2020-09-05 17:15:06 UTC,724501405,724501406,724501407,push
724501214,eaf0edfc38c095e733cb37614333dfb7415f331a,,master,passed,2182,2020-09-05 17:13:34 UTC,724501215,724501216,724501217,push
724422974,7353fa94bad8d5db48a217799d8c9567c9639a2f,,master,passed,2218,2020-09-05 09:35:54 UTC,724422975,724422976,724422977,push
724415411,b5d3958e26cc8744a95db0404bf247726c57dd2c,2140,master,passed,2230,2020-09-05 08:21:20 UTC,724415412,724415413,724415414,pull_request
724326066,c94df553dbf4a6cfab7ea09f07fbe1265514d2ea,2140,master,passed,2452,2020-09-04 22:30:47 UTC,724326067,724326068,724326069,pull_request
724308281,786732780ca39d3185434ac1025ff1882e32edbe,2139,master,passed,2406,2020-09-04 21:15:49 UTC,724308282,724308283,724308284,pull_request
724302320,bae1ac8e7cbea69407a5e3a6992ea266a969c8a7,2139,master,passed,2270,2020-09-04 21:03:56 UTC,724302321,724302322,724302323,pull_request
724299820,f850464e7391e99a1cd502e99e9330cda4bc20e1,2139,master,canceled,0,,724299821,724299822,724299823,pull_request
724283310,76f26b8319e66c30c6cbfdfba6d5b2839cdedfa2,,master,passed,2307,2020-09-04 19:40:56 UTC,724283311,724283312,724283313,push
724110760,6842b70b52d556f2be973df6090e0cb69d5f565d,,master,passed,2339,2020-09-04 10:41:29 UTC,724110761,724110762,724110763,push
724096095,e0480a9060dd62833b504072295bb3ac85e94251,,master,passed,2216,2020-09-04 09:46:59 UTC,724096096,724096097,724096098,push
724064903,103c73f639443e84fae4a600aa5ab05a8139cf91,,master,passed,2305,2020-09-04 08:15:46 UTC,724064904,724064905,724064906,push
724062395,62b53055c51ea84e607f51d6aeca79120c03a149,2131,master,passed,2319,2020-09-04 08:01:54 UTC,724062396,724062397,724062398,pull_request
723992188,42785e4f63f5d841655a8fdc4f9b81b310e33841,,master,passed,2397,2020-09-04 02:25:07 UTC,723992189,723992190,723992191,push
723766093,a04921e034d38bc1d490ba7e0738a9b7239aa5da,2110,master,failed,2638,2020-09-03 13:07:10 UTC,723766094,723766095,723766096,pull_request
723724719,8b9717bb589b9f0bcbe4b77401af62eec9a02626,2128,master,passed,2287,2020-09-03 09:32:35 UTC,723724720,723724721,723724722,pull_request
723698912,e731bd7d41587bffdfa10ccbedc559bf04079bc2,2137,master,passed,2293,2020-09-03 08:30:49 UTC,723698913,723698914,723698915,pull_request
723698184,dddbbeff8c32cf690d7d746fd6500e8e929073d0,2131,master,passed,2306,2020-09-03 08:29:13 UTC,723698185,723698186,723698187,pull_request
723696869,3d5e5cd9b0eb6f27f6929b4d7eb5a15aa0e70b5e,2125,master,passed,2191,2020-09-03 08:26:53 UTC,723696870,723696871,723696872,pull_request
723694117,9a50cb717f3fa72fe40cbc225eb3ffe8244efe08,2137,master,canceled,0,,723694118,723694119,723694120,pull_request
723683838,103430bcc76ed1a7cbab6861ecdd39814cf4ef83,,master,passed,2303,2020-09-03 06:29:36 UTC,723683839,723683840,723683841,push
723683111,734a7acd4cef2e3c2ef529844cf34e9fa8173aea,,master,passed,2203,2020-09-03 06:23:10 UTC,723683112,723683113,723683114,push
723682154,e9f926165c035ff62942dea318c5820ed69c1124,,master,passed,2315,2020-09-03 06:15:56 UTC,723682155,723682156,723682157,push
723654162,1089126e650f7fe897809cbe6b45f28b4e933c89,2129,master,passed,2279,2020-09-03 03:05:13 UTC,723654163,723654164,723654165,pull_request
723619519,82f34b2bb27fd068bddcce7852bd3c7f983f08d1,2132,master,passed,2255,2020-09-02 23:17:43 UTC,723619520,723619521,723619522,pull_request
723618053,175851b033bc94d3df0e883839b4be6ed8405d19,,master,passed,2315,2020-09-02 23:09:58 UTC,723618054,723618055,723618056,push
723606015,1dc6a94751644d8d3a2d30fe63ec7ca6cf75b170,2136,master,passed,2318,2020-09-02 22:18:09 UTC,723606016,723606017,723606018,pull_request
723605197,61f51691dbfb81059f76f96a4fdcf728139ba12e,2136,master,canceled,0,,723605198,723605199,723605200,pull_request
723599988,619e8f8a151504c9a6d222fb12b92d944f224783,2136,master,canceled,0,,723599990,723599992,723599993,pull_request
723592377,2bf22e0935e49688be400d97d1ef1faa1b17b613,2136,master,failed,1847,2020-09-02 21:32:17 UTC,723592378,723592379,723592380,pull_request
723583997,c1a00ee18523da7f8d339262adcf2fb3ed41889c,2136,master,canceled,0,,723583998,723583999,723584000,pull_request
723582171,710cec9fea840821363d8dbfb23c582bc5818bd2,2136,master,canceled,0,,723582172,723582173,723582174,pull_request
723576904,fa6e3cde00ce1f099d5015b35f7e7bd3e6ea2d19,2135,master,passed,2455,2020-09-02 20:39:39 UTC,723576905,723576906,723576907,pull_request
723574258,8ac44dd210282ea28ba823bed0b775a9c5703f28,2134,master,passed,2308,2020-09-02 20:04:27 UTC,723574259,723574260,723574261,pull_request
723549614,be2691f0c3274983782f9207eed898a15fe56494,2133,master,failed,713,2020-09-02 18:40:55 UTC,723549615,723549616,723549617,pull_request
723496828,3843900c7035e3a1433520147f473b49c71b1138,2132,master,failed,1363,2020-09-02 16:05:52 UTC,723496829,723496830,723496831,pull_request
723441732,9c957d71af4559eb043e19f353ace150ce9c2148,1929,master,passed,2330,2020-09-02 13:43:46 UTC,723441733,723441734,723441735,pull_request
723439973,9f7f61cf6b0118a7a192b50ca28375e3a48ebb07,1929,master,canceled,0,,723439974,723439975,723439976,pull_request
723433529,f1b2955666b6b3779b2f8f62c80d1db7e1c02eba,1929,master,failed,2311,2020-09-02 13:23:19 UTC,723433530,723433531,723433532,pull_request
723424616,a71a3e5fa9afa3177607d99915f9a28fe1a2335b,2109,master,passed,2421,2020-09-02 12:44:06 UTC,723424617,723424618,723424619,pull_request
723422849,9f13ba9019161706298d09a8ecaa8846aae6ced6,2127,master,passed,2284,2020-09-02 12:43:03 UTC,723422850,723422851,723422852,pull_request
723416767,c5a229c63d323d6b39500e4de6281fe26298b8a2,2109,master,passed,2306,2020-09-02 12:09:07 UTC,723416768,723416769,723416770,pull_request
723402470,5bd538f34d17355973c9c468bfe293b45b484170,2128,master,passed,2368,2020-09-02 11:12:30 UTC,723402471,723402472,723402473,pull_request
723400434,5b56dd8fa8e9406be65bc9a936758ac21a6e18d3,2127,master,failed,1315,2020-09-02 11:00:56 UTC,723400435,723400436,723400437,pull_request
723400354,b858eafabc5ef74c6a2aad2185c6e672a26a70f7,2127,master,canceled,0,,723400355,723400356,723400357,pull_request
723399985,daff81643b3d5a6d46f9e24e98a5101c03ebb545,2127,master,canceled,0,,723399986,723399987,723399988,pull_request
723397856,f427121cbac24332c77dc9d26cf6bea99cfacf8b,2109,master,passed,2368,2020-09-02 10:49:39 UTC,723397857,723397858,723397859,pull_request
723389691,c46db4d8eff0750b9ab699e95f915d400c9b5f22,2109,master,failed,2300,2020-09-02 09:58:11 UTC,723389692,723389693,723389694,pull_request
723386233,44aa3edfdc294498ada2a75bcf414ef1133890b4,2130,master,passed,2314,2020-09-02 09:45:44 UTC,723386234,723386235,723386236,pull_request
723373623,bdf45dbda9c989a2b1c70789ba8c22dd6e736b8c,2131,master,passed,2291,2020-09-02 09:10:24 UTC,723373624,723373625,723373626,pull_request
723351238,12cb421465e193f20db8b474ad368a3916d3d6ef,2127,master,passed,2314,2020-09-02 07:13:22 UTC,723351239,723351240,723351241,pull_request
723345591,adaa428fba7c7b1decf8675f9d6c753a22fa443e,2126,master,passed,2277,2020-09-02 06:49:32 UTC,723345592,723345593,723345594,pull_request
723340600,a85a5d527395512ad8901705ec5957f3399fafe2,2130,master,passed,2287,2020-09-02 06:41:57 UTC,723340601,723340602,723340603,pull_request
723317168,592aad6e278299e5afbe3fa4706015fd6869f907,2127,master,passed,2323,2020-09-02 03:42:50 UTC,723317169,723317170,723317171,pull_request
723315705,1d28b5a9d281f26f08c2420d5f79a97133f5777a,2117,master,passed,2326,2020-09-02 03:34:02 UTC,723315706,723315707,723315708,pull_request
723310775,3b32ed26e4c4065dd11ca64989270b2a42f8b712,2126,master,passed,2364,2020-09-02 02:58:46 UTC,723310776,723310777,723310778,pull_request
723306747,9b286bb4df5f049b9f631a0a1f31b24e1117f947,2126,master,failed,1312,2020-09-02 02:34:18 UTC,723306748,723306749,723306750,pull_request
723244986,5a563b54da0022d30e9c039d96aadc1ab0793703,1929,master,failed,1458,2020-09-01 21:41:41 UTC,723244987,723244988,723244989,pull_request
723242595,10f909bfaf5b3898969b08abd08b29765aecd620,1929,master,failed,945,2020-09-01 21:33:36 UTC,723242596,723242597,723242598,pull_request
723142752,6ccc47b634cf121138c0924d4874bd5ac29b4ded,1929,master,failed,956,2020-09-01 17:48:03 UTC,723142753,723142754,723142755,pull_request
723055515,4ae89c42b72ead93280616e6e4bba070aba63d20,2129,master,passed,2289,2020-09-01 13:45:02 UTC,723055516,723055517,723055518,pull_request
723054314,66e9e3ab12b8296be494d0118f931ea20f4fd69b,2129,master,canceled,0,,723054315,723054316,723054317,pull_request
723016692,be6ec12cd5eb9d5419315a9b3f632e34f20b301c,2128,master,passed,2283,2020-09-01 10:07:51 UTC,723016693,723016694,723016695,pull_request
723003383,88d18185e6177c9df587bdd23dd4049f59adc2e4,,master,passed,2325,2020-09-01 08:14:01 UTC,723003384,723003385,723003386,push
722983417,9a92e88472440f40b2f90592d9967aac4c003e37,2126,master,passed,2274,2020-09-01 06:48:49 UTC,722983418,722983419,722983420,pull_request
722968625,1d05e9c78c771a4c45a5a35698e3a11c4f11a109,2124,master,passed,2301,2020-09-01 05:22:54 UTC,722968626,722968627,722968628,pull_request
722965448,22d97d0c6f65c35c9f0070d235bbd90804c59044,2125,master,passed,2243,2020-09-01 05:06:32 UTC,722965449,722965450,722965451,pull_request
722965000,5708b7d3857b9e1e4a1554ccc279c76d172eb420,2125,master,passed,2223,2020-09-01 05:04:45 UTC,722965001,722965005,722965006,pull_request
722963720,614a4f6ecae04992f6d97a875ff0e6088898edb0,2127,master,passed,2397,2020-09-01 05:00:32 UTC,722963721,722963722,722963723,pull_request
722962787,0857b1f2c996417948cef8a448140a445a28e6d4,2127,master,canceled,0,,722962788,722962789,722962790,pull_request
722955698,2515d94feea21ee2c8ac2a6f6e3957f662e66ea6,2126,master,passed,2338,2020-09-01 03:59:07 UTC,722955699,722955700,722955701,pull_request
722953793,62ffc23731178033cc9a30daea5bb4b0ebe8621e,2125,master,passed,2240,2020-09-01 03:43:12 UTC,722953794,722953795,722953796,pull_request
722952488,314f3e31e827e02a73c67e1a2485a97593f297d5,2125,master,failed,926,2020-09-01 03:34:50 UTC,722952489,722952490,722952491,pull_request
722910806,e1a773d2fa82a7db04e39f8f4b3d64313d9f6caf,1929,master,failed,950,2020-08-31 23:30:39 UTC,722910807,722910808,722910809,pull_request
722900988,ccc1c7f8070cd63ed10d233716feaea79daf028f,1929,master,failed,961,2020-08-31 23:00:28 UTC,722900989,722900990,722900991,pull_request
722899733,f94fada7b45041ebb5853543e7b92c35544be4d0,1929,master,failed,956,2020-08-31 22:52:58 UTC,722899734,722899735,722899736,pull_request
722884237,ed369d99391898588a493d612b0c54a2b9c65ebb,2117,master,passed,2351,2020-08-31 21:49:38 UTC,722884238,722884239,722884240,pull_request
722849412,039cb85d0e691a301f79ef1b2b243f677192e0cb,2124,master,passed,2374,2020-08-31 19:40:44 UTC,722849413,722849414,722849415,pull_request
722734630,86b83070b053abe9514a5123ccff2c61d2c38df5,1929,master,passed,2403,2020-08-31 13:29:09 UTC,722734631,722734632,722734633,pull_request
722719410,6cff9a704d0ebb91aa15442112b3d5f8a1507584,1929,master,passed,2341,2020-08-31 12:36:23 UTC,722719411,722719412,722719413,pull_request
722699035,670007175eb311c526f7b07e86271529a4265d3e,1929,master,passed,2360,2020-08-31 10:47:21 UTC,722699036,722699037,722699038,pull_request
722689008,52b44bbe6deeb09ef591cf73051cba446f222057,1929,master,failed,781,2020-08-31 10:01:55 UTC,722689009,722689010,722689011,pull_request
722580232,b4032a8c2c54edbda69212008db063b6ca721a1d,1929,master,failed,820,2020-08-30 23:40:25 UTC,722580233,722580234,722580235,pull_request
722580019,58d2165b703994c272ee738fa027976b615c776a,1929,master,failed,855,2020-08-30 23:38:40 UTC,722580021,722580023,722580024,pull_request
722577798,1e9e443ce0336c140c9fa45f8a70f376001c13ec,1929,master,failed,761,2020-08-30 23:21:59 UTC,722577799,722577800,722577801,pull_request
722577085,5d0e92a3814c13c53176450b3429d8a576285c59,1929,master,failed,781,2020-08-30 23:14:54 UTC,722577086,722577087,722577088,pull_request
722576667,01a1b44c29448dd7cf1ccd69045e4e67cee549c7,1929,master,failed,819,2020-08-30 23:11:33 UTC,722576668,722576669,722576670,pull_request
722575003,5dfca4d4d9d375494999d8013df573dfc087e0d0,1929,master,failed,826,2020-08-30 22:59:43 UTC,722575004,722575005,722575006,pull_request
722573718,60b08a1f13cc6af678af72ebf3fe0d724cc79911,1929,master,failed,787,2020-08-30 22:46:12 UTC,722573719,722573720,722573721,pull_request
722573217,3f9de44f8b840de03ac5538f269b5db66594d449,1929,master,failed,732,2020-08-30 22:41:31 UTC,722573218,722573219,722573220,pull_request
722570332,04af53d8ca0838abf1993efb77f37f29209bb379,1929,master,failed,834,2020-08-30 22:20:39 UTC,722570333,722570334,722570335,pull_request
722570306,f0aff98b92f0c681820829f839fc3f181763e49a,,master,passed,2207,2020-08-30 22:20:25 UTC,722570307,722570308,722570309,push
722507398,490f923d840af4eb8eefdbfa2cb144ea0dd805d4,1929,master,failed,709,2020-08-30 16:14:47 UTC,722507399,722507400,722507401,pull_request
722479238,f48483aad513cdc873b904e29863fc07732ecd90,1929,master,failed,634,2020-08-30 14:30:21 UTC,722479239,722479240,722479241,pull_request
722475604,d06426da05a26a0de8f8deca1d4fc07df2ad76e4,1929,master,errored,646,2020-08-30 14:11:22 UTC,722475605,722475606,722475607,pull_request
722475161,d9f96214577be71f8396be70451b2e21a10d1c5a,1929,master,failed,780,2020-08-30 14:08:00 UTC,722475162,722475163,722475164,pull_request
722471583,cf9932914bdeffbb1e96fa9464a476663eed6046,,master,passed,2332,2020-08-30 13:40:44 UTC,722471584,722471585,722471586,push
722401092,35c870a5a5af4de52893919cc76a0f8f7ff63f6e,2124,master,failed,2254,2020-08-30 01:35:22 UTC,722401093,722401094,722401095,pull_request
722379691,7a8caab97b172bb3dc653d430a31fbca2e6475e6,1929,master,failed,616,2020-08-29 22:38:53 UTC,722379692,722379693,722379694,pull_request
722376126,76c9888af960678666c39b108762f97ceefee074,1929,master,failed,775,2020-08-29 22:13:54 UTC,722376127,722376128,722376129,pull_request
722368430,9eca6a530b5ac526ff627559873bd07d8c42afe6,2124,master,passed,2372,2020-08-29 21:36:14 UTC,722368431,722368432,722368433,pull_request
722152943,b0782e11e1fed464b1fb54092163a31df726d328,2124,master,passed,2329,2020-08-28 21:10:39 UTC,722152944,722152945,722152946,pull_request
721963345,99e3edf7362476b91be0f488f08f9a8547a4d3b8,2120,master,passed,2203,2020-08-28 09:55:31 UTC,721963346,721963347,721963348,pull_request
721941450,98d3bd8f22ce9efa2a29c7e872442fd97911122f,2120,master,failed,919,2020-08-28 08:52:06 UTC,721941451,721941452,721941453,pull_request
721933117,425f170a9b0589cb7f693e93cbcd044e9ab98c75,,master,passed,2214,2020-08-28 08:14:51 UTC,721933118,721933119,721933120,push
721616973,c4746047f9b080f89c744f586e2e3a6b6aad1713,2121,master,passed,2330,2020-08-27 08:36:05 UTC,721616974,721616975,721616976,pull_request
721613790,0f5d6b09a932bdc6703b658e159aae5be8cc14ba,2121,master,failed,928,2020-08-27 08:23:32 UTC,721613791,721613792,721613793,pull_request
721371916,2de9224ab9affa0fafde5544f8ade0c941abaf66,2122,master,passed,2267,2020-08-26 15:11:38 UTC,721371917,721371918,721371919,pull_request
721371247,cc55f4f436ea10d038d2add48b5f73249f30af25,2122,master,canceled,0,,721371248,721371249,721371250,pull_request
721354641,b2323c480323f1b4aec52d92ca7f9d500e97709f,2122,master,passed,2368,2020-08-26 14:18:29 UTC,721354642,721354643,721354644,pull_request
721353476,54afee20364e283dd1b18e641bbb3d59e52ee60c,2122,master,canceled,0,,721353477,721353478,721353479,pull_request
721332764,5ee92f8c46494bff26e6a02afb8d8845f5c66689,2118,master,passed,2427,2020-08-26 13:30:00 UTC,721332765,721332766,721332767,pull_request
721258945,e80bf74c30189871793e4d7735b7ffadd345f091,2121,master,passed,2305,2020-08-26 07:55:29 UTC,721258946,721258947,721258948,pull_request
721258175,44fd048e8c33425eb3ae5d509100cf309e220b49,2121,master,passed,2352,2020-08-26 07:51:52 UTC,721258176,721258177,721258178,pull_request
721250408,02c7388b44cc904bcc3c3a0ebb7b5a798a7cc155,2121,master,failed,916,2020-08-26 07:12:40 UTC,721250409,721250410,721250411,pull_request
721247225,012dc55f4c42f69ed5ecded2dba63e5a9d6f0e19,2121,master,failed,1391,2020-08-26 06:57:12 UTC,721247226,721247227,721247228,pull_request
720888722,3f9ca45dad2f84d389804c86f78ba7406a8759d7,2116,master,passed,2305,2020-08-25 06:18:32 UTC,720888723,720888724,720888725,pull_request
720875345,710f0133e18635b7a9ef4b6bc277fab758934d3b,2116,master,failed,1326,2020-08-25 05:15:33 UTC,720875346,720875347,720875348,pull_request
720874758,cbe87d5e25927567f905dc580f6fe19f7ac294bb,2116,master,canceled,0,,720874759,720874760,720874761,pull_request
720874000,fe67d39125e15be1a062637621372ec36b357b52,2116,master,failed,867,2020-08-25 04:24:09 UTC,720874001,720874002,720874003,pull_request
720866209,401b01897b9a3b588d38acb6459411c5f7805776,,master,passed,2337,2020-08-25 03:28:43 UTC,720866210,720866211,720866212,push
720865326,4771bf56bc3c3d627b8bea68f2b290d6f97cfd6d,2120,master,passed,2342,2020-08-25 03:22:02 UTC,720865327,720865328,720865329,pull_request
720863522,208ba43b71fb4836ca71aee46311a99150d113d8,2120,master,failed,865,2020-08-25 03:09:55 UTC,720863523,720863524,720863525,pull_request
720861146,e527da70ffe470b7ad8b441835901757f76f6b6d,2120,master,failed,881,2020-08-25 02:54:30 UTC,720861147,720861148,720861149,pull_request
720852077,468b111b3cae44efd31e60c4bafe0018c8821e9a,,master,passed,2326,2020-08-25 01:57:46 UTC,720852078,720852079,720852080,push
720810847,d424fd438a356f0fe455ce4703807dd8f26002c9,2006,master,passed,2455,2020-08-24 23:32:58 UTC,720810848,720810849,720810850,pull_request
720755263,0ced576d3b1b0a9ca01e8999607b133501dbe778,2119,master,passed,2361,2020-08-24 19:54:23 UTC,720755264,720755265,720755266,pull_request
720729078,75a61e1ee2051290db7ecd3a12dae1b70dc7a14a,2006,master,failed,2344,2020-08-24 18:37:20 UTC,720729079,720729080,720729081,pull_request
720595355,e6e8e387aecf9312c1298ec37fce90ed8008b14e,2116,master,errored,1524,2020-08-24 10:32:26 UTC,720595356,720595357,720595359,pull_request
720584441,672ed7a1d0dbf87760d37e52b424f16bc8c43b4d,,master,errored,1577,2020-08-24 09:42:10 UTC,720584442,720584443,720584444,push
720567663,62e442b68d38538954f7cc0825786f3c7ff88063,2107,master,errored,1568,2020-08-24 08:11:43 UTC,720567664,720567665,720567666,pull_request
720557326,5a8dbf8c7d88e1c9aa8751d2be0ef9540687d485,2116,master,errored,1599,2020-08-24 07:15:07 UTC,720557327,720557328,720557329,pull_request
720557162,79f0fa2bdf260825310c2419ea5931cfd686f1a2,2107,master,errored,1410,2020-08-24 07:14:03 UTC,720557163,720557164,720557165,pull_request
720548189,0d5bdfe9a5132773b296ec8ea3848a87a0a86636,2116,master,errored,1569,2020-08-24 06:49:50 UTC,720548190,720548191,720548192,pull_request
720547893,7844a01b7747cf2abf4cdb2768e45e2262257636,2110,master,errored,1558,2020-08-24 06:48:22 UTC,720547894,720547895,720547896,pull_request
720524808,58670afbb5ae987c1c0dec8f6332cc17406f4d3f,2117,master,errored,1869,2020-08-24 04:09:47 UTC,720524809,720524810,720524811,pull_request
720437168,9cf829bc28113ba01f3ee0c826b502143478680e,,master,passed,2525,2020-08-23 18:48:20 UTC,720437169,720437170,720437171,push
720365824,6a809095e88122afe8d779f359c01033f1a1c3bb,2118,master,passed,2203,2020-08-23 12:06:57 UTC,720365825,720365826,720365827,pull_request
720335096,eed16558a9dc1fa63aba5b5d8f5a9ebd33b55a63,2117,master,passed,2299,2020-08-23 06:43:27 UTC,720335097,720335098,720335099,pull_request
720287745,39dba06ecc4dec7b6c40edccbbcabcf2a21ba31e,,master,passed,2255,2020-08-22 22:34:03 UTC,720287746,720287747,720287748,push
720257852,019c3746b9b81562aa615de1aa71f7d7467aead4,,master,passed,2210,2020-08-22 19:14:27 UTC,720257853,720257854,720257855,push
720252739,0eaf56b569ce21bffbe8cbbf9940bfe7acba8953,,master,failed,618,2020-08-22 18:46:13 UTC,720252740,720252741,720252742,push
720152751,c2a73dfa9f9e333712e143aa3fdfc46e11445f06,2116,master,passed,2309,2020-08-22 08:34:37 UTC,720152752,720152753,720152754,pull_request
719900592,4e717335d1b5f09f25cb2bce1449c016da346e4f,2116,master,failed,1401,2020-08-21 11:21:01 UTC,719900593,719900594,719900595,pull_request
719899335,32e63ed94cb11812c0211922dd95644a37631bdf,2116,master,failed,1360,2020-08-21 11:16:34 UTC,719899336,719899337,719899338,pull_request
719898417,80f415493fd7688bed84fa35416ea32d2d67c5bf,2116,master,canceled,0,,719898419,719898428,719898429,pull_request
719896105,785d6bbed00ad8a9be4f11c3bd814edfcb3206cd,2116,master,canceled,0,,719896106,719896107,719896108,pull_request
719895501,1e262dc0a15ce1395bc8ebbf695d75dcb1cd8031,2116,master,canceled,0,,719895502,719895503,719895504,pull_request
719895369,623b978c51327e864f0647c69cbbd9e442c961ee,2116,master,canceled,0,,719895370,719895371,719895372,pull_request
719892318,fa9370185377c369b6ac0c270749bc0ec7e59ddb,2116,master,canceled,0,,719892319,719892320,719892321,pull_request
719890772,187366cc2ccefb15f9ea77c388093117d3ec1132,2116,master,canceled,0,,719890773,719890774,719890775,pull_request
719873962,57abf8a958580f0e7f14ce9ca4fbbc1bff1879bf,2116,master,failed,912,2020-08-21 09:40:02 UTC,719873963,719873964,719873965,pull_request
719873114,6ab4c42d55097dfeb1f5787c439213da68d73258,2116,master,canceled,0,,719873115,719873116,719873117,pull_request
719868818,29ee50dc799cf5b57c525c046495a7895bd06b05,2116,master,canceled,0,,719868819,719868820,719868821,pull_request
719843899,eab043f4ef43112c16a9f6708e6c53a15b1cfbe0,,master,passed,2488,2020-08-21 06:30:46 UTC,719843900,719843901,719843902,push
719771212,314f5f6fc73b9e99abfdd4227413e4cf44e40741,,master,failed,2355,2020-08-20 22:55:45 UTC,719771213,719771214,719771215,push
719770694,f455b86873af113aa246311ce200ab9f6a4c6a77,2115,master,errored,74,2020-08-20 22:54:26 UTC,719770695,719770696,719770697,pull_request
719770392,e11c7b06395b3b94eb44c633eedb64f9a77a76fd,2115,master,canceled,0,,719770393,719770394,719770395,pull_request
719656235,622edef9d68ddbad5fa568d2f84313f80769cca1,2115,master,passed,2453,2020-08-20 16:08:48 UTC,719656236,719656237,719656238,pull_request
